Oscilloscope data. 
Time step = 10,00 nS
Voltage step = 1,563 mV
Zero level = 94

N 	Smpl.	Trig

0	119	0
1	144	0
2	170	0
3	193	0
4	206	0
5	215	0
6	214	0
7	201	0
8	178	0
9	150	0
10	118	0
11	86	0
12	62	0
13	51	0
14	49	0
15	50	0
16	52	0
17	54	0
18	58	0
19	78	0
20	111	0
21	143	0
22	171	0
23	193	0
24	208	0
25	217	0
26	218	0
27	205	0
28	182	0
29	152	0
30	120	0
31	89	0
32	62	0
33	50	0
34	49	0
35	51	0
36	53	0
37	54	0
38	57	0
39	76	0
40	109	0
41	142	0
42	171	0
43	194	0
44	209	0
45	219	0
46	221	0
47	210	0
48	187	0
49	157	0
50	122	0
51	89	0
52	62	0
53	49	0
54	48	0
55	50	0
56	52	0
57	54	0
58	56	0
59	72	0
60	106	0
61	140	0
62	170	0
63	194	0
64	210	0
65	220	0
66	222	0
67	209	0
68	176	0
69	142	0
70	112	0
71	82	0
72	61	0
73	49	0
74	49	0
75	52	0
76	53	0
77	54	0
78	60	0
79	84	0
80	114	0
81	123	0
82	117	0
83	117	0
84	116	0
85	115	0
86	115	0
87	115	0
88	114	0
89	114	0
90	114	0
91	113	0
92	114	0
93	114	0
94	114	0
95	113	0
96	113	0
97	113	0
98	112	0
99	113	0
100	114	0
101	113	0
102	113	0
103	114	0
104	114	0
105	114	0
106	114	0
107	114	0
108	114	0
109	113	0
110	114	0
111	113	0
112	113	0
113	114	0
114	115	0
115	114	0
116	114	0
117	113	0
118	114	0
119	113	0
120	114	0
121	113	0
122	114	0
123	115	0
124	114	0
125	114	0
126	114	0
127	114	0
128	114	0
129	114	0
130	114	0
131	114	0
132	113	0
133	113	0
134	114	0
135	113	0
136	114	0
137	115	0
138	114	0
139	114	0
140	113	0
141	115	0
142	115	0
143	114	0
144	114	0
145	115	0
146	114	0
147	114	0
148	114	0
149	114	0
150	115	0
151	114	0
152	114	0
153	113	0
154	113	0
155	114	0
156	114	0
157	114	0
158	114	0
159	114	0
160	114	0
161	114	0
162	113	0
163	115	0
164	114	0
165	114	0
166	114	0
167	114	0
168	113	0
169	114	0
170	114	0
171	114	0
172	114	0
173	114	0
174	113	0
175	114	0
176	114	0
177	114	0
178	113	0
179	115	0
180	114	0
181	113	0
182	114	0
183	114	0
184	114	0
185	114	0
186	114	0
187	114	0
188	114	0
189	114	0
190	114	0
191	114	0
192	114	0
193	114	0
194	114	0
195	114	0
196	115	0
197	114	0
198	115	0
199	114	0
200	113	0
201	115	0
202	115	0
203	115	0
204	114	0
205	115	0
206	114	0
207	115	0
208	114	0
209	114	0
210	115	0
211	114	0
212	115	0
213	114	0
214	113	0
215	114	0
216	115	0
217	114	0
218	115	0
219	115	0
220	115	0
221	114	0
222	114	0
223	113	0
224	114	0
225	115	0
226	115	0
227	115	0
228	115	0
229	114	0
230	114	0
231	113	0
232	114	0
233	114	0
234	115	0
235	114	0
236	115	0
237	114	0
238	114	0
239	114	0
240	114	0
241	114	0
242	114	0
243	114	0
244	113	0
245	115	0
246	114	0
247	114	0
248	114	0
249	114	0
250	114	0
251	113	0
252	114	0
253	114	0
254	114	0
255	114	0
256	115	0
257	114	0
258	114	0
259	114	0
260	114	0
261	115	0
262	115	0
263	113	0
264	114	0
265	113	0
266	114	0
267	114	0
268	114	0
269	114	0
270	115	0
271	114	0
272	114	0
273	115	0
274	114	0
275	114	0
276	115	0
277	114	0
278	115	0
279	114	0
280	114	0
281	114	0
282	114	0
283	115	0
284	115	0
285	114	0
286	115	0
287	115	0
288	114	0
289	114	0
290	115	0
291	114	0
292	114	0
293	115	0
294	114	0
295	115	0
296	113	0
297	114	0
298	114	0
299	114	0
300	115	0
301	115	0
302	115	0
303	114	0
304	114	0
305	114	0
306	114	0
307	114	0
308	115	0
309	115	0
310	113	0
311	114	0
312	115	0
313	115	0
314	115	0
315	115	0
316	115	0
317	114	0
318	114	0
319	114	0
320	114	0
321	114	0
322	114	0
323	114	0
324	114	0
325	114	0
326	114	0
327	115	0
328	114	0
329	115	0
330	115	0
331	114	0
332	114	0
333	114	0
334	115	0
335	114	0
336	115	0
337	114	0
338	114	0
339	114	0
340	114	0
341	115	0
342	115	0
343	114	0
344	114	0
345	115	0
346	115	0
347	114	0
348	114	0
349	115	0
350	115	0
351	114	0
352	114	0
353	114	0
354	115	0
355	113	0
356	114	0
357	114	0
358	116	0
359	115	0
360	114	0
361	115	0
362	114	0
363	115	0
364	115	0
365	115	0
366	115	0
367	115	0
368	115	0
369	115	0
370	115	0
371	114	0
372	114	0
373	114	0
374	114	0
375	115	0
376	114	0
377	115	0
378	115	0
379	114	0
380	115	0
381	115	0
382	115	0
383	114	0
384	113	0
385	115	0
386	114	0
387	114	0
388	115	0
389	115	0
390	115	0
391	115	0
392	115	0
393	114	0
394	114	0
395	115	0
396	115	0
397	114	0
398	115	0
399	115	0
400	115	0
401	115	0
402	115	0
403	114	0
404	114	0
405	115	0
406	114	0
407	114	0
408	115	0
409	114	0
410	114	0
411	115	0
412	114	0
413	115	0
414	115	0
415	115	0
416	115	0
417	115	0
418	115	0
419	114	0
420	115	0
421	115	0
422	114	0
423	114	0
424	115	0
425	115	0
426	114	0
427	114	0
428	115	0
429	115	0
430	114	0
431	114	0
432	114	0
433	115	0
434	115	0
435	114	0
436	115	0
437	114	0
438	115	0
439	114	0
440	114	0
441	115	0
442	115	0
443	114	0
444	114	0
445	114	0
446	115	0
447	114	0
448	115	0
449	114	0
450	115	0
451	115	0
452	115	0
453	115	0
454	114	0
455	115	0
456	114	0
457	114	0
458	114	0
459	114	0
460	114	0
461	115	0
462	115	0
463	114	0
464	115	0
465	114	0
466	114	0
467	114	0
468	115	0
469	114	0
470	114	0
471	114	0
472	115	0
473	115	0
474	115	0
475	115	0
476	115	0
477	115	0
478	114	0
479	115	0
480	115	0
481	115	0
482	115	0
483	115	0
484	115	0
485	115	0
486	114	0
487	114	0
488	114	0
489	114	0
490	114	0
491	115	0
492	115	0
493	114	0
494	114	0
495	115	0
496	114	0
497	115	0
498	115	0
499	115	0
500	115	0
501	115	0
502	114	0
503	114	0
504	115	0
505	114	0
506	115	0
507	115	0
508	114	0
509	115	0
510	115	0
511	115	0
512	114	0
513	114	0
514	115	0
515	115	0
516	114	0
517	115	0
518	115	0
519	114	0
520	114	0
521	114	0
522	114	0
523	113	0
524	114	0
525	113	0
526	113	0
527	112	0
528	113	0
529	113	0
530	112	0
531	113	0
532	114	0
533	114	0
534	113	0
535	114	0
536	114	0
537	114	0
538	114	0
539	114	0
540	115	0
541	114	0
542	114	0
543	114	0
544	115	0
545	115	0
546	115	0
547	114	0
548	115	0
549	115	0
550	115	0
551	115	0
552	115	0
553	115	0
554	114	0
555	114	0
556	114	0
557	114	0
558	115	0
559	115	0
560	114	0
561	115	0
562	115	0
563	115	0
564	115	0
565	115	0
566	114	0
567	115	0
568	115	0
569	115	0
570	115	0
571	115	0
572	114	0
573	114	0
574	115	0
575	115	0
576	115	0
577	114	0
578	114	0
579	114	0
580	115	0
581	114	0
582	114	0
583	114	0
584	115	0
585	115	0
586	115	0
587	114	0
588	114	0
589	114	0
590	115	0
591	114	0
592	115	0
593	114	0
594	115	0
595	114	0
596	115	0
597	114	0
598	115	0
599	114	0
600	115	0
601	115	0
602	114	0
603	115	0
604	115	0
605	114	0
606	114	0
607	115	0
608	115	0
609	113	0
610	115	0
611	114	0
612	115	0
613	115	0
614	114	0
615	114	0
616	114	0
617	115	0
618	114	0
619	115	0
620	115	0
621	115	0
622	114	0
623	114	0
624	114	0
625	114	0
626	115	0
627	115	0
628	114	0
629	114	0
630	114	0
631	114	0
632	115	0
633	115	0
634	115	0
635	114	0
636	115	0
637	115	0
638	114	0
639	115	0
640	114	0
641	114	0
642	114	0
643	114	0
644	115	0
645	115	0
646	115	0
647	114	0
648	115	0
649	114	0
650	114	0
651	114	0
652	114	0
653	115	0
654	115	0
655	115	0
656	114	0
657	115	0
658	115	0
659	114	0
660	115	0
661	113	0
662	114	0
663	113	0
664	114	0
665	115	0
666	114	0
667	115	0
668	115	0
669	114	0
670	114	0
671	115	0
672	114	0
673	115	0
674	115	0
675	115	0
676	115	0
677	115	0
678	114	0
679	114	0
680	115	0
681	114	0
682	114	0
683	115	0
684	114	0
685	115	0
686	115	0
687	115	0
688	114	0
689	115	0
690	115	0
691	115	0
692	114	0
693	115	0
694	115	0
695	115	0
696	114	0
697	115	0
698	115	0
699	114	0
700	114	0
701	115	0
702	115	0
703	115	0
704	115	0
705	115	0
706	115	0
707	114	0
708	114	0
709	115	0
710	115	0
711	115	0
712	114	0
713	114	0
714	114	0
715	114	0
716	115	0
717	115	0
718	115	0
719	115	0
720	115	0
721	114	0
722	114	0
723	114	0
724	114	0
725	114	0
726	115	0
727	114	0
728	115	0
729	115	0
730	114	0
731	113	0
732	114	0
733	114	0
734	114	0
735	114	0
736	115	0
737	115	0
738	114	0
739	114	0
740	114	0
741	114	0
742	115	0
743	115	0
744	114	0
745	115	0
746	114	0
747	114	0
748	114	0
749	114	0
750	115	0
751	115	0
752	114	0
753	115	0
754	115	0
755	115	0
756	115	0
757	115	0
758	115	0
759	114	0
760	115	0
761	114	0
762	114	0
763	114	0
764	115	0
765	114	0
766	114	0
767	115	0
768	114	0
769	114	0
770	115	0
771	114	0
772	115	0
773	115	0
774	114	0
775	115	0
776	115	0
777	114	0
778	115	0
779	114	0
780	115	0
781	115	0
782	115	0
783	114	0
784	114	0
785	114	0
786	114	0
787	115	0
788	115	0
789	113	0
790	114	0
791	114	0
792	114	0
793	114	0
794	115	0
795	115	0
796	114	0
797	114	0
798	114	0
799	115	0
800	114	0
801	114	0
802	114	0
803	114	0
804	115	0
805	115	0
806	115	0
807	114	0
808	114	0
809	114	0
810	114	0
811	114	0
812	114	0
813	114	0
814	114	0
815	113	0
816	114	0
817	114	0
818	115	0
819	115	0
820	115	0
821	114	0
822	114	0
823	115	0
824	114	0
825	114	0
826	114	0
827	115	0
828	114	0
829	115	0
830	114	0
831	114	0
832	115	0
833	115	0
834	115	0
835	115	0
836	115	0
837	114	0
838	114	0
839	114	0
840	115	0
841	114	0
842	114	0
843	113	0
844	114	0
845	115	0
846	114	0
847	115	0
848	115	0
849	116	0
850	115	0
851	115	0
852	115	0
853	114	0
854	115	0
855	115	0
856	114	0
857	114	0
858	115	0
859	115	0
860	114	0
861	115	0
862	114	0
863	114	0
864	114	0
865	115	0
866	115	0
867	115	0
868	115	0
869	115	0
870	115	0
871	114	0
872	115	0
873	114	0
874	115	0
875	115	0
876	115	0
877	115	0
878	115	0
879	115	0
880	115	0
881	114	0
882	115	0
883	114	0
884	115	0
885	114	0
886	115	0
887	114	0
888	115	0
889	115	0
890	115	0
891	115	0
892	114	0
893	115	0
894	115	0
895	115	0
896	115	0
897	115	0
898	114	0
899	114	0
900	114	0
901	114	0
902	115	0
903	115	0
904	115	0
905	115	0
906	115	0
907	115	0
908	114	0
909	115	0
910	115	0
911	115	0
912	115	0
913	115	0
914	115	0
915	115	0
916	115	0
917	116	0
918	117	0
919	115	0
920	116	0
921	115	0
922	116	0
923	115	0
924	115	0
925	116	0
926	115	0
927	115	0
928	115	0
929	115	0
930	115	0
931	115	0
932	115	0
933	115	0
934	115	0
935	114	0
936	115	0
937	115	0
938	115	0
939	114	0
940	115	0
941	115	0
942	114	0
943	113	0
944	114	0
945	115	0
946	114	0
947	115	0
948	114	0
949	115	0
950	114	0
951	115	0
952	117	0
953	134	0
954	162	0
955	186	0
956	203	0
957	213	0
958	215	0
959	206	0
960	186	0
961	159	0
962	128	0
963	97	0
964	70	0
965	53	0
966	49	0
967	51	0
968	53	0
969	54	0
970	57	0
971	70	0
972	101	0
973	133	0
974	164	0
975	188	0
976	205	0
977	214	0
978	219	0
979	211	0
980	190	0
981	163	0
982	131	0
983	98	0
984	70	0
985	53	0
986	48	0
987	49	0
988	52	0
989	53	0
990	56	0
991	67	0
992	97	0
993	131	0
994	162	0
995	188	0
996	206	0
997	217	0
998	221	0
999	215	0
1000	195	0
1001	167	0
1002	134	0
1003	101	0
1004	71	0
1005	52	0
1006	48	0
1007	50	0
1008	53	0
1009	54	0
1010	55	0
1011	65	0
1012	94	0
1013	129	0
1014	162	0
1015	187	0
1016	206	0
1017	218	0
1018	222	0
1019	216	0
1020	187	0
1021	153	0
1022	121	0
1023	91	0
1024	66	0
1025	53	0
1026	49	0
1027	51	0
1028	53	0
1029	54	0
1030	57	0
1031	75	0
1032	104	0
1033	124	0
1034	119	0
1035	117	0
1036	117	0
1037	115	0
1038	115	0
1039	115	0
1040	114	0
1041	113	0
1042	113	0
1043	114	0
1044	114	0
1045	113	0
1046	114	0
1047	113	0
1048	114	0
1049	114	0
1050	113	0
1051	114	0
1052	113	0
1053	114	0
1054	113	0
1055	114	0
1056	113	0
1057	114	0
1058	114	0
1059	114	0
1060	114	0
1061	114	0
1062	113	0
1063	113	0
1064	113	0
1065	114	0
1066	114	0
1067	113	0
1068	113	0
1069	114	0
1070	114	0
1071	113	0
1072	114	0
1073	113	0
1074	114	0
1075	114	0
1076	114	0
1077	113	0
1078	113	0
1079	114	0
1080	113	0
1081	114	0
1082	115	0
1083	113	0
1084	114	0
1085	113	0
1086	115	0
1087	114	0
1088	114	0
1089	114	0
1090	114	0
1091	114	0
1092	114	0
1093	114	0
1094	114	0
1095	114	0
1096	114	0
1097	113	0
1098	113	0
1099	114	0
1100	114	0
1101	114	0
1102	114	0
1103	114	0
1104	114	0
1105	114	0
1106	113	0
1107	114	0
1108	114	0
1109	114	0
1110	114	0
1111	115	0
1112	115	0
1113	114	0
1114	114	0
1115	114	0
1116	114	0
1117	114	0
1118	114	0
1119	114	0
1120	114	0
1121	113	0
1122	114	0
1123	115	0
1124	114	0
1125	114	0
1126	115	0
1127	114	0
1128	114	0
1129	114	0
1130	114	0
1131	115	0
1132	114	0
1133	114	0
1134	114	0
1135	114	0
1136	115	0
1137	114	0
1138	114	0
1139	115	0
1140	114	0
1141	114	0
1142	114	0
1143	113	0
1144	115	0
1145	114	0
1146	115	0
1147	114	0
1148	115	0
1149	114	0
1150	114	0
1151	115	0
1152	115	0
1153	114	0
1154	115	0
1155	114	0
1156	114	0
1157	113	0
1158	115	0
1159	115	0
1160	115	0
1161	114	0
1162	114	0
1163	115	0
1164	114	0
1165	114	0
1166	115	0
1167	114	0
1168	115	0
1169	114	0
1170	114	0
1171	114	0
1172	114	0
1173	114	0
1174	114	0
1175	113	0
1176	115	0
1177	114	0
1178	115	0
1179	114	0
1180	115	0
1181	115	0
1182	115	0
1183	114	0
1184	115	0
1185	115	0
1186	115	0
1187	114	0
1188	115	0
1189	115	0
1190	115	0
1191	114	0
1192	114	0
1193	114	0
1194	114	0
1195	114	0
1196	115	0
1197	115	0
1198	115	0
1199	115	0
1200	114	0
1201	115	0
1202	115	0
1203	115	0
1204	114	0
1205	115	0
1206	115	0
1207	115	0
1208	114	0
1209	115	0
1210	114	0
1211	114	0
1212	114	0
1213	114	0
1214	114	0
1215	114	0
1216	114	0
1217	114	0
1218	115	0
1219	115	0
1220	114	0
1221	115	0
1222	115	0
1223	115	0
1224	115	0
1225	114	0
1226	115	0
1227	114	0
1228	115	0
1229	114	0
1230	115	0
1231	114	0
1232	115	0
1233	115	0
1234	114	0
1235	115	0
1236	115	0
1237	115	0
1238	115	0
1239	115	0
1240	114	0
1241	114	0
1242	114	0
1243	114	0
1244	115	0
1245	114	0
1246	114	0
1247	114	0
1248	115	0
1249	115	0
1250	115	0
1251	115	0
1252	115	0
1253	114	0
1254	115	0
1255	115	0
1256	115	0
1257	114	0
1258	115	0
1259	114	0
1260	115	0
1261	115	0
1262	115	0
1263	115	0
1264	115	0
1265	115	0
1266	115	0
1267	114	0
1268	115	0
1269	115	0
1270	114	0
1271	114	0
1272	115	0
1273	115	0
1274	114	0
1275	115	0
1276	114	0
1277	115	0
1278	115	0
1279	115	0
1280	114	0
1281	114	0
1282	114	0
1283	115	0
1284	115	0
1285	115	0
1286	114	0
1287	114	0
1288	115	0
1289	115	0
1290	114	0
1291	115	0
1292	114	0
1293	114	0
1294	114	0
1295	114	0
1296	115	0
1297	115	0
1298	115	0
1299	114	0
1300	114	0
1301	114	0
1302	115	0
1303	114	0
1304	115	0
1305	115	0
1306	114	0
1307	114	0
1308	115	0
1309	115	0
1310	115	0
1311	115	0
1312	114	0
1313	115	0
1314	114	0
1315	115	0
1316	114	0
1317	115	0
1318	114	0
1319	114	0
1320	114	0
1321	115	0
1322	115	0
1323	115	0
1324	115	0
1325	115	0
1326	115	0
1327	115	0
1328	115	0
1329	114	0
1330	115	0
1331	115	0
1332	115	0
1333	114	0
1334	114	0
1335	115	0
1336	115	0
1337	114	0
1338	114	0
1339	114	0
1340	114	0
1341	113	0
1342	115	0
1343	115	0
1344	115	0
1345	114	0
1346	114	0
1347	115	0
1348	114	0
1349	114	0
1350	114	0
1351	114	0
1352	114	0
1353	115	0
1354	115	0
1355	114	0
1356	113	0
1357	114	0
1358	114	0
1359	114	0
1360	115	0
1361	115	0
1362	115	0
1363	114	0
1364	114	0
1365	114	0
1366	114	0
1367	115	0
1368	115	0
1369	115	0
1370	114	0
1371	114	0
1372	115	0
1373	114	0
1374	115	0
1375	114	0
1376	114	0
1377	114	0
1378	114	0
1379	115	0
1380	114	0
1381	114	0
1382	113	0
1383	115	0
1384	114	0
1385	115	0
1386	115	0
1387	114	0
1388	115	0
1389	114	0
1390	115	0
1391	114	0
1392	114	0
1393	115	0
1394	115	0
1395	115	0
1396	115	0
1397	115	0
1398	115	0
1399	114	0
1400	115	0
1401	114	0
1402	114	0
1403	114	0
1404	114	0
1405	115	0
1406	115	0
1407	114	0
1408	114	0
1409	115	0
1410	115	0
1411	114	0
1412	115	0
1413	115	0
1414	115	0
1415	114	0
1416	115	0
1417	114	0
1418	114	0
1419	114	0
1420	115	0
1421	114	0
1422	114	0
1423	115	0
1424	115	0
1425	115	0
1426	115	0
1427	115	0
1428	115	0
1429	115	0
1430	115	0
1431	115	0
1432	115	0
1433	115	0
1434	115	0
1435	115	0
1436	115	0
1437	115	0
1438	115	0
1439	114	0
1440	115	0
1441	115	0
1442	115	0
1443	115	0
1444	115	0
1445	115	0
1446	114	0
1447	114	0
1448	115	0
1449	115	0
1450	115	0
1451	114	0
1452	115	0
1453	115	0
1454	114	0
1455	114	0
1456	115	0
1457	115	0
1458	115	0
1459	115	0
1460	114	0
1461	115	0
1462	114	0
1463	114	0
1464	115	0
1465	115	0
1466	115	0
1467	115	0
1468	114	0
1469	114	0
1470	115	0
1471	115	0
1472	115	0
1473	115	0
1474	114	0
1475	115	0
1476	113	0
1477	113	0
1478	113	0
1479	113	0
1480	113	0
1481	113	0
1482	113	0
1483	114	0
1484	113	0
1485	114	0
1486	114	0
1487	114	0
1488	115	0
1489	115	0
1490	115	0
1491	114	0
1492	115	0
1493	115	0
1494	114	0
1495	115	0
1496	115	0
1497	115	0
1498	115	0
1499	115	0
1500	114	0
1501	114	0
1502	115	0
1503	115	0
1504	115	0
1505	115	0
1506	114	0
1507	113	0
1508	115	0
1509	115	0
1510	114	0
1511	115	0
1512	115	0
1513	114	0
1514	115	0
1515	114	0
1516	115	0
1517	114	0
1518	114	0
1519	115	0
1520	115	0
1521	115	0
1522	115	0
1523	115	0
1524	115	0
1525	115	0
1526	115	0
1527	115	0
1528	115	0
1529	115	0
1530	115	0
1531	114	0
1532	114	0
1533	115	0
1534	115	0
1535	115	0
1536	115	0
1537	115	0
1538	115	0
1539	115	0
1540	115	0
1541	115	0
1542	115	0
1543	115	0
1544	115	0
1545	115	0
1546	113	0
1547	114	0
1548	114	0
1549	114	0
1550	114	0
1551	115	0
1552	115	0
1553	115	0
1554	115	0
1555	114	0
1556	114	0
1557	114	0
1558	114	0
1559	114	0
1560	115	0
1561	114	0
1562	114	0
1563	115	0
1564	114	0
1565	115	0
1566	114	0
1567	114	0
1568	115	0
1569	115	0
1570	114	0
1571	115	0
1572	114	0
1573	115	0
1574	115	0
1575	114	0
1576	114	0
1577	114	0
1578	114	0
1579	114	0
1580	114	0
1581	115	0
1582	114	0
1583	115	0
1584	114	0
1585	114	0
1586	114	0
1587	115	0
1588	115	0
1589	115	0
1590	114	0
1591	114	0
1592	115	0
1593	115	0
1594	115	0
1595	115	0
1596	114	0
1597	115	0
1598	115	0
1599	115	0
1600	114	0
1601	115	0
1602	114	0
1603	115	0
1604	115	0
1605	115	0
1606	115	0
1607	115	0
1608	115	0
1609	115	0
1610	115	0
1611	115	0
1612	114	0
1613	115	0
1614	115	0
1615	114	0
1616	114	0
1617	115	0
1618	115	0
1619	114	0
1620	115	0
1621	114	0
1622	115	0
1623	114	0
1624	115	0
1625	114	0
1626	115	0
1627	115	0
1628	115	0
1629	115	0
1630	115	0
1631	115	0
1632	115	0
1633	115	0
1634	115	0
1635	115	0
1636	115	0
1637	114	0
1638	114	0
1639	113	0
1640	114	0
1641	115	0
1642	115	0
1643	114	0
1644	115	0
1645	115	0
1646	115	0
1647	115	0
1648	115	0
1649	115	0
1650	115	0
1651	115	0
1652	114	0
1653	114	0
1654	114	0
1655	114	0
1656	114	0
1657	115	0
1658	114	0
1659	114	0
1660	114	0
1661	114	0
1662	115	0
1663	115	0
1664	114	0
1665	115	0
1666	114	0
1667	115	0
1668	115	0
1669	115	0
1670	115	0
1671	114	0
1672	115	0
1673	114	0
1674	114	0
1675	114	0
1676	115	0
1677	115	0
1678	115	0
1679	115	0
1680	115	0
1681	114	0
1682	114	0
1683	115	0
1684	114	0
1685	115	0
1686	115	0
1687	114	0
1688	114	0
1689	115	0
1690	115	0
1691	114	0
1692	115	0
1693	115	0
1694	115	0
1695	115	0
1696	115	0
1697	115	0
1698	115	0
1699	115	0
1700	115	0
1701	115	0
1702	114	0
1703	114	0
1704	115	0
1705	115	0
1706	114	0
1707	114	0
1708	114	0
1709	115	0
1710	115	0
1711	115	0
1712	114	0
1713	114	0
1714	115	0
1715	114	0
1716	115	0
1717	114	0
1718	115	0
1719	114	0
1720	115	0
1721	115	0
1722	115	0
1723	115	0
1724	115	0
1725	114	0
1726	114	0
1727	114	0
1728	115	0
1729	114	0
1730	114	0
1731	114	0
1732	114	0
1733	115	0
1734	115	0
1735	115	0
1736	114	0
1737	115	0
1738	115	0
1739	114	0
1740	114	0
1741	115	0
1742	115	0
1743	115	0
1744	115	0
1745	114	0
1746	114	0
1747	114	0
1748	114	0
1749	114	0
1750	115	0
1751	115	0
1752	114	0
1753	115	0
1754	114	0
1755	115	0
1756	114	0
1757	115	0
1758	115	0
1759	115	0
1760	114	0
1761	114	0
1762	115	0
1763	114	0
1764	114	0
1765	115	0
1766	114	0
1767	115	0
1768	115	0
1769	114	0
1770	115	0
1771	115	0
1772	115	0
1773	114	0
1774	115	0
1775	115	0
1776	114	0
1777	114	0
1778	115	0
1779	115	0
1780	114	0
1781	115	0
1782	115	0
1783	115	0
1784	115	0
1785	115	0
1786	115	0
1787	114	0
1788	115	0
1789	114	0
1790	115	0
1791	115	0
1792	115	0
1793	114	0
1794	115	0
1795	115	0
1796	114	0
1797	115	0
1798	114	0
1799	115	0
1800	114	0
1801	115	0
1802	114	0
1803	114	0
1804	114	0
1805	114	0
1806	114	0
1807	115	0
1808	115	0
1809	115	0
1810	115	0
1811	114	0
1812	115	0
1813	114	0
1814	115	0
1815	114	0
1816	115	0
1817	115	0
1818	115	0
1819	114	0
1820	114	0
1821	114	0
1822	114	0
1823	114	0
1824	115	0
1825	115	0
1826	115	0
1827	114	0
1828	115	0
1829	114	0
1830	114	0
1831	114	0
1832	115	0
1833	115	0
1834	115	0
1835	115	0
1836	115	0
1837	115	0
1838	114	0
1839	114	0
1840	115	0
1841	115	0
1842	114	0
1843	115	0
1844	115	0
1845	114	0
1846	114	0
1847	115	0
1848	114	0
1849	115	0
1850	115	0
1851	115	0
1852	115	0
1853	115	0
1854	115	0
1855	115	0
1856	115	0
1857	115	0
1858	115	0
1859	114	0
1860	114	0
1861	115	0
1862	115	0
1863	114	0
1864	115	0
1865	115	0
1866	115	0
1867	116	0
1868	116	0
1869	115	0
1870	115	0
1871	115	0
1872	116	0
1873	115	0
1874	116	0
1875	115	0
1876	115	0
1877	115	0
1878	116	0
1879	115	0
1880	115	0
1881	115	0
1882	115	0
1883	114	0
1884	115	0
1885	114	0
1886	115	0
1887	115	0
1888	115	0
1889	114	0
1890	115	0
1891	115	0
1892	115	0
1893	114	0
1894	114	0
1895	115	0
1896	115	0
1897	114	0
1898	114	0
1899	115	0
1900	114	0
1901	115	0
1902	115	0
1903	114	0
1904	117	0
1905	134	0
1906	163	0
1907	187	0
1908	203	0
1909	214	0
1910	216	0
1911	205	0
1912	185	0
1913	158	0
1914	127	0
1915	96	0
1916	69	0
1917	52	0
1918	48	0
1919	50	0
1920	53	0
1921	53	0
1922	57	0
1923	72	0
1924	102	0
1925	135	0
1926	165	0
1927	188	0
1928	205	0
1929	216	0
1930	220	0
1931	210	0
1932	190	0
1933	162	0
1934	129	0
1935	97	0
1936	69	0
1937	51	0
1938	48	0
1939	50	0
1940	52	0
1941	53	0
1942	56	0
1943	69	0
1944	98	0
1945	133	0
1946	164	0
1947	189	0
1948	206	0
1949	218	0
1950	222	0
1951	214	0
1952	194	0
1953	166	0
1954	133	0
1955	99	0
1956	69	0
1957	51	0
1958	48	0
1959	49	0
1960	51	0
1961	53	0
1962	56	0
1963	65	0
1964	94	0
1965	131	0
1966	163	0
1967	189	0
1968	206	0
1969	218	0
1970	223	0
1971	214	0
1972	186	0
1973	151	0
1974	120	0
1975	90	0
1976	66	0
1977	51	0
1978	49	0
1979	52	0
1980	53	0
1981	54	0
1982	57	0
1983	77	0
1984	106	0
1985	124	0
1986	118	0
1987	117	0
1988	116	0
1989	116	0
1990	115	0
1991	115	0
1992	114	0
1993	114	0
1994	113	0
1995	114	0
1996	113	0
1997	113	0
1998	114	0
1999	113	0
2000	114	0
2001	113	0
2002	113	0
2003	114	0
2004	113	0
2005	113	0
2006	114	0
2007	113	0
2008	113	0
2009	114	0
2010	113	0
2011	113	0
2012	114	0
2013	114	0
2014	113	0
2015	114	0
2016	113	0
2017	114	0
2018	113	0
2019	114	0
2020	114	0
2021	113	0
2022	114	0
2023	114	0
2024	113	0
2025	113	0
2026	113	0
2027	114	0
2028	112	0
2029	114	0
2030	114	0
2031	114	0
2032	114	0
2033	114	0
2034	114	0
2035	114	0
2036	114	0
2037	114	0
2038	114	0
2039	114	0
2040	114	0
2041	114	0
2042	114	0
2043	113	0
2044	114	0
2045	114	0
2046	113	0
2047	114	0
2048	114	0
2049	114	0
2050	114	0
2051	114	0
2052	115	0
2053	114	0
2054	113	0
2055	113	0
2056	113	0
2057	114	0
2058	115	0
2059	115	0
2060	113	0
2061	114	0
2062	114	0
2063	115	0
2064	114	0
2065	113	0
2066	114	0
2067	114	0
2068	114	0
2069	115	0
2070	114	0
2071	115	0
2072	114	0
2073	114	0
2074	114	0
2075	114	0
2076	113	0
2077	114	0
2078	113	0
2079	114	0
2080	114	0
2081	114	0
2082	114	0
2083	115	0
2084	114	0
2085	114	0
2086	113	0
2087	113	0
2088	114	0
2089	114	0
2090	114	0
2091	115	0
2092	114	0
2093	114	0
2094	114	0
2095	114	0
2096	114	0
2097	114	0
2098	114	0
2099	114	0
2100	114	0
2101	115	0
2102	115	0
2103	115	0
2104	114	0
2105	114	0
2106	114	0
2107	114	0
2108	115	0
2109	114	0
2110	114	0
2111	113	0
2112	114	0
2113	115	0
2114	114	0
2115	113	0
2116	114	0
2117	115	0
2118	114	0
2119	115	0
2120	115	0
2121	114	0
2122	114	0
2123	114	0
2124	115	0
2125	115	0
2126	115	0
2127	114	0
2128	114	0
2129	115	0
2130	114	0
2131	114	0
2132	114	0
2133	114	0
2134	114	0
2135	114	0
2136	114	0
2137	114	0
2138	114	0
2139	114	0
2140	114	0
2141	114	0
2142	114	0
2143	115	0
2144	114	0
2145	114	0
2146	114	0
2147	114	0
2148	114	0
2149	115	0
2150	114	0
2151	113	0
2152	114	0
2153	114	0
2154	115	0
2155	115	0
2156	114	0
2157	115	0
2158	115	0
2159	114	0
2160	114	0
2161	115	0
2162	115	0
2163	115	0
2164	115	0
2165	115	0
2166	114	0
2167	115	0
2168	114	0
2169	115	0
2170	114	0
2171	115	0
2172	115	0
2173	115	0
2174	115	0
2175	114	0
2176	115	0
2177	114	0
2178	114	0
2179	114	0
2180	115	0
2181	115	0
2182	114	0
2183	114	0
2184	114	0
2185	115	0
2186	115	0
2187	114	0
2188	114	0
2189	114	0
2190	115	0
2191	114	0
2192	115	0
2193	114	0
2194	115	0
2195	115	0
2196	114	0
2197	114	0
2198	114	0
2199	114	0
2200	114	0
2201	115	0
2202	114	0
2203	114	0
2204	115	0
2205	115	0
2206	115	0
2207	115	0
2208	114	0
2209	115	0
2210	114	0
2211	114	0
2212	114	0
2213	115	0
2214	115	0
2215	115	0
2216	114	0
2217	114	0
2218	113	0
2219	115	0
2220	114	0
2221	115	0
2222	114	0
2223	115	0
2224	114	0
2225	115	0
2226	114	0
2227	114	0
2228	115	0
2229	115	0
2230	115	0
2231	115	0
2232	115	0
2233	115	0
2234	115	0
2235	114	0
2236	114	0
2237	114	0
2238	115	0
2239	114	0
2240	114	0
2241	114	0
2242	115	0
2243	115	0
2244	114	0
2245	114	0
2246	114	0
2247	115	0
2248	113	0
2249	114	0
2250	114	0
2251	114	0
2252	114	0
2253	114	0
2254	115	0
2255	115	0
2256	115	0
2257	115	0
2258	114	0
2259	115	0
2260	115	0
2261	115	0
2262	114	0
2263	115	0
2264	115	0
2265	114	0
2266	115	0
2267	115	0
2268	114	0
2269	113	0
2270	114	0
2271	115	0
2272	114	0
2273	115	0
2274	115	0
2275	114	0
2276	115	0
2277	115	0
2278	115	0
2279	114	0
2280	114	0
2281	114	0
2282	115	0
2283	114	0
2284	115	0
2285	115	0
2286	115	0
2287	115	0
2288	114	0
2289	115	0
2290	113	0
2291	115	0
2292	114	0
2293	114	0
2294	114	0
2295	114	0
2296	114	0
2297	114	0
2298	115	0
2299	115	0
2300	114	0
2301	114	0
2302	114	0
2303	114	0
2304	113	0
2305	114	0
2306	115	0
2307	115	0
2308	114	0
2309	114	0
2310	115	0
2311	115	0
2312	114	0
2313	115	0
2314	115	0
2315	114	0
2316	114	0
2317	115	0
2318	115	0
2319	115	0
2320	114	0
2321	113	0
2322	114	0
2323	115	0
2324	115	0
2325	114	0
2326	115	0
2327	114	0
2328	115	0
2329	115	0
2330	116	0
2331	115	0
2332	114	0
2333	114	0
2334	115	0
2335	116	0
2336	115	0
2337	115	0
2338	115	0
2339	114	0
2340	115	0
2341	115	0
2342	115	0
2343	114	0
2344	114	0
2345	115	0
2346	114	0
2347	114	0
2348	114	0
2349	115	0
2350	115	0
2351	114	0
2352	115	0
2353	114	0
2354	114	0
2355	115	0
2356	114	0
2357	114	0
2358	115	0
2359	114	0
2360	115	0
2361	115	0
2362	115	0
2363	114	0
2364	115	0
2365	115	0
2366	114	0
2367	114	0
2368	115	0
2369	115	0
2370	115	0
2371	115	0
2372	114	0
2373	115	0
2374	114	0
2375	114	0
2376	115	0
2377	114	0
2378	115	0
2379	115	0
2380	114	0
2381	115	0
2382	115	0
2383	115	0
2384	115	0
2385	115	0
2386	115	0
2387	114	0
2388	114	0
2389	114	0
2390	114	0
2391	115	0
2392	115	0
2393	114	0
2394	114	0
2395	114	0
2396	114	0
2397	114	0
2398	114	0
2399	115	0
2400	114	0
2401	115	0
2402	114	0
2403	115	0
2404	114	0
2405	115	0
2406	114	0
2407	115	0
2408	115	0
2409	115	0
2410	115	0
2411	115	0
2412	114	0
2413	114	0
2414	114	0
2415	114	0
2416	114	0
2417	114	0
2418	114	0
2419	114	0
2420	115	0
2421	115	0
2422	114	0
2423	114	0
2424	114	0
2425	115	0
2426	115	0
2427	114	0
2428	114	0
2429	113	0
2430	112	0
2431	113	0
2432	112	0
2433	113	0
2434	113	0
2435	113	0
2436	114	0
2437	113	0
2438	114	0
2439	114	0
2440	114	0
2441	114	0
2442	114	0
2443	115	0
2444	114	0
2445	114	0
2446	114	0
2447	114	0
2448	115	0
2449	115	0
2450	115	0
2451	115	0
2452	114	0
2453	115	0
2454	114	0
2455	115	0
2456	114	0
2457	115	0
2458	115	0
2459	115	0
2460	115	0
2461	115	0
2462	115	0
2463	114	0
2464	115	0
2465	115	0
2466	115	0
2467	114	0
2468	115	0
2469	115	0
2470	115	0
2471	114	0
2472	115	0
2473	114	0
2474	115	0
2475	114	0
2476	114	0
2477	114	0
2478	115	0
2479	114	0
2480	114	0
2481	114	0
2482	115	0
2483	115	0
2484	115	0
2485	115	0
2486	114	0
2487	115	0
2488	115	0
2489	114	0
2490	115	0
2491	115	0
2492	115	0
2493	115	0
2494	114	0
2495	114	0
2496	114	0
2497	115	0
2498	115	0
2499	115	0
2500	115	0
2501	115	0
2502	115	0
2503	115	0
2504	114	0
2505	113	0
2506	115	0
2507	115	0
2508	114	0
2509	115	0
2510	115	0
2511	115	0
2512	115	0
2513	115	0
2514	115	0
2515	114	0
2516	115	0
2517	115	0
2518	115	0
2519	115	0
2520	115	0
2521	115	0
2522	114	0
2523	115	0
2524	115	0
2525	115	0
2526	115	0
2527	115	0
2528	115	0
2529	114	0
2530	114	0
2531	114	0
2532	114	0
2533	114	0
2534	115	0
2535	115	0
2536	114	0
2537	115	0
2538	115	0
2539	114	0
2540	115	0
2541	115	0
2542	114	0
2543	113	0
2544	114	0
2545	115	0
2546	114	0
2547	114	0
2548	114	0
2549	115	0
2550	114	0
2551	114	0
2552	113	0
2553	114	0
2554	114	0
2555	115	0
2556	113	0
2557	115	0
2558	115	0
2559	114	0
2560	114	0
2561	115	0
2562	115	0
2563	115	0
2564	115	0
2565	115	0
2566	114	0
2567	114	0
2568	114	0
2569	114	0
2570	114	0
2571	114	0
2572	114	0
2573	114	0
2574	115	0
2575	114	0
2576	114	0
2577	114	0
2578	114	0
2579	115	0
2580	115	0
2581	115	0
2582	114	0
2583	115	0
2584	115	0
2585	115	0
2586	115	0
2587	115	0
2588	115	0
2589	114	0
2590	113	0
2591	114	0
2592	114	0
2593	114	0
2594	114	0
2595	115	0
2596	114	0
2597	113	0
2598	115	0
2599	114	0
2600	114	0
2601	115	0
2602	115	0
2603	114	0
2604	115	0
2605	114	0
2606	115	0
2607	114	0
2608	115	0
2609	114	0
2610	114	0
2611	114	0
2612	114	0
2613	115	0
2614	114	0
2615	114	0
2616	114	0
2617	114	0
2618	114	0
2619	115	0
2620	114	0
2621	115	0
2622	114	0
2623	114	0
2624	113	0
2625	114	0
2626	115	0
2627	114	0
2628	115	0
2629	115	0
2630	115	0
2631	114	0
2632	114	0
2633	115	0
2634	114	0
2635	114	0
2636	114	0
2637	115	0
2638	115	0
2639	115	0
2640	115	0
2641	115	0
2642	115	0
2643	114	0
2644	115	0
2645	114	0
2646	115	0
2647	115	0
2648	115	0
2649	115	0
2650	115	0
2651	115	0
2652	115	0
2653	114	0
2654	114	0
2655	114	0
2656	115	0
2657	115	0
2658	114	0
2659	114	0
2660	114	0
2661	114	0
2662	114	0
2663	115	0
2664	114	0
2665	114	0
2666	114	0
2667	115	0
2668	115	0
2669	114	0
2670	114	0
2671	115	0
2672	115	0
2673	114	0
2674	114	0
2675	114	0
2676	114	0
2677	114	0
2678	115	0
2679	114	0
2680	114	0
2681	114	0
2682	114	0
2683	115	0
2684	114	0
2685	115	0
2686	115	0
2687	114	0
2688	114	0
2689	114	0
2690	114	0
2691	113	0
2692	114	0
2693	115	0
2694	115	0
2695	115	0
2696	115	0
2697	114	0
2698	115	0
2699	115	0
2700	114	0
2701	115	0
2702	115	0
2703	115	0
2704	114	0
2705	115	0
2706	115	0
2707	114	0
2708	114	0
2709	114	0
2710	114	0
2711	115	0
2712	114	0
2713	115	0
2714	114	0
2715	114	0
2716	114	0
2717	115	0
2718	115	0
2719	114	0
2720	114	0
2721	113	0
2722	114	0
2723	114	0
2724	114	0
2725	114	0
2726	114	0
2727	115	0
2728	114	0
2729	115	0
2730	115	0
2731	114	0
2732	114	0
2733	114	0
2734	115	0
2735	114	0
2736	115	0
2737	114	0
2738	114	0
2739	114	0
2740	115	0
2741	114	0
2742	115	0
2743	114	0
2744	115	0
2745	115	0
2746	115	0
2747	115	0
2748	115	0
2749	115	0
2750	114	0
2751	113	0
2752	115	0
2753	115	0
2754	115	0
2755	114	0
2756	114	0
2757	115	0
2758	113	0
2759	114	0
2760	115	0
2761	114	0
2762	115	0
2763	116	0
2764	115	0
2765	115	0
2766	115	0
2767	114	0
2768	115	0
2769	114	0
2770	115	0
2771	114	0
2772	115	0
2773	115	0
2774	115	0
2775	114	0
2776	115	0
2777	115	0
2778	114	0
2779	115	0
2780	115	0
2781	114	0
2782	114	0
2783	114	0
2784	115	0
2785	114	0
2786	115	0
2787	114	0
2788	115	0
2789	114	0
2790	115	0
2791	114	0
2792	115	0
2793	115	0
2794	115	0
2795	115	0
2796	115	0
2797	115	0
2798	114	0
2799	114	0
2800	114	0
2801	114	0
2802	114	0
2803	114	0
2804	115	0
2805	114	0
2806	114	0
2807	114	0
2808	115	0
2809	114	0
2810	114	0
2811	115	0
2812	114	0
2813	114	0
2814	115	0
2815	114	0
2816	115	0
2817	115	0
2818	115	0
2819	115	0
2820	115	0
2821	115	0
2822	116	0
2823	116	0
2824	115	0
2825	115	0
2826	115	0
2827	116	0
2828	115	0
2829	116	0
2830	115	0
2831	115	0
2832	115	0
2833	115	0
2834	115	0
2835	115	0
2836	114	0
2837	115	0
2838	115	0
2839	115	0
2840	115	0
2841	114	0
2842	114	0
2843	114	0
2844	114	0
2845	114	0
2846	115	0
2847	114	0
2848	114	0
2849	114	0
2850	114	0
2851	115	0
2852	115	0
2853	114	0
2854	114	0
2855	115	0
2856	114	0
2857	115	0
2858	131	0
2859	158	0
2860	183	0
2861	201	0
2862	213	0
2863	216	0
2864	208	0
2865	189	0
2866	164	0
2867	131	0
2868	101	0
2869	73	0
2870	54	0
2871	48	0
2872	49	0
2873	52	0
2874	53	0
2875	55	0
2876	67	0
2877	96	0
2878	129	0
2879	159	0
2880	184	0
2881	203	0
2882	214	0
2883	219	0
2884	213	0
2885	194	0
2886	166	0
2887	134	0
2888	102	0
2889	73	0
2890	54	0
2891	48	0
2892	49	0
2893	51	0
2894	53	0
2895	56	0
2896	64	0
2897	93	0
2898	126	0
2899	158	0
2900	183	0
2901	203	0
2902	214	0
2903	221	0
2904	217	0
2905	199	0
2906	171	0
2907	138	0
2908	104	0
2909	73	0
2910	54	0
2911	49	0
2912	49	0
2913	52	0
2914	53	0
2915	55	0
2916	62	0
2917	88	0
2918	125	0
2919	158	0
2920	183	0
2921	203	0
2922	216	0
2923	222	0
2924	218	0
2925	192	0
2926	157	0
2927	126	0
2928	94	0
2929	69	0
2930	53	0
2931	49	0
2932	50	0
2933	51	0
2934	54	0
2935	56	0
2936	70	0
2937	101	0
2938	123	0
2939	118	0
2940	116	0
2941	117	0
2942	115	0
2943	115	0
2944	114	0
2945	114	0
2946	113	0
2947	114	0
2948	113	0
2949	113	0
2950	112	0
2951	114	0
2952	114	0
2953	114	0
2954	113	0
2955	113	0
2956	114	0
2957	113	0
2958	113	0
2959	114	0
2960	113	0
2961	114	0
2962	113	0
2963	113	0
2964	113	0
2965	114	0
2966	114	0
2967	114	0
2968	114	0
2969	113	0
2970	113	0
2971	113	0
2972	113	0
2973	115	0
2974	114	0
2975	113	0
2976	115	0
2977	114	0
2978	113	0
2979	114	0
2980	114	0
2981	113	0
2982	114	0
2983	114	0
2984	114	0
2985	114	0
2986	114	0
2987	113	0
2988	114	0
2989	113	0
2990	114	0
2991	114	0
2992	114	0
2993	114	0
2994	113	0
2995	113	0
2996	114	0
2997	113	0
2998	113	0
2999	114	0
3000	114	0
3001	114	0
3002	114	0
3003	113	0
3004	115	0
3005	114	0
3006	114	0
3007	113	0
3008	114	0
3009	114	0
3010	114	0
3011	114	0
3012	114	0
3013	114	0
3014	113	0
3015	114	0
3016	114	0
3017	114	0
3018	114	0
3019	115	0
3020	114	0
3021	114	0
3022	114	0
3023	114	0
3024	114	0
3025	115	0
3026	114	0
3027	115	0
3028	114	0
3029	114	0
3030	114	0
3031	114	0
3032	114	0
3033	115	0
3034	114	0
3035	113	0
3036	114	0
3037	113	0
3038	113	0
3039	114	0
3040	114	0
3041	115	0
3042	115	0
3043	115	0
3044	115	0
3045	114	0
3046	113	0
3047	114	0
3048	114	0
3049	115	0
3050	114	0
3051	115	0
3052	115	0
3053	114	0
3054	114	0
3055	114	0
3056	115	0
3057	113	0
3058	114	0
3059	114	0
3060	113	0
3061	115	0
3062	114	0
3063	115	0
3064	114	0
3065	115	0
3066	114	0
3067	115	0
3068	114	0
3069	115	0
3070	114	0
3071	114	0
3072	114	0
3073	114	0
3074	114	0
3075	115	0
3076	114	0
3077	114	0
3078	114	0
3079	114	0
3080	115	0
3081	114	0
3082	114	0
3083	114	0
3084	114	0
3085	115	0
3086	114	0
3087	113	0
3088	114	0
3089	114	0
3090	114	0
3091	114	0
3092	115	0
3093	115	0
3094	114	0
3095	114	0
3096	114	0
3097	114	0
3098	113	0
3099	115	0
3100	115	0
3101	115	0
3102	114	0
3103	114	0
3104	114	0
3105	115	0
3106	114	0
3107	114	0
3108	114	0
3109	114	0
3110	114	0
3111	114	0
3112	114	0
3113	115	0
3114	115	0
3115	114	0
3116	114	0
3117	114	0
3118	115	0
3119	114	0
3120	114	0
3121	115	0
3122	114	0
3123	115	0
3124	115	0
3125	114	0
3126	114	0
3127	114	0
3128	114	0
3129	115	0
3130	114	0
3131	114	0
3132	115	0
3133	114	0
3134	114	0
3135	115	0
3136	115	0
3137	115	0
3138	115	0
3139	114	0
3140	114	0
3141	114	0
3142	114	0
3143	114	0
3144	114	0
3145	115	0
3146	114	0
3147	115	0
3148	114	0
3149	114	0
3150	114	0
3151	114	0
3152	114	0
3153	114	0
3154	114	0
3155	114	0
3156	115	0
3157	114	0
3158	113	0
3159	114	0
3160	114	0
3161	114	0
3162	114	0
3163	115	0
3164	115	0
3165	114	0
3166	115	0
3167	114	0
3168	114	0
3169	115	0
3170	114	0
3171	115	0
3172	114	0
3173	114	0
3174	115	0
3175	115	0
3176	114	0
3177	114	0
3178	114	0
3179	114	0
3180	113	0
3181	115	0
3182	115	0
3183	115	0
3184	115	0
3185	115	0
3186	115	0
3187	114	0
3188	114	0
3189	114	0
3190	115	0
3191	114	0
3192	114	0
3193	115	0
3194	114	0
3195	114	0
3196	115	0
3197	115	0
3198	115	0
3199	115	0
3200	114	0
3201	114	0
3202	114	0
3203	115	0
3204	115	0
3205	114	0
3206	114	0
3207	115	0
3208	114	0
3209	115	0
3210	114	0
3211	115	0
3212	115	0
3213	114	0
3214	114	0
3215	115	0
3216	114	0
3217	114	0
3218	113	0
3219	114	0
3220	115	0
3221	115	0
3222	115	0
3223	115	0
3224	115	0
3225	114	0
3226	114	0
3227	115	0
3228	115	0
3229	115	0
3230	115	0
3231	114	0
3232	115	0
3233	115	0
3234	113	0
3235	114	0
3236	114	0
3237	114	0
3238	114	0
3239	114	0
3240	115	0
3241	114	0
3242	115	0
3243	115	0
3244	115	0
3245	115	0
3246	114	0
3247	114	0
3248	115	0
3249	115	0
3250	114	0
3251	114	0
3252	114	0
3253	114	0
3254	115	0
3255	115	0
3256	115	0
3257	114	0
3258	114	0
3259	115	0
3260	115	0
3261	115	0
3262	114	0
3263	114	0
3264	115	0
3265	114	0
3266	114	0
3267	115	0
3268	115	0
3269	114	0
3270	115	0
3271	114	0
3272	114	0
3273	114	0
3274	115	0
3275	114	0
3276	115	0
3277	115	0
3278	114	0
3279	114	0
3280	115	0
3281	115	0
3282	115	0
3283	114	0
3284	115	0
3285	115	0
3286	115	0
3287	114	0
3288	115	0
3289	114	0
3290	114	0
3291	114	0
3292	114	0
3293	115	0
3294	114	0
3295	115	0
3296	115	0
3297	115	0
3298	114	0
3299	115	0
3300	115	0
3301	114	0
3302	114	0
3303	115	0
3304	115	0
3305	115	0
3306	115	0
3307	115	0
3308	115	0
3309	115	0
3310	115	0
3311	115	0
3312	115	0
3313	115	0
3314	115	0
3315	114	0
3316	114	0
3317	115	0
3318	114	0
3319	115	0
3320	115	0
3321	115	0
3322	115	0
3323	115	0
3324	115	0
3325	115	0
3326	115	0
3327	114	0
3328	115	0
3329	114	0
3330	115	0
3331	115	0
3332	115	0
3333	115	0
3334	115	0
3335	115	0
3336	115	0
3337	115	0
3338	115	0
3339	115	0
3340	115	0
3341	114	0
3342	114	0
3343	114	0
3344	114	0
3345	114	0
3346	115	0
3347	115	0
3348	114	0
3349	114	0
3350	115	0
3351	115	0
3352	115	0
3353	115	0
3354	115	0
3355	115	0
3356	114	0
3357	115	0
3358	114	0
3359	114	0
3360	114	0
3361	115	0
3362	114	0
3363	115	0
3364	114	0
3365	114	0
3366	114	0
3367	114	0
3368	115	0
3369	115	0
3370	113	0
3371	114	0
3372	114	0
3373	114	0
3374	114	0
3375	114	0
3376	114	0
3377	115	0
3378	115	0
3379	113	0
3380	114	0
3381	113	0
3382	113	0
3383	112	0
3384	114	0
3385	113	0
3386	113	0
3387	112	0
3388	114	0
3389	113	0
3390	114	0
3391	114	0
3392	114	0
3393	115	0
3394	115	0
3395	115	0
3396	114	0
3397	115	0
3398	115	0
3399	115	0
3400	114	0
3401	114	0
3402	115	0
3403	115	0
3404	114	0
3405	114	0
3406	113	0
3407	115	0
3408	114	0
3409	114	0
3410	115	0
3411	115	0
3412	114	0
3413	115	0
3414	115	0
3415	115	0
3416	114	0
3417	115	0
3418	114	0
3419	114	0
3420	114	0
3421	115	0
3422	115	0
3423	115	0
3424	114	0
3425	115	0
3426	115	0
3427	114	0
3428	114	0
3429	115	0
3430	115	0
3431	114	0
3432	114	0
3433	114	0
3434	115	0
3435	115	0
3436	115	0
3437	114	0
3438	114	0
3439	114	0
3440	114	0
3441	114	0
3442	114	0
3443	115	0
3444	115	0
3445	114	0
3446	114	0
3447	115	0
3448	115	0
3449	114	0
3450	114	0
3451	114	0
3452	115	0
3453	114	0
3454	115	0
3455	115	0
3456	114	0
3457	115	0
3458	115	0
3459	114	0
3460	115	0
3461	115	0
3462	115	0
3463	115	0
3464	114	0
3465	115	0
3466	114	0
3467	114	0
3468	114	0
3469	115	0
3470	115	0
3471	114	0
3472	114	0
3473	115	0
3474	115	0
3475	115	0
3476	115	0
3477	114	0
3478	114	0
3479	114	0
3480	115	0
3481	114	0
3482	115	0
3483	114	0
3484	114	0
3485	115	0
3486	115	0
3487	115	0
3488	115	0
3489	114	0
3490	115	0
3491	114	0
3492	114	0
3493	115	0
3494	115	0
3495	115	0
3496	115	0
3497	115	0
3498	115	0
3499	114	0
3500	114	0
3501	115	0
3502	115	0
3503	114	0
3504	115	0
3505	115	0
3506	115	0
3507	114	0
3508	115	0
3509	115	0
3510	114	0
3511	114	0
3512	115	0
3513	114	0
3514	115	0
3515	114	0
3516	114	0
3517	114	0
3518	114	0
3519	114	0
3520	115	0
3521	114	0
3522	113	0
3523	114	0
3524	114	0
3525	114	0
3526	114	0
3527	115	0
3528	114	0
3529	114	0
3530	114	0
3531	114	0
3532	114	0
3533	115	0
3534	115	0
3535	114	0
3536	115	0
3537	114	0
3538	115	0
3539	113	0
3540	115	0
3541	114	0
3542	115	0
3543	114	0
3544	115	0
3545	115	0
3546	115	0
3547	114	0
3548	115	0
3549	115	0
3550	114	0
3551	115	0
3552	115	0
3553	114	0
3554	114	0
3555	115	0
3556	115	0
3557	115	0
3558	114	0
3559	115	0
3560	115	0
3561	115	0
3562	115	0
3563	114	0
3564	115	0
3565	114	0
3566	115	0
3567	114	0
3568	114	0
3569	115	0
3570	115	0
3571	114	0
3572	115	0
3573	114	0
3574	114	0
3575	114	0
3576	115	0
3577	115	0
3578	115	0
3579	115	0
3580	115	0
3581	115	0
3582	114	0
3583	115	0
3584	114	0
3585	115	0
3586	113	0
3587	114	0
3588	115	0
3589	115	0
3590	115	0
3591	115	0
3592	115	0
3593	115	0
3594	115	0
3595	115	0
3596	115	0
3597	115	0
3598	115	0
3599	114	0
3600	114	0
3601	114	0
3602	114	0
3603	114	0
3604	115	0
3605	115	0
3606	114	0
3607	115	0
3608	115	0
3609	115	0
3610	114	0
3611	114	0
3612	115	0
3613	114	0
3614	115	0
3615	115	0
3616	115	0
3617	115	0
3618	115	0
3619	114	0
3620	114	0
3621	114	0
3622	114	0
3623	114	0
3624	115	0
3625	114	0
3626	114	0
3627	114	0
3628	114	0
3629	115	0
3630	115	0
3631	114	0
3632	114	0
3633	115	0
3634	114	0
3635	115	0
3636	115	0
3637	114	0
3638	115	0
3639	114	0
3640	115	0
3641	115	0
3642	115	0
3643	114	0
3644	114	0
3645	115	0
3646	114	0
3647	115	0
3648	114	0
3649	114	0
3650	115	0
3651	115	0
3652	115	0
3653	115	0
3654	114	0
3655	114	0
3656	115	0
3657	114	0
3658	114	0
3659	114	0
3660	115	0
3661	115	0
3662	114	0
3663	114	0
3664	114	0
3665	115	0
3666	114	0
3667	115	0
3668	115	0
3669	114	0
3670	114	0
3671	114	0
3672	115	0
3673	114	0
3674	115	0
3675	115	0
3676	115	0
3677	115	0
3678	114	0
3679	114	0
3680	114	0
3681	114	0
3682	114	0
3683	115	0
3684	115	0
3685	115	0
3686	115	0
3687	115	0
3688	115	0
3689	115	0
3690	115	0
3691	115	0
3692	115	0
3693	115	0
3694	113	0
3695	114	0
3696	115	0
3697	115	0
3698	114	0
3699	115	0
3700	115	0
3701	115	0
3702	114	0
3703	115	0
3704	115	0
3705	115	0
3706	115	0
3707	115	0
3708	115	0
3709	114	0
3710	115	0
3711	115	0
3712	114	0
3713	115	0
3714	115	0
3715	114	0
3716	114	0
3717	114	0
3718	115	0
3719	114	0
3720	115	0
3721	115	0
3722	114	0
3723	115	0
3724	115	0
3725	115	0
3726	115	0
3727	115	0
3728	114	0
3729	114	0
3730	113	0
3731	114	0
3732	114	0
3733	115	0
3734	114	0
3735	115	0
3736	114	0
3737	114	0
3738	114	0
3739	114	0
3740	115	0
3741	114	0
3742	115	0
3743	114	0
3744	114	0
3745	115	0
3746	114	0
3747	115	0
3748	115	0
3749	114	0
3750	114	0
3751	114	0
3752	114	0
3753	114	0
3754	115	0
3755	115	0
3756	115	0
3757	114	0
3758	115	0
3759	114	0
3760	115	0
3761	114	0
3762	115	0
3763	114	0
3764	115	0
3765	115	0
3766	114	0
3767	114	0
3768	115	0
3769	115	0
3770	115	0
3771	116	0
3772	115	0
3773	116	0
3774	116	0
3775	115	0
3776	116	0
3777	116	0
3778	115	0
3779	114	0
3780	115	0
3781	115	0
3782	114	0
3783	115	0
3784	115	0
3785	115	0
3786	115	0
3787	114	0
3788	115	0
3789	114	0
3790	115	0
3791	114	0
3792	114	0
3793	115	0
3794	115	0
3795	115	0
3796	114	0
3797	114	0
3798	114	0
3799	113	0
3800	114	0
3801	115	0
3802	114	0
3803	114	0
3804	114	0
3805	115	0
3806	114	0
3807	114	0
3808	114	0
3809	124	0
3810	151	0
3811	177	0
3812	197	0
3813	210	0
3814	216	0
3815	211	0
3816	195	0
3817	171	0
3818	141	0
3819	109	0
3820	80	0
3821	57	0
3822	49	0
3823	49	0
3824	51	0
3825	53	0
3826	54	0
3827	62	0
3828	86	0
3829	120	0
3830	151	0
3831	177	0
3832	198	0
3833	211	0
3834	219	0
3835	216	0
3836	201	0
3837	174	0
3838	144	0
3839	110	0
3840	80	0
3841	57	0
3842	49	0
3843	48	0
3844	51	0
3845	53	0
3846	54	0
3847	59	0
3848	83	0
3849	117	0
3850	150	0
3851	177	0
3852	198	0
3853	213	0
3854	220	0
3855	220	0
3856	205	0
3857	179	0
3858	148	0
3859	113	0
3860	81	0
3861	57	0
3862	49	0
3863	49	0
3864	51	0
3865	53	0
3866	54	0
3867	57	0
3868	80	0
3869	115	0
3870	149	0
3871	177	0
3872	199	0
3873	214	0
3874	221	0
3875	221	0
3876	202	0
3877	166	0
3878	134	0
3879	104	0
3880	75	0
3881	55	0
3882	49	0
3883	48	0
3884	51	0
3885	53	0
3886	55	0
3887	65	0
3888	92	0
3889	119	0
3890	121	0
3891	117	0
3892	117	0
3893	116	0
3894	114	0
3895	114	0
3896	115	0
3897	113	0
3898	115	0
3899	114	0
3900	113	0
3901	114	0
3902	113	0
3903	114	0
3904	113	0
3905	113	0
3906	113	0
3907	113	0
3908	113	0
3909	114	0
3910	113	0
3911	113	0
3912	114	0
3913	113	0
3914	113	0
3915	113	0
3916	113	0
3917	114	0
3918	114	0
3919	114	0
3920	113	0
3921	113	0
3922	114	0
3923	113	0
3924	114	0
3925	114	0
3926	113	0
3927	114	0
3928	114	0
3929	114	0
3930	113	0
3931	114	0
3932	114	0
3933	114	0
3934	114	0
3935	114	0
3936	114	0
3937	114	0
3938	113	0
3939	114	0
3940	113	0
3941	114	0
3942	114	0
3943	114	0
3944	114	0
3945	113	0
3946	113	0
3947	114	0
3948	114	0
3949	114	0
3950	115	0
3951	113	0
3952	114	0
3953	114	0
3954	114	0
3955	114	0
3956	114	0
3957	114	0
3958	114	0
3959	113	0
3960	113	0
3961	114	0
3962	114	0
3963	114	0
3964	113	0
3965	113	0
3966	114	0
3967	114	0
3968	114	0
3969	114	0
3970	113	0
3971	114	0
3972	113	0
3973	114	0
3974	114	0
3975	114	0
3976	115	0
3977	115	0
3978	115	0
3979	114	0
3980	113	0
3981	115	0
3982	114	0
3983	114	0
3984	113	0
3985	114	0
3986	114	0
3987	115	0
3988	114	0
3989	115	0
3990	113	0
3991	114	0
3992	114	0
3993	114	0
3994	114	0
3995	114	0
3996	114	0
3997	113	0
3998	113	0
3999	114	0
4000	115	0
4001	114	0
4002	114	0
4003	114	0
4004	114	0
4005	114	0
4006	114	0
4007	114	0
4008	113	0
4009	114	0
4010	114	0
4011	114	0
4012	113	0
4013	115	0
4014	114	0
4015	115	0
4016	114	0
4017	114	0
4018	114	0
4019	114	0
4020	114	0
4021	114	0
4022	114	0
4023	113	0
4024	114	0
4025	115	0
4026	114	0
4027	114	0
4028	114	0
4029	114	0
4030	114	0
4031	114	0
4032	113	0
4033	114	0
4034	114	0
4035	114	0
4036	115	0
4037	114	0
4038	114	0
4039	113	0
4040	114	0
4041	114	0
4042	114	0
4043	114	0
4044	114	0
4045	115	0
4046	114	0
4047	114	0
4048	114	0
4049	114	0
4050	114	0
4051	115	0
4052	114	0
4053	113	0
4054	114	0
4055	114	0
4056	115	0
4057	114	0
4058	114	0
4059	115	0
4060	114	0
4061	114	0
4062	114	0
4063	114	0
4064	113	0
4065	114	0
4066	114	0
4067	114	0
4068	114	0
4069	115	0
4070	114	0
4071	114	0
4072	114	0
4073	114	0
4074	115	0
4075	114	0
4076	114	0
4077	114	0
4078	115	0
4079	114	0
4080	115	0
4081	114	0
4082	114	0
4083	115	0
4084	114	0
4085	115	0
4086	114	0
4087	115	0
4088	115	0
4089	114	0
4090	114	0
4091	114	0
4092	115	0
4093	114	0
4094	115	0
4095	114	0
4096	114	0
4097	114	0
4098	114	0
4099	114	0
4100	114	0
4101	114	0
4102	114	0
4103	114	0
4104	115	0
4105	114	0
4106	114	0
4107	114	0
4108	115	0
4109	114	0
4110	114	0
4111	114	0
4112	114	0
4113	114	0
4114	114	0
4115	114	0
4116	113	0
4117	114	0
4118	115	0
4119	114	0
4120	115	0
4121	114	0
4122	114	0
4123	114	0
4124	115	0
4125	114	0
4126	115	0
4127	114	0
4128	113	0
4129	114	0
4130	114	0
4131	115	0
4132	114	0
4133	115	0
4134	114	0
4135	114	0
4136	114	0
4137	114	0
4138	115	0
4139	114	0
4140	114	0
4141	114	0
4142	114	0
4143	114	0
4144	114	0
4145	114	0
4146	113	0
4147	114	0
4148	114	0
4149	114	0
4150	114	0
4151	115	0
4152	114	0
4153	114	0
4154	114	0
4155	114	0
4156	114	0
4157	115	0
4158	114	0
4159	114	0
4160	115	0
4161	114	0
4162	114	0
4163	115	0
4164	115	0
4165	114	0
4166	114	0
4167	114	0
4168	114	0
4169	114	0
4170	115	0
4171	114	0
4172	114	0
4173	115	0
4174	115	0
4175	114	0
4176	115	0
4177	115	0
4178	114	0
4179	115	0
4180	115	0
4181	115	0
4182	114	0
4183	115	0
4184	115	0
4185	114	0
4186	114	0
4187	115	0
4188	114	0
4189	114	0
4190	115	0
4191	114	0
4192	114	0
4193	115	0
4194	115	0
4195	115	0
4196	115	0
4197	114	0
4198	115	0
4199	114	0
4200	115	0
4201	114	0
4202	115	0
4203	115	0
4204	115	0
4205	114	0
4206	114	0
4207	115	0
4208	114	0
4209	114	0
4210	114	0
4211	115	0
4212	114	0
4213	114	0
4214	114	0
4215	114	0
4216	114	0
4217	115	0
4218	114	0
4219	114	0
4220	114	0
4221	114	0
4222	114	0
4223	114	0
4224	114	0
4225	114	0
4226	115	0
4227	114	0
4228	114	0
4229	114	0
4230	114	0
4231	115	0
4232	115	0
4233	114	0
4234	114	0
4235	114	0
4236	114	0
4237	115	0
4238	114	0
4239	114	0
4240	114	0
4241	114	0
4242	114	0
4243	115	0
4244	114	0
4245	114	0
4246	114	0
4247	114	0
4248	114	0
4249	115	0
4250	115	0
4251	114	0
4252	114	0
4253	115	0
4254	115	0
4255	114	0
4256	115	0
4257	115	0
4258	114	0
4259	114	0
4260	115	0
4261	115	0
4262	114	0
4263	115	0
4264	115	0
4265	115	0
4266	113	0
4267	115	0
4268	115	0
4269	115	0
4270	114	0
4271	114	0
4272	114	0
4273	114	0
4274	114	0
4275	114	0
4276	114	0
4277	114	0
4278	114	0
4279	115	0
4280	114	0
4281	114	0
4282	114	0
4283	115	0
4284	114	0
4285	115	0
4286	115	0
4287	115	0
4288	115	0
4289	115	0
4290	115	0
4291	115	0
4292	115	0
4293	115	0
4294	115	0
4295	114	0
4296	114	0
4297	114	0
4298	115	0
4299	115	0
4300	114	0
4301	114	0
4302	114	0
4303	115	0
4304	114	0
4305	114	0
4306	115	0
4307	115	0
4308	114	0
4309	115	0
4310	115	0
4311	115	0
4312	115	0
4313	115	0
4314	114	0
4315	114	0
4316	114	0
4317	115	0
4318	115	0
4319	115	0
4320	114	0
4321	115	0
4322	114	0
4323	114	0
4324	114	0
4325	115	0
4326	115	0
4327	115	0
4328	114	0
4329	114	0
4330	115	0
4331	113	0
4332	112	0
4333	113	0
4334	112	0
4335	113	0
4336	113	0
4337	113	0
4338	113	0
4339	113	0
4340	114	0
4341	114	0
4342	114	0
4343	114	0
4344	114	0
4345	114	0
4346	115	0
4347	115	0
4348	114	0
4349	115	0
4350	114	0
4351	114	0
4352	115	0
4353	115	0
4354	114	0
4355	115	0
4356	115	0
4357	115	0
4358	115	0
4359	115	0
4360	115	0
4361	115	0
4362	114	0
4363	115	0
4364	114	0
4365	115	0
4366	115	0
4367	115	0
4368	115	0
4369	114	0
4370	115	0
4371	115	0
4372	115	0
4373	114	0
4374	115	0
4375	115	0
4376	115	0
4377	115	0
4378	115	0
4379	115	0
4380	114	0
4381	115	0
4382	115	0
4383	114	0
4384	114	0
4385	115	0
4386	114	0
4387	114	0
4388	114	0
4389	115	0
4390	114	0
4391	115	0
4392	114	0
4393	114	0
4394	115	0
4395	114	0
4396	114	0
4397	114	0
4398	114	0
4399	114	0
4400	114	0
4401	115	0
4402	114	0
4403	115	0
4404	114	0
4405	115	0
4406	115	0
4407	114	0
4408	114	0
4409	113	0
4410	115	0
4411	114	0
4412	115	0
4413	115	0
4414	115	0
4415	114	0
4416	115	0
4417	114	0
4418	115	0
4419	115	0
4420	115	0
4421	115	0
4422	115	0
4423	114	0
4424	115	0
4425	114	0
4426	115	0
4427	114	0
4428	114	0
4429	115	0
4430	115	0
4431	114	0
4432	115	0
4433	114	0
4434	114	0
4435	114	0
4436	115	0
4437	114	0
4438	114	0
4439	114	0
4440	114	0
4441	115	0
4442	114	0
4443	114	0
4444	115	0
4445	115	0
4446	114	0
4447	115	0
4448	115	0
4449	114	0
4450	115	0
4451	114	0
4452	114	0
4453	115	0
4454	115	0
4455	114	0
4456	115	0
4457	114	0
4458	114	0
4459	114	0
4460	115	0
4461	115	0
4462	115	0
4463	114	0
4464	114	0
4465	114	0
4466	115	0
4467	114	0
4468	115	0
4469	115	0
4470	114	0
4471	115	0
4472	114	0
4473	115	0
4474	114	0
4475	114	0
4476	114	0
4477	115	0
4478	114	0
4479	115	0
4480	114	0
4481	115	0
4482	115	0
4483	115	0
4484	114	0
4485	115	0
4486	115	0
4487	114	0
4488	115	0
4489	114	0
4490	115	0
4491	114	0
4492	115	0
4493	114	0
4494	115	0
4495	114	0
4496	115	0
4497	114	0
4498	115	0
4499	114	0
4500	115	0
4501	114	0
4502	114	0
4503	114	0
4504	115	0
4505	114	0
4506	115	0
4507	114	0
4508	115	0
4509	114	0
4510	115	0
4511	114	0
4512	114	0
4513	115	0
4514	114	0
4515	114	0
4516	115	0
4517	114	0
4518	115	0
4519	114	0
4520	115	0
4521	114	0
4522	114	0
4523	115	0
4524	115	0
4525	115	0
4526	113	0
4527	115	0
4528	114	0
4529	115	0
4530	115	0
4531	115	0
4532	115	0
4533	114	0
4534	114	0
4535	114	0
4536	115	0
4537	114	0
4538	115	0
4539	114	0
4540	114	0
4541	115	0
4542	115	0
4543	115	0
4544	114	0
4545	115	0
4546	115	0
4547	114	0
4548	115	0
4549	114	0
4550	115	0
4551	115	0
4552	115	0
4553	115	0
4554	115	0
4555	114	0
4556	115	0
4557	115	0
4558	115	0
4559	114	0
4560	114	0
4561	115	0
4562	114	0
4563	115	0
4564	114	0
4565	114	0
4566	114	0
4567	114	0
4568	114	0
4569	115	0
4570	114	0
4571	115	0
4572	114	0
4573	114	0
4574	114	0
4575	115	0
4576	115	0
4577	115	0
4578	115	0
4579	114	0
4580	114	0
4581	115	0
4582	115	0
4583	115	0
4584	115	0
4585	114	0
4586	115	0
4587	114	0
4588	115	0
4589	115	0
4590	115	0
4591	115	0
4592	114	0
4593	114	0
4594	115	0
4595	114	0
4596	115	0
4597	115	0
4598	114	0
4599	114	0
4600	114	0
4601	114	0
4602	113	0
4603	114	0
4604	115	0
4605	115	0
4606	114	0
4607	115	0
4608	115	0
4609	115	0
4610	114	0
4611	115	0
4612	115	0
4613	115	0
4614	115	0
4615	115	0
4616	114	0
4617	115	0
4618	115	0
4619	114	0
4620	114	0
4621	114	0
4622	115	0
4623	114	0
4624	115	0
4625	114	0
4626	114	0
4627	114	0
4628	115	0
4629	115	0
4630	115	0
4631	114	0
4632	115	0
4633	115	0
4634	115	0
4635	114	0
4636	115	0
4637	114	0
4638	115	0
4639	114	0
4640	114	0
4641	114	0
4642	114	0
4643	114	0
4644	115	0
4645	114	0
4646	114	0
4647	114	0
4648	114	0
4649	115	0
4650	115	0
4651	115	0
4652	114	0
4653	115	0
4654	115	0
4655	115	0
4656	114	0
4657	115	0
4658	115	0
4659	115	0
4660	114	0
4661	115	0
4662	114	0
4663	115	0
4664	114	0
4665	114	0
4666	114	0
4667	114	0
4668	115	0
4669	114	0
4670	115	0
4671	115	0
4672	115	0
4673	114	0
4674	115	0
4675	114	0
4676	115	0
4677	114	0
4678	114	0
4679	115	0
4680	115	0
4681	114	0
4682	115	0
4683	113	0
4684	114	0
4685	114	0
4686	115	0
4687	115	0
4688	115	0
4689	114	0
4690	114	0
4691	113	0
4692	114	0
4693	114	0
4694	115	0
4695	114	0
4696	115	0
4697	114	0
4698	114	0
4699	115	0
4700	115	0
4701	115	0
4702	115	0
4703	114	0
4704	115	0
4705	115	0
4706	115	0
4707	115	0
4708	115	0
4709	115	0
4710	115	0
4711	115	0
4712	115	0
4713	115	0
4714	114	0
4715	114	0
4716	115	0
4717	115	0
4718	115	0
4719	114	0
4720	114	0
4721	115	0
4722	115	0
4723	116	0
4724	115	0
4725	116	0
4726	116	0
4727	116	0
4728	116	0
4729	115	0
4730	115	0
4731	114	0
4732	115	0
4733	115	0
4734	115	0
4735	114	0
4736	114	0
4737	115	0
4738	115	0
4739	114	0
4740	114	0
4741	114	0
4742	114	0
4743	114	0
4744	114	0
4745	114	0
4746	114	0
4747	114	0
4748	114	0
4749	114	0
4750	115	0
4751	115	0
4752	114	0
4753	114	0
4754	114	0
4755	115	0
4756	114	0
4757	115	0
4758	114	0
4759	123	0
4760	150	0
4761	177	0
4762	197	0
4763	209	0
4764	216	0
4765	213	0
4766	196	0
4767	173	0
4768	142	0
4769	110	0
4770	81	0
4771	58	0
4772	48	0
4773	49	0
4774	51	0
4775	53	0
4776	55	0
4777	61	0
4778	86	0
4779	118	0
4780	150	0
4781	177	0
4782	198	0
4783	212	0
4784	218	0
4785	216	0
4786	201	0
4787	177	0
4788	146	0
4789	113	0
4790	82	0
4791	58	0
4792	49	0
4793	48	0
4794	51	0
4795	53	0
4796	54	0
4797	59	0
4798	82	0
4799	117	0
4800	149	0
4801	176	0
4802	198	0
4803	213	0
4804	220	0
4805	221	0
4806	206	0
4807	181	0
4808	149	0
4809	115	0
4810	82	0
4811	57	0
4812	49	0
4813	48	0
4814	51	0
4815	52	0
4816	54	0
4817	58	0
4818	78	0
4819	113	0
4820	148	0
4821	176	0
4822	198	0
4823	213	0
4824	222	0
4825	221	0
4826	203	0
4827	169	0
4828	135	0
4829	105	0
4830	77	0
4831	57	0
4832	49	0
4833	50	0
4834	52	0
4835	53	0
4836	54	0
4837	64	0
4838	91	0
4839	118	0
4840	122	0
4841	117	0
4842	117	0
4843	116	0
4844	115	0
4845	114	0
4846	115	0
4847	115	0
4848	114	0
4849	115	0
4850	113	0
4851	113	0
4852	113	0
4853	113	0
4854	113	0
4855	113	0
4856	114	0
4857	112	0
4858	113	0
4859	113	0
4860	113	0
4861	114	0
4862	114	0
4863	113	0
4864	113	0
4865	114	0
4866	114	0
4867	114	0
4868	114	0
4869	114	0
4870	114	0
4871	114	0
4872	114	0
4873	113	0
4874	113	0
4875	114	0
4876	114	0
4877	114	0
4878	114	0
4879	114	0
4880	114	0
4881	114	0
4882	114	0
4883	113	0
4884	113	0
4885	113	0
4886	114	0
4887	113	0
4888	114	0
4889	114	0
4890	114	0
4891	113	0
4892	114	0
4893	114	0
4894	113	0
4895	114	0
4896	114	0
4897	114	0
4898	114	0
4899	114	0
4900	114	0
4901	114	0
4902	114	0
4903	113	0
4904	114	0
4905	113	0
4906	114	0
4907	113	0
4908	114	0
4909	114	0
4910	114	0
4911	115	0
4912	114	0
4913	114	0
4914	113	0
4915	113	0
4916	114	0
4917	114	0
4918	114	0
4919	114	0
4920	114	0
4921	114	0
4922	114	0
4923	114	0
4924	114	0
4925	114	0
4926	113	0
4927	114	0
4928	114	0
4929	114	0
4930	115	0
4931	115	0
4932	115	0
4933	114	0
4934	113	0
4935	113	0
4936	114	0
4937	114	0
4938	115	0
4939	114	0
4940	113	0
4941	115	0
4942	114	0
4943	115	0
4944	114	0
4945	115	0
4946	114	0
4947	114	0
4948	114	0
4949	115	0
4950	113	0
4951	114	0
4952	114	0
4953	114	0
4954	114	0
4955	115	0
4956	115	0
4957	114	0
4958	113	0
4959	115	0
4960	114	0
4961	114	0
4962	115	0
4963	114	0
4964	115	0
4965	114	0
4966	114	0
4967	113	0
4968	114	0
4969	114	0
4970	114	0
4971	114	0
4972	114	0
4973	114	0
4974	114	0
4975	113	0
4976	114	0
4977	114	0
4978	114	0
4979	114	0
4980	115	0
4981	114	0
4982	113	0
4983	114	0
4984	114	0
4985	114	0
4986	115	0
4987	115	0
4988	115	0
4989	114	0
4990	114	0
4991	114	0
4992	114	0
4993	114	0
4994	115	0
4995	114	0
4996	114	0
4997	114	0
4998	114	0
4999	115	0
5000	114	0
5001	114	0
5002	114	0
5003	115	0
5004	115	0
5005	114	0
5006	114	0
5007	114	0
5008	114	0
5009	114	0
5010	114	0
5011	114	0
5012	115	0
5013	114	0
5014	114	0
5015	114	0
5016	114	0
5017	115	0
5018	115	0
5019	114	0
5020	114	0
5021	114	0
5022	114	0
5023	114	0
5024	114	0
5025	114	0
5026	114	0
5027	114	0
5028	115	0
5029	114	0
5030	115	0
5031	114	0
5032	114	0
5033	114	0
5034	114	0
5035	115	0
5036	115	0
5037	114	0
5038	115	0
5039	115	0
5040	114	0
5041	114	0
5042	115	0
5043	115	0
5044	115	0
5045	114	0
5046	114	0
5047	114	0
5048	113	0
5049	114	0
5050	114	0
5051	114	0
5052	114	0
5053	114	0
5054	115	0
5055	114	0
5056	114	0
5057	114	0
5058	115	0
5059	115	0
5060	115	0
5061	113	0
5062	114	0
5063	115	0
5064	114	0
5065	114	0
5066	115	0
5067	114	0
5068	115	0
5069	115	0
5070	114	0
5071	114	0
5072	115	0
5073	113	0
5074	114	0
5075	114	0
5076	115	0
5077	114	0
5078	114	0
5079	115	0
5080	114	0
5081	114	0
5082	115	0
5083	115	0
5084	114	0
5085	115	0
5086	114	0
5087	114	0
5088	114	0
5089	115	0
5090	115	0
5091	115	0
5092	115	0
5093	114	0
5094	114	0
5095	114	0
5096	114	0
5097	114	0
5098	114	0
5099	115	0
5100	113	0
5101	113	0
5102	114	0
5103	114	0
5104	114	0
5105	115	0
5106	114	0
5107	114	0
5108	115	0
5109	115	0
5110	115	0
5111	114	0
5112	114	0
5113	115	0
5114	114	0
5115	115	0
5116	115	0
5117	115	0
5118	114	0
5119	114	0
5120	114	0
5121	114	0
5122	115	0
5123	115	0
5124	114	0
5125	114	0
5126	115	0
5127	115	0
5128	115	0
5129	114	0
5130	114	0
5131	114	0
5132	115	0
5133	114	0
5134	115	0
5135	114	0
5136	115	0
5137	114	0
5138	114	0
5139	115	0
5140	114	0
5141	114	0
5142	114	0
5143	115	0
5144	115	0
5145	115	0
5146	115	0
5147	115	0
5148	115	0
5149	114	0
5150	114	0
5151	114	0
5152	115	0
5153	115	0
5154	115	0
5155	114	0
5156	115	0
5157	115	0
5158	115	0
5159	114	0
5160	115	0
5161	114	0
5162	114	0
5163	113	0
5164	115	0
5165	115	0
5166	115	0
5167	114	0
5168	115	0
5169	114	0
5170	114	0
5171	114	0
5172	115	0
5173	115	0
5174	115	0
5175	114	0
5176	115	0
5177	115	0
5178	115	0
5179	115	0
5180	115	0
5181	114	0
5182	113	0
5183	114	0
5184	114	0
5185	114	0
5186	115	0
5187	115	0
5188	115	0
5189	114	0
5190	115	0
5191	115	0
5192	115	0
5193	114	0
5194	115	0
5195	115	0
5196	115	0
5197	114	0
5198	115	0
5199	115	0
5200	115	0
5201	114	0
5202	115	0
5203	115	0
5204	115	0
5205	114	0
5206	115	0
5207	114	0
5208	114	0
5209	115	0
5210	115	0
5211	115	0
5212	115	0
5213	115	0
5214	115	0
5215	114	0
5216	115	0
5217	114	0
5218	115	0
5219	114	0
5220	115	0
5221	115	0
5222	114	0
5223	114	0
5224	114	0
5225	114	0
5226	114	0
5227	114	0
5228	114	0
5229	114	0
5230	114	0
5231	114	0
5232	115	0
5233	114	0
5234	115	0
5235	115	0
5236	115	0
5237	115	0
5238	116	0
5239	115	0
5240	115	0
5241	114	0
5242	115	0
5243	115	0
5244	115	0
5245	114	0
5246	115	0
5247	114	0
5248	115	0
5249	114	0
5250	114	0
5251	114	0
5252	115	0
5253	115	0
5254	114	0
5255	114	0
5256	114	0
5257	115	0
5258	114	0
5259	115	0
5260	115	0
5261	114	0
5262	115	0
5263	115	0
5264	115	0
5265	114	0
5266	115	0
5267	115	0
5268	115	0
5269	115	0
5270	115	0
5271	115	0
5272	114	0
5273	115	0
5274	114	0
5275	114	0
5276	114	0
5277	115	0
5278	114	0
5279	115	0
5280	115	0
5281	114	0
5282	114	0
5283	115	0
5284	113	0
5285	113	0
5286	113	0
5287	113	0
5288	113	0
5289	113	0
5290	113	0
5291	113	0
5292	114	0
5293	113	0
5294	114	0
5295	114	0
5296	115	0
5297	115	0
5298	115	0
5299	115	0
5300	114	0
5301	115	0
5302	115	0
5303	114	0
5304	115	0
5305	115	0
5306	115	0
5307	115	0
5308	115	0
5309	115	0
5310	115	0
5311	115	0
5312	115	0
5313	115	0
5314	114	0
5315	115	0
5316	115	0
5317	115	0
5318	115	0
5319	115	0
5320	115	0
5321	115	0
5322	114	0
5323	115	0
5324	114	0
5325	115	0
5326	114	0
5327	115	0
5328	114	0
5329	115	0
5330	115	0
5331	115	0
5332	115	0
5333	115	0
5334	115	0
5335	114	0
5336	115	0
5337	115	0
5338	115	0
5339	115	0
5340	115	0
5341	115	0
5342	115	0
5343	114	0
5344	114	0
5345	114	0
5346	115	0
5347	115	0
5348	115	0
5349	115	0
5350	115	0
5351	115	0
5352	115	0
5353	115	0
5354	115	0
5355	115	0
5356	115	0
5357	115	0
5358	115	0
5359	115	0
5360	115	0
5361	115	0
5362	115	0
5363	114	0
5364	114	0
5365	114	0
5366	115	0
5367	115	0
5368	115	0
5369	115	0
5370	115	0
5371	115	0
5372	114	0
5373	114	0
5374	113	0
5375	115	0
5376	114	0
5377	115	0
5378	115	0
5379	115	0
5380	115	0
5381	115	0
5382	115	0
5383	114	0
5384	114	0
5385	114	0
5386	114	0
5387	114	0
5388	114	0
5389	114	0
5390	113	0
5391	115	0
5392	115	0
5393	115	0
5394	114	0
5395	115	0
5396	114	0
5397	114	0
5398	114	0
5399	115	0
5400	114	0
5401	115	0
5402	115	0
5403	114	0
5404	115	0
5405	115	0
5406	115	0
5407	114	0
5408	115	0
5409	116	0
5410	115	0
5411	115	0
5412	115	0
5413	114	0
5414	115	0
5415	113	0
5416	115	0
5417	115	0
5418	115	0
5419	115	0
5420	115	0
5421	115	0
5422	114	0
5423	115	0
5424	114	0
5425	115	0
5426	115	0
5427	114	0
5428	114	0
5429	115	0
5430	115	0
5431	114	0
5432	115	0
5433	114	0
5434	115	0
5435	114	0
5436	115	0
5437	114	0
5438	115	0
5439	115	0
5440	115	0
5441	115	0
5442	115	0
5443	115	0
5444	115	0
5445	115	0
5446	115	0
5447	114	0
5448	114	0
5449	115	0
5450	115	0
5451	115	0
5452	115	0
5453	114	0
5454	115	0
5455	114	0
5456	115	0
5457	115	0
5458	115	0
5459	115	0
5460	115	0
5461	115	0
5462	114	0
5463	115	0
5464	115	0
5465	115	0
5466	114	0
5467	115	0
5468	114	0
5469	115	0
5470	114	0
5471	115	0
5472	114	0
5473	115	0
5474	115	0
5475	115	0
5476	115	0
5477	115	0
5478	115	0
5479	115	0
5480	115	0
5481	115	0
5482	115	0
5483	115	0
5484	114	0
5485	115	0
5486	115	0
5487	114	0
5488	115	0
5489	114	0
5490	115	0
5491	114	0
5492	115	0
5493	115	0
5494	115	0
5495	114	0
5496	114	0
5497	115	0
5498	115	0
5499	115	0
5500	115	0
5501	113	0
5502	114	0
5503	115	0
5504	114	0
5505	114	0
5506	115	0
5507	115	0
5508	114	0
5509	114	0
5510	114	0
5511	115	0
5512	114	0
5513	115	0
5514	115	0
5515	114	0
5516	114	0
5517	114	0
5518	115	0
5519	114	0
5520	115	0
5521	114	0
5522	114	0
5523	114	0
5524	115	0
5525	115	0
5526	115	0
5527	114	0
5528	114	0
5529	115	0
5530	115	0
5531	114	0
5532	115	0
5533	115	0
5534	115	0
5535	114	0
5536	115	0
5537	114	0
5538	114	0
5539	114	0
5540	114	0
5541	114	0
5542	115	0
5543	115	0
5544	114	0
5545	115	0
5546	114	0
5547	115	0
5548	114	0
5549	115	0
5550	115	0
5551	115	0
5552	115	0
5553	115	0
5554	115	0
5555	115	0
5556	115	0
5557	115	0
5558	114	0
5559	114	0
5560	114	0
5561	114	0
5562	113	0
5563	115	0
5564	115	0
5565	115	0
5566	114	0
5567	115	0
5568	114	0
5569	115	0
5570	114	0
5571	115	0
5572	114	0
5573	115	0
5574	115	0
5575	115	0
5576	115	0
5577	115	0
5578	115	0
5579	115	0
5580	115	0
5581	115	0
5582	114	0
5583	115	0
5584	115	0
5585	114	0
5586	114	0
5587	114	0
5588	115	0
5589	115	0
5590	114	0
5591	115	0
5592	114	0
5593	115	0
5594	115	0
5595	115	0
5596	115	0
5597	114	0
5598	115	0
5599	114	0
5600	114	0
5601	115	0
5602	115	0
5603	115	0
5604	115	0
5605	114	0
5606	114	0
5607	115	0
5608	115	0
5609	114	0
5610	115	0
5611	114	0
5612	114	0
5613	114	0
5614	115	0
5615	114	0
5616	113	0
5617	114	0
5618	115	0
5619	115	0
5620	115	0
5621	115	0
5622	115	0
5623	115	0
5624	114	0
5625	115	0
5626	115	0
5627	115	0
5628	114	0
5629	115	0
5630	114	0
5631	115	0
5632	114	0
5633	115	0
5634	114	0
5635	115	0
5636	115	0
5637	115	0
5638	114	0
5639	114	0
5640	114	0
5641	114	0
5642	115	0
5643	115	0
5644	115	0
5645	115	0
5646	115	0
5647	115	0
5648	114	0
5649	114	0
5650	114	0
5651	114	0
5652	114	0
5653	115	0
5654	114	0
5655	114	0
5656	114	0
5657	114	0
5658	114	0
5659	114	0
5660	115	0
5661	113	0
5662	115	0
5663	114	0
5664	114	0
5665	115	0
5666	115	0
5667	115	0
5668	115	0
5669	115	0
5670	114	0
5671	115	0
5672	114	0
5673	115	0
5674	115	0
5675	115	0
5676	116	0
5677	116	0
5678	116	0
5679	115	0
5680	115	0
5681	115	0
5682	115	0
5683	115	0
5684	115	0
5685	114	0
5686	114	0
5687	114	0
5688	115	0
5689	115	0
5690	114	0
5691	115	0
5692	114	0
5693	115	0
5694	114	0
5695	115	0
5696	114	0
5697	115	0
5698	115	0
5699	114	0
5700	114	0
5701	115	0
5702	115	0
5703	114	0
5704	115	0
5705	114	0
5706	114	0
5707	113	0
5708	114	0
5709	114	0
5710	114	0
5711	116	0
5712	133	0
5713	161	0
5714	185	0
5715	202	0
5716	213	0
5717	216	0
5718	206	0
5719	187	0
5720	161	0
5721	130	0
5722	99	0
5723	70	0
5724	54	0
5725	49	0
5726	50	0
5727	52	0
5728	54	0
5729	55	0
5730	69	0
5731	99	0
5732	131	0
5733	162	0
5734	186	0
5735	204	0
5736	214	0
5737	219	0
5738	211	0
5739	191	0
5740	165	0
5741	133	0
5742	100	0
5743	70	0
5744	53	0
5745	49	0
5746	49	0
5747	52	0
5748	53	0
5749	55	0
5750	66	0
5751	95	0
5752	129	0
5753	160	0
5754	186	0
5755	205	0
5756	216	0
5757	222	0
5758	215	0
5759	197	0
5760	169	0
5761	137	0
5762	102	0
5763	72	0
5764	52	0
5765	49	0
5766	49	0
5767	52	0
5768	53	0
5769	54	0
5770	63	0
5771	92	0
5772	127	0
5773	160	0
5774	186	0
5775	205	0
5776	217	0
5777	222	0
5778	218	0
5779	190	0
5780	155	0
5781	123	0
5782	93	0
5783	68	0
5784	52	0
5785	48	0
5786	51	0
5787	52	0
5788	54	0
5789	56	0
5790	73	0
5791	103	0
5792	124	0
5793	119	0
5794	117	0
5795	117	0
5796	115	0
5797	115	0
5798	115	0
5799	114	0
5800	114	0
5801	115	0
5802	114	0
5803	113	0
5804	114	0
5805	113	0
5806	113	0
5807	114	0
5808	113	0
5809	113	0
5810	114	0
5811	114	0
5812	114	0
5813	114	0
5814	113	0
5815	114	0
5816	113	0
5817	113	0
5818	114	0
5819	114	0
5820	114	0
5821	114	0
5822	113	0
5823	114	0
5824	113	0
5825	113	0
5826	114	0
5827	114	0
5828	114	0
5829	114	0
5830	113	0
5831	114	0
5832	113	0
5833	113	0
5834	113	0
5835	114	0
5836	115	0
5837	114	0
5838	114	0
5839	114	0
5840	114	0
5841	113	0
5842	115	0
5843	113	0
5844	114	0
5845	114	0
5846	114	0
5847	114	0
5848	114	0
5849	115	0
5850	113	0
5851	113	0
5852	114	0
5853	114	0
5854	114	0
5855	114	0
5856	114	0
5857	115	0
5858	114	0
5859	114	0
5860	113	0
5861	114	0
5862	114	0
5863	114	0
5864	114	0
5865	114	0
5866	114	0
5867	114	0
5868	114	0
5869	114	0
5870	115	0
5871	113	0
5872	114	0
5873	114	0
5874	114	0
5875	114	0
5876	114	0
5877	115	0
5878	115	0
5879	114	0
5880	115	0
5881	114	0
5882	114	0
5883	114	0
5884	114	0
5885	114	0
5886	115	0
5887	113	0
5888	114	0
5889	114	0
5890	114	0
5891	114	0
5892	115	0
5893	115	0
5894	114	0
5895	114	0
5896	114	0
5897	114	0
5898	114	0
5899	114	0
5900	115	0
5901	115	0
5902	113	0
5903	114	0
5904	114	0
5905	115	0
5906	114	0
5907	114	0
5908	115	0
5909	114	0
5910	114	0
5911	114	0
5912	115	0
5913	115	0
5914	114	0
5915	115	0
5916	115	0
5917	115	0
5918	114	0
5919	115	0
5920	114	0
5921	114	0
5922	114	0
5923	114	0
5924	114	0
5925	114	0
5926	114	0
5927	115	0
5928	114	0
5929	114	0
5930	115	0
5931	114	0
5932	115	0
5933	115	0
5934	114	0
5935	115	0
5936	114	0
5937	115	0
5938	115	0
5939	114	0
5940	115	0
5941	114	0
5942	115	0
5943	114	0
5944	115	0
5945	114	0
5946	115	0
5947	115	0
5948	115	0
5949	115	0
5950	114	0
5951	114	0
5952	115	0
5953	115	0
5954	114	0
5955	115	0
5956	115	0
5957	115	0
5958	114	0
5959	114	0
5960	115	0
5961	115	0
5962	114	0
5963	114	0
5964	113	0
5965	114	0
5966	115	0
5967	114	0
5968	114	0
5969	115	0
5970	115	0
5971	115	0
5972	114	0
5973	114	0
5974	114	0
5975	114	0
5976	115	0
5977	115	0
5978	115	0
5979	114	0
5980	115	0
5981	115	0
5982	115	0
5983	114	0
5984	115	0
5985	114	0
5986	115	0
5987	114	0
5988	115	0
5989	115	0
5990	115	0
5991	115	0
5992	115	0
5993	115	0
5994	115	0
5995	114	0
5996	114	0
5997	114	0
5998	114	0
5999	114	0
6000	115	0
6001	115	0
6002	114	0
6003	115	0
6004	114	0
6005	114	0
6006	114	0
6007	115	0
6008	114	0
6009	114	0
6010	114	0
6011	114	0
6012	115	0
6013	115	0
6014	115	0
6015	115	0
6016	115	0
6017	114	0
6018	115	0
6019	115	0
6020	115	0
6021	114	0
6022	115	0
6023	114	0
6024	114	0
6025	114	0
6026	114	0
6027	115	0
6028	115	0
6029	114	0
6030	114	0
6031	114	0
6032	115	0
6033	114	0
6034	115	0
6035	115	0
6036	115	0
6037	115	0
6038	114	0
6039	114	0
6040	115	0
6041	114	0
6042	114	0
6043	114	0
6044	115	0
6045	114	0
6046	115	0
6047	114	0
6048	114	0
6049	114	0
6050	115	0
6051	114	0
6052	114	0
6053	115	0
6054	115	0
6055	115	0
6056	115	0
6057	115	0
6058	115	0
6059	114	0
6060	115	0
6061	114	0
6062	114	0
6063	114	0
6064	115	0
6065	114	0
6066	114	0
6067	114	0
6068	114	0
6069	114	0
6070	115	0
6071	114	0
6072	115	0
6073	114	0
6074	115	0
6075	114	0
6076	115	0
6077	114	0
6078	115	0
6079	115	0
6080	115	0
6081	113	0
6082	114	0
6083	114	0
6084	114	0
6085	115	0
6086	115	0
6087	115	0
6088	114	0
6089	115	0
6090	115	0
6091	114	0
6092	114	0
6093	115	0
6094	114	0
6095	115	0
6096	115	0
6097	115	0
6098	115	0
6099	115	0
6100	114	0
6101	114	0
6102	114	0
6103	114	0
6104	115	0
6105	115	0
6106	115	0
6107	114	0
6108	114	0
6109	115	0
6110	114	0
6111	115	0
6112	114	0
6113	115	0
6114	115	0
6115	115	0
6116	114	0
6117	115	0
6118	115	0
6119	115	0
6120	113	0
6121	115	0
6122	115	0
6123	114	0
6124	114	0
6125	115	0
6126	115	0
6127	113	0
6128	114	0
6129	114	0
6130	114	0
6131	114	0
6132	114	0
6133	114	0
6134	115	0
6135	115	0
6136	115	0
6137	113	0
6138	114	0
6139	114	0
6140	114	0
6141	115	0
6142	115	0
6143	115	0
6144	114	0
6145	114	0
6146	115	0
6147	114	0
6148	114	0
6149	115	0
6150	115	0
6151	115	0
6152	114	0
6153	114	0
6154	115	0
6155	115	0
6156	114	0
6157	115	0
6158	115	0
6159	114	0
6160	114	0
6161	114	0
6162	114	0
6163	114	0
6164	115	0
6165	115	0
6166	114	0
6167	113	0
6168	114	0
6169	114	0
6170	115	0
6171	115	0
6172	115	0
6173	115	0
6174	115	0
6175	115	0
6176	114	0
6177	115	0
6178	114	0
6179	114	0
6180	114	0
6181	115	0
6182	114	0
6183	116	0
6184	115	0
6185	114	0
6186	115	0
6187	114	0
6188	115	0
6189	115	0
6190	115	0
6191	114	0
6192	115	0
6193	115	0
6194	115	0
6195	115	0
6196	115	0
6197	115	0
6198	115	0
6199	115	0
6200	115	0
6201	114	0
6202	115	0
6203	114	0
6204	114	0
6205	115	0
6206	115	0
6207	114	0
6208	114	0
6209	114	0
6210	115	0
6211	115	0
6212	115	0
6213	114	0
6214	114	0
6215	114	0
6216	115	0
6217	115	0
6218	115	0
6219	114	0
6220	115	0
6221	115	0
6222	115	0
6223	114	0
6224	115	0
6225	115	0
6226	115	0
6227	114	0
6228	114	0
6229	115	0
6230	115	0
6231	114	0
6232	114	0
6233	114	0
6234	114	0
6235	113	0
6236	113	0
6237	113	0
6238	113	0
6239	113	0
6240	114	0
6241	113	0
6242	114	0
6243	114	0
6244	114	0
6245	115	0
6246	115	0
6247	115	0
6248	114	0
6249	114	0
6250	115	0
6251	115	0
6252	115	0
6253	115	0
6254	114	0
6255	115	0
6256	115	0
6257	115	0
6258	115	0
6259	115	0
6260	115	0
6261	115	0
6262	115	0
6263	115	0
6264	115	0
6265	115	0
6266	115	0
6267	115	0
6268	115	0
6269	114	0
6270	115	0
6271	114	0
6272	115	0
6273	115	0
6274	114	0
6275	115	0
6276	115	0
6277	114	0
6278	114	0
6279	114	0
6280	115	0
6281	115	0
6282	115	0
6283	115	0
6284	115	0
6285	115	0
6286	115	0
6287	115	0
6288	114	0
6289	115	0
6290	115	0
6291	115	0
6292	115	0
6293	116	0
6294	115	0
6295	114	0
6296	114	0
6297	115	0
6298	116	0
6299	115	0
6300	114	0
6301	115	0
6302	115	0
6303	115	0
6304	115	0
6305	115	0
6306	115	0
6307	114	0
6308	114	0
6309	114	0
6310	114	0
6311	115	0
6312	114	0
6313	114	0
6314	115	0
6315	114	0
6316	115	0
6317	115	0
6318	115	0
6319	115	0
6320	114	0
6321	115	0
6322	114	0
6323	114	0
6324	114	0
6325	114	0
6326	115	0
6327	115	0
6328	115	0
6329	115	0
6330	115	0
6331	114	0
6332	114	0
6333	115	0
6334	114	0
6335	115	0
6336	115	0
6337	114	0
6338	115	0
6339	115	0
6340	115	0
6341	115	0
6342	114	0
6343	114	0
6344	115	0
6345	115	0
6346	115	0
6347	115	0
6348	115	0
6349	114	0
6350	114	0
6351	115	0
6352	115	0
6353	115	0
6354	115	0
6355	114	0
6356	115	0
6357	114	0
6358	114	0
6359	115	0
6360	114	0
6361	114	0
6362	115	0
6363	114	0
6364	115	0
6365	115	0
6366	114	0
6367	114	0
6368	114	0
6369	114	0
6370	115	0
6371	115	0
6372	115	0
6373	114	0
6374	114	0
6375	115	0
6376	114	0
6377	115	0
6378	115	0
6379	115	0
6380	115	0
6381	115	0
6382	114	0
6383	115	0
6384	115	0
6385	114	0
6386	115	0
6387	115	0
6388	115	0
6389	115	0
6390	115	0
6391	114	0
6392	115	0
6393	115	0
6394	114	0
6395	114	0
6396	114	0
6397	115	0
6398	115	0
6399	115	0
6400	114	0
6401	114	0
6402	115	0
6403	114	0
6404	114	0
6405	115	0
6406	115	0
6407	115	0
6408	115	0
6409	115	0
6410	115	0
6411	114	0
6412	114	0
6413	115	0
6414	115	0
6415	115	0
6416	115	0
6417	114	0
6418	113	0
6419	114	0
6420	114	0
6421	115	0
6422	115	0
6423	115	0
6424	115	0
6425	114	0
6426	114	0
6427	115	0
6428	114	0
6429	115	0
6430	115	0
6431	115	0
6432	115	0
6433	115	0
6434	114	0
6435	115	0
6436	115	0
6437	114	0
6438	115	0
6439	114	0
6440	115	0
6441	114	0
6442	115	0
6443	114	0
6444	115	0
6445	115	0
6446	115	0
6447	115	0
6448	115	0
6449	115	0
6450	114	0
6451	114	0
6452	114	0
6453	115	0
6454	114	0
6455	114	0
6456	115	0
6457	115	0
6458	114	0
6459	115	0
6460	114	0
6461	115	0
6462	114	0
6463	114	0
6464	114	0
6465	114	0
6466	115	0
6467	114	0
6468	114	0
6469	113	0
6470	115	0
6471	115	0
6472	115	0
6473	115	0
6474	116	0
6475	115	0
6476	114	0
6477	114	0
6478	114	0
6479	115	0
6480	115	0
6481	115	0
6482	115	0
6483	114	0
6484	115	0
6485	115	0
6486	115	0
6487	115	0
6488	115	0
6489	114	0
6490	114	0
6491	115	0
6492	115	0
6493	115	0
6494	115	0
6495	114	0
6496	115	0
6497	115	0
6498	115	0
6499	114	0
6500	114	0
6501	115	0
6502	115	0
6503	114	0
6504	114	0
6505	114	0
6506	115	0
6507	114	0
6508	115	0
6509	114	0
6510	115	0
6511	115	0
6512	115	0
6513	115	0
6514	115	0
6515	114	0
6516	113	0
6517	115	0
6518	114	0
6519	114	0
6520	115	0
6521	115	0
6522	114	0
6523	115	0
6524	114	0
6525	115	0
6526	115	0
6527	115	0
6528	114	0
6529	115	0
6530	115	0
6531	114	0
6532	115	0
6533	115	0
6534	115	0
6535	114	0
6536	115	0
6537	115	0
6538	114	0
6539	114	0
6540	115	0
6541	115	0
6542	115	0
6543	115	0
6544	115	0
6545	115	0
6546	114	0
6547	115	0
6548	115	0
6549	114	0
6550	115	0
6551	115	0
6552	115	0
6553	113	0
6554	115	0
6555	115	0
6556	115	0
6557	115	0
6558	115	0
6559	115	0
6560	115	0
6561	115	0
6562	113	0
6563	114	0
6564	115	0
6565	115	0
6566	114	0
6567	115	0
6568	115	0
6569	114	0
6570	115	0
6571	115	0
6572	115	0
6573	115	0
6574	116	0
6575	115	0
6576	115	0
6577	115	0
6578	115	0
6579	115	0
6580	115	0
6581	114	0
6582	115	0
6583	114	0
6584	114	0
6585	115	0
6586	115	0
6587	115	0
6588	115	0
6589	114	0
6590	115	0
6591	114	0
6592	115	0
6593	114	0
6594	114	0
6595	114	0
6596	115	0
6597	115	0
6598	115	0
6599	114	0
6600	115	0
6601	115	0
6602	115	0
6603	115	0
6604	115	0
6605	115	0
6606	114	0
6607	115	0
6608	115	0
6609	115	0
6610	115	0
6611	114	0
6612	114	0
6613	115	0
6614	114	0
6615	114	0
6616	115	0
6617	115	0
6618	115	0
6619	114	0
6620	115	0
6621	115	0
6622	115	0
6623	115	0
6624	117	0
6625	117	0
6626	116	0
6627	115	0
6628	116	0
6629	116	0
6630	115	0
6631	115	0
6632	115	0
6633	115	0
6634	115	0
6635	116	0
6636	114	0
6637	115	0
6638	114	0
6639	114	0
6640	115	0
6641	115	0
6642	114	0
6643	115	0
6644	114	0
6645	115	0
6646	115	0
6647	115	0
6648	114	0
6649	113	0
6650	114	0
6651	114	0
6652	115	0
6653	115	0
6654	115	0
6655	115	0
6656	114	0
6657	115	0
6658	114	0
6659	114	0
6660	114	0
6661	115	0
6662	130	0
6663	158	0
6664	182	0
6665	200	0
6666	213	0
6667	216	0
6668	208	0
6669	190	0
6670	165	0
6671	134	0
6672	102	0
6673	73	0
6674	54	0
6675	49	0
6676	50	0
6677	52	0
6678	54	0
6679	56	0
6680	67	0
6681	96	0
6682	128	0
6683	158	0
6684	184	0
6685	203	0
6686	214	0
6687	219	0
6688	213	0
6689	195	0
6690	168	0
6691	137	0
6692	104	0
6693	74	0
6694	54	0
6695	49	0
6696	49	0
6697	52	0
6698	53	0
6699	55	0
6700	65	0
6701	92	0
6702	126	0
6703	158	0
6704	183	0
6705	203	0
6706	214	0
6707	221	0
6708	218	0
6709	200	0
6710	172	0
6711	139	0
6712	105	0
6713	75	0
6714	54	0
6715	49	0
6716	50	0
6717	52	0
6718	53	0
6719	54	0
6720	61	0
6721	89	0
6722	124	0
6723	157	0
6724	183	0
6725	203	0
6726	216	0
6727	222	0
6728	218	0
6729	192	0
6730	158	0
6731	126	0
6732	97	0
6733	70	0
6734	53	0
6735	49	0
6736	50	0
6737	52	0
6738	53	0
6739	56	0
6740	70	0
6741	101	0
6742	123	0
6743	119	0
6744	117	0
6745	117	0
6746	116	0
6747	115	0
6748	115	0
6749	115	0
6750	114	0
6751	114	0
6752	114	0
6753	114	0
6754	113	0
6755	113	0
6756	113	0
6757	114	0
6758	114	0
6759	113	0
6760	113	0
6761	113	0
6762	114	0
6763	113	0
6764	114	0
6765	113	0
6766	114	0
6767	114	0
6768	114	0
6769	113	0
6770	115	0
6771	114	0
6772	113	0
6773	114	0
6774	114	0
6775	114	0
6776	113	0
6777	114	0
6778	114	0
6779	114	0
6780	114	0
6781	114	0
6782	114	0
6783	114	0
6784	114	0
6785	114	0
6786	114	0
6787	114	0
6788	114	0
6789	113	0
6790	114	0
6791	113	0
6792	114	0
6793	114	0
6794	114	0
6795	114	0
6796	114	0
6797	115	0
6798	115	0
6799	113	0
6800	114	0
6801	114	0
6802	114	0
6803	113	0
6804	114	0
6805	114	0
6806	114	0
6807	114	0
6808	114	0
6809	115	0
6810	114	0
6811	114	0
6812	114	0
6813	114	0
6814	114	0
6815	115	0
6816	114	0
6817	114	0
6818	114	0
6819	113	0
6820	115	0
6821	115	0
6822	115	0
6823	114	0
6824	115	0
6825	114	0
6826	113	0
6827	114	0
6828	115	0
6829	115	0
6830	115	0
6831	115	0
6832	114	0
6833	114	0
6834	113	0
6835	113	0
6836	114	0
6837	115	0
6838	114	0
6839	114	0
6840	114	0
6841	115	0
6842	114	0
6843	115	0
6844	114	0
6845	113	0
6846	114	0
6847	114	0
6848	114	0
6849	115	0
6850	114	0
6851	115	0
6852	113	0
6853	114	0
6854	114	0
6855	115	0
6856	115	0
6857	114	0
6858	115	0
6859	115	0
6860	114	0
6861	115	0
6862	115	0
6863	115	0
6864	113	0
6865	114	0
6866	114	0
6867	115	0
6868	114	0
6869	115	0
6870	115	0
6871	115	0
6872	114	0
6873	114	0
6874	114	0
6875	114	0
6876	115	0
6877	114	0
6878	114	0
6879	114	0
6880	114	0
6881	113	0
6882	114	0
6883	115	0
6884	114	0
6885	115	0
6886	115	0
6887	115	0
6888	114	0
6889	114	0
6890	115	0
6891	115	0
6892	115	0
6893	114	0
6894	114	0
6895	115	0
6896	114	0
6897	114	0
6898	114	0
6899	114	0
6900	115	0
6901	115	0
6902	114	0
6903	114	0
6904	114	0
6905	114	0
6906	115	0
6907	115	0
6908	115	0
6909	114	0
6910	115	0
6911	114	0
6912	114	0
6913	114	0
6914	115	0
6915	115	0
6916	115	0
6917	115	0
6918	115	0
6919	114	0
6920	114	0
6921	115	0
6922	115	0
6923	114	0
6924	115	0
6925	114	0
6926	114	0
6927	114	0
6928	114	0
6929	115	0
6930	115	0
6931	114	0
6932	114	0
6933	114	0
6934	115	0
6935	114	0
6936	114	0
6937	114	0
6938	115	0
6939	114	0
6940	115	0
6941	115	0
6942	115	0
6943	114	0
6944	114	0
6945	114	0
6946	114	0
6947	115	0
6948	114	0
6949	115	0
6950	114	0
6951	114	0
6952	115	0
6953	114	0
6954	114	0
6955	115	0
6956	115	0
6957	114	0
6958	115	0
6959	115	0
6960	115	0
6961	115	0
6962	115	0
6963	115	0
6964	115	0
6965	114	0
6966	113	0
6967	114	0
6968	115	0
6969	114	0
6970	114	0
6971	114	0
6972	115	0
6973	115	0
6974	115	0
6975	114	0
6976	115	0
6977	115	0
6978	115	0
6979	115	0
6980	115	0
6981	115	0
6982	114	0
6983	114	0
6984	114	0
6985	115	0
6986	115	0
6987	114	0
6988	115	0
6989	115	0
6990	115	0
6991	115	0
6992	114	0
6993	115	0
6994	115	0
6995	115	0
6996	114	0
6997	114	0
6998	114	0
6999	113	0
7000	115	0
7001	115	0
7002	115	0
7003	115	0
7004	115	0
7005	115	0
7006	115	0
7007	115	0
7008	113	0
7009	115	0
7010	115	0
7011	115	0
7012	115	0
7013	115	0
7014	115	0
7015	115	0
7016	115	0
7017	115	0
7018	114	0
7019	115	0
7020	114	0
7021	114	0
7022	115	0
7023	114	0
7024	114	0
7025	115	0
7026	115	0
7027	114	0
7028	115	0
7029	114	0
7030	115	0
7031	114	0
7032	115	0
7033	115	0
7034	115	0
7035	115	0
7036	115	0
7037	115	0
7038	114	0
7039	115	0
7040	115	0
7041	114	0
7042	114	0
7043	115	0
7044	115	0
7045	115	0
7046	115	0
7047	115	0
7048	115	0
7049	114	0
7050	115	0
7051	114	0
7052	113	0
7053	114	0
7054	115	0
7055	115	0
7056	114	0
7057	115	0
7058	115	0
7059	114	0
7060	114	0
7061	115	0
7062	114	0
7063	114	0
7064	115	0
7065	114	0
7066	115	0
7067	115	0
7068	115	0
7069	114	0
7070	115	0
7071	114	0
7072	114	0
7073	114	0
7074	114	0
7075	115	0
7076	114	0
7077	115	0
7078	115	0
7079	114	0
7080	114	0
7081	114	0
7082	114	0
7083	115	0
7084	115	0
7085	115	0
7086	115	0
7087	114	0
7088	115	0
7089	115	0
7090	115	0
7091	115	0
7092	114	0
7093	115	0
7094	114	0
7095	115	0
7096	114	0
7097	115	0
7098	115	0
7099	115	0
7100	114	0
7101	114	0
7102	114	0
7103	115	0
7104	115	0
7105	115	0
7106	114	0
7107	115	0
7108	115	0
7109	114	0
7110	114	0
7111	114	0
7112	114	0
7113	115	0
7114	115	0
7115	115	0
7116	115	0
7117	114	0
7118	115	0
7119	113	0
7120	114	0
7121	114	0
7122	114	0
7123	115	0
7124	115	0
7125	115	0
7126	115	0
7127	115	0
7128	115	0
7129	114	0
7130	114	0
7131	115	0
7132	115	0
7133	115	0
7134	115	0
7135	115	0
7136	114	0
7137	115	0
7138	115	0
7139	116	0
7140	115	0
7141	115	0
7142	115	0
7143	115	0
7144	116	0
7145	115	0
7146	114	0
7147	114	0
7148	115	0
7149	115	0
7150	115	0
7151	115	0
7152	115	0
7153	115	0
7154	114	0
7155	115	0
7156	114	0
7157	115	0
7158	115	0
7159	115	0
7160	115	0
7161	115	0
7162	115	0
7163	114	0
7164	115	0
7165	115	0
7166	115	0
7167	115	0
7168	114	0
7169	114	0
7170	115	0
7171	115	0
7172	115	0
7173	115	0
7174	114	0
7175	114	0
7176	114	0
7177	115	0
7178	115	0
7179	115	0
7180	115	0
7181	114	0
7182	115	0
7183	114	0
7184	112	0
7185	113	0
7186	113	0
7187	113	0
7188	113	0
7189	113	0
7190	114	0
7191	114	0
7192	113	0
7193	114	0
7194	114	0
7195	115	0
7196	114	0
7197	115	0
7198	115	0
7199	114	0
7200	115	0
7201	115	0
7202	115	0
7203	115	0
7204	115	0
7205	114	0
7206	115	0
7207	115	0
7208	114	0
7209	115	0
7210	115	0
7211	115	0
7212	115	0
7213	114	0
7214	114	0
7215	115	0
7216	115	0
7217	113	0
7218	115	0
7219	114	0
7220	115	0
7221	114	0
7222	115	0
7223	115	0
7224	115	0
7225	114	0
7226	115	0
7227	115	0
7228	115	0
7229	114	0
7230	115	0
7231	115	0
7232	115	0
7233	114	0
7234	115	0
7235	114	0
7236	114	0
7237	114	0
7238	115	0
7239	115	0
7240	115	0
7241	114	0
7242	115	0
7243	115	0
7244	114	0
7245	115	0
7246	115	0
7247	115	0
7248	115	0
7249	115	0
7250	114	0
7251	115	0
7252	114	0
7253	115	0
7254	114	0
7255	115	0
7256	114	0
7257	115	0
7258	114	0
7259	115	0
7260	114	0
7261	115	0
7262	115	0
7263	115	0
7264	114	0
7265	115	0
7266	115	0
7267	114	0
7268	115	0
7269	115	0
7270	115	0
7271	114	0
7272	115	0
7273	114	0
7274	115	0
7275	115	0
7276	115	0
7277	115	0
7278	115	0
7279	115	0
7280	115	0
7281	115	0
7282	115	0
7283	115	0
7284	115	0
7285	115	0
7286	115	0
7287	115	0
7288	115	0
7289	115	0
7290	115	0
7291	115	0
7292	115	0
7293	114	0
7294	114	0
7295	115	0
7296	115	0
7297	114	0
7298	115	0
7299	114	0
7300	115	0
7301	114	0
7302	115	0
7303	114	0
7304	114	0
7305	115	0
7306	114	0
7307	114	0
7308	114	0
7309	114	0
7310	115	0
7311	116	0
7312	115	0
7313	115	0
7314	114	0
7315	114	0
7316	115	0
7317	115	0
7318	115	0
7319	115	0
7320	115	0
7321	115	0
7322	115	0
7323	114	0
7324	114	0
7325	114	0
7326	113	0
7327	114	0
7328	114	0
7329	115	0
7330	114	0
7331	115	0
7332	115	0
7333	115	0
7334	115	0
7335	115	0
7336	115	0
7337	115	0
7338	115	0
7339	115	0
7340	115	0
7341	114	0
7342	114	0
7343	114	0
7344	114	0
7345	114	0
7346	115	0
7347	115	0
7348	114	0
7349	114	0
7350	114	0
7351	114	0
7352	114	0
7353	113	0
7354	115	0
7355	115	0
7356	114	0
7357	114	0
7358	114	0
7359	114	0
7360	115	0
7361	115	0
7362	114	0
7363	115	0
7364	115	0
7365	114	0
7366	114	0
7367	114	0
7368	115	0
7369	114	0
7370	114	0
7371	114	0
7372	115	0
7373	115	0
7374	115	0
7375	114	0
7376	114	0
7377	114	0
7378	114	0
7379	115	0
7380	115	0
7381	114	0
7382	113	0
7383	114	0
7384	115	0
7385	115	0
7386	115	0
7387	115	0
7388	115	0
7389	114	0
7390	115	0
7391	115	0
7392	115	0
7393	114	0
7394	115	0
7395	114	0
7396	114	0
7397	115	0
7398	115	0
7399	115	0
7400	114	0
7401	115	0
7402	114	0
7403	115	0
7404	115	0
7405	115	0
7406	114	0
7407	115	0
7408	115	0
7409	115	0
7410	114	0
7411	114	0
7412	114	0
7413	114	0
7414	115	0
7415	115	0
7416	115	0
7417	115	0
7418	114	0
7419	115	0
7420	115	0
7421	115	0
7422	114	0
7423	115	0
7424	115	0
7425	114	0
7426	114	0
7427	115	0
7428	115	0
7429	114	0
7430	114	0
7431	114	0
7432	115	0
7433	114	0
7434	115	0
7435	115	0
7436	115	0
7437	115	0
7438	115	0
7439	115	0
7440	115	0
7441	115	0
7442	114	0
7443	115	0
7444	115	0
7445	115	0
7446	114	0
7447	115	0
7448	115	0
7449	114	0
7450	114	0
7451	115	0
7452	115	0
7453	114	0
7454	116	0
7455	114	0
7456	115	0
7457	114	0
7458	114	0
7459	115	0
7460	115	0
7461	115	0
7462	114	0
7463	113	0
7464	114	0
7465	115	0
7466	114	0
7467	115	0
7468	115	0
7469	115	0
7470	115	0
7471	115	0
7472	115	0
7473	114	0
7474	115	0
7475	114	0
7476	115	0
7477	114	0
7478	115	0
7479	115	0
7480	115	0
7481	115	0
7482	114	0
7483	115	0
7484	115	0
7485	114	0
7486	115	0
7487	114	0
7488	115	0
7489	114	0
7490	115	0
7491	115	0
7492	115	0
7493	115	0
7494	114	0
7495	115	0
7496	114	0
7497	114	0
7498	113	0
7499	114	0
7500	113	0
7501	114	0
7502	115	0
7503	115	0
7504	115	0
7505	115	0
7506	114	0
7507	115	0
7508	115	0
7509	115	0
7510	114	0
7511	115	0
7512	115	0
7513	115	0
7514	114	0
7515	114	0
7516	115	0
7517	114	0
7518	115	0
7519	115	0
7520	115	0
7521	115	0
7522	115	0
7523	115	0
7524	115	0
7525	114	0
7526	115	0
7527	113	0
7528	114	0
7529	113	0
7530	115	0
7531	115	0
7532	115	0
7533	115	0
7534	115	0
7535	115	0
7536	115	0
7537	115	0
7538	114	0
7539	115	0
7540	115	0
7541	115	0
7542	114	0
7543	115	0
7544	115	0
7545	114	0
7546	114	0
7547	115	0
7548	114	0
7549	113	0
7550	114	0
7551	114	0
7552	115	0
7553	114	0
7554	115	0
7555	115	0
7556	114	0
7557	115	0
7558	114	0
7559	115	0
7560	115	0
7561	115	0
7562	114	0
7563	114	0
7564	114	0
7565	114	0
7566	113	0
7567	114	0
7568	114	0
7569	114	0
7570	114	0
7571	115	0
7572	115	0
7573	115	0
7574	115	0
7575	115	0
7576	116	0
7577	116	0
7578	115	0
7579	115	0
7580	116	0
7581	115	0
7582	115	0
7583	115	0
7584	115	0
7585	115	0
7586	115	0
7587	115	0
7588	114	0
7589	114	0
7590	115	0
7591	114	0
7592	115	0
7593	115	0
7594	115	0
7595	114	0
7596	114	0
7597	115	0
7598	114	0
7599	114	0
7600	114	0
7601	115	0
7602	114	0
7603	115	0
7604	114	0
7605	114	0
7606	114	0
7607	114	0
7608	114	0
7609	115	0
7610	113	0
7611	122	0
7612	147	0
7613	174	0
7614	195	0
7615	209	0
7616	215	0
7617	213	0
7618	198	0
7619	174	0
7620	145	0
7621	114	0
7622	83	0
7623	60	0
7624	49	0
7625	49	0
7626	51	0
7627	52	0
7628	54	0
7629	61	0
7630	82	0
7631	116	0
7632	148	0
7633	175	0
7634	196	0
7635	210	0
7636	217	0
7637	216	0
7638	202	0
7639	179	0
7640	149	0
7641	115	0
7642	85	0
7643	59	0
7644	49	0
7645	48	0
7646	51	0
7647	52	0
7648	55	0
7649	58	0
7650	79	0
7651	113	0
7652	146	0
7653	174	0
7654	197	0
7655	210	0
7656	220	0
7657	221	0
7658	207	0
7659	183	0
7660	153	0
7661	118	0
7662	85	0
7663	60	0
7664	50	0
7665	48	0
7666	51	0
7667	52	0
7668	54	0
7669	58	0
7670	77	0
7671	110	0
7672	144	0
7673	174	0
7674	197	0
7675	212	0
7676	221	0
7677	222	0
7678	206	0
7679	170	0
7680	138	0
7681	108	0
7682	78	0
7683	57	0
7684	49	0
7685	49	0
7686	51	0
7687	52	0
7688	55	0
7689	62	0
7690	88	0
7691	117	0
7692	122	0
7693	118	0
7694	116	0
7695	116	0
7696	115	0
7697	115	0
7698	114	0
7699	114	0
7700	113	0
7701	114	0
7702	113	0
7703	114	0
7704	113	0
7705	113	0
7706	113	0
7707	114	0
7708	113	0
7709	114	0
7710	113	0
7711	113	0
7712	113	0
7713	114	0
7714	114	0
7715	114	0
7716	113	0
7717	113	0
7718	114	0
7719	113	0
7720	114	0
7721	114	0
7722	114	0
7723	114	0
7724	114	0
7725	114	0
7726	113	0
7727	113	0
7728	114	0
7729	114	0
7730	113	0
7731	114	0
7732	114	0
7733	114	0
7734	114	0
7735	113	0
7736	114	0
7737	113	0
7738	113	0
7739	114	0
7740	114	0
7741	114	0
7742	114	0
7743	114	0
7744	114	0
7745	114	0
7746	114	0
7747	114	0
7748	114	0
7749	114	0
7750	113	0
7751	113	0
7752	114	0
7753	114	0
7754	114	0
7755	113	0
7756	114	0
7757	114	0
7758	113	0
7759	114	0
7760	114	0
7761	114	0
7762	114	0
7763	114	0
7764	113	0
7765	113	0
7766	114	0
7767	113	0
7768	114	0
7769	113	0
7770	114	0
7771	115	0
7772	114	0
7773	114	0
7774	114	0
7775	115	0
7776	114	0
7777	114	0
7778	114	0
7779	114	0
7780	114	0
7781	115	0
7782	113	0
7783	114	0
7784	113	0
7785	114	0
7786	115	0
7787	113	0
7788	114	0
7789	114	0
7790	114	0
7791	114	0
7792	114	0
7793	115	0
7794	113	0
7795	115	0
7796	114	0
7797	114	0
7798	114	0
7799	114	0
7800	113	0
7801	114	0
7802	114	0
7803	114	0
7804	114	0
7805	115	0
7806	114	0
7807	114	0
7808	114	0
7809	115	0
7810	114	0
7811	115	0
7812	114	0
7813	115	0
7814	114	0
7815	114	0
7816	115	0
7817	114	0
7818	114	0
7819	115	0
7820	114	0
7821	113	0
7822	115	0
7823	114	0
7824	114	0
7825	115	0
7826	115	0
7827	115	0
7828	115	0
7829	115	0
7830	114	0
7831	114	0
7832	114	0
7833	114	0
7834	113	0
7835	114	0
7836	114	0
7837	114	0
7838	114	0
7839	114	0
7840	115	0
7841	114	0
7842	114	0
7843	114	0
7844	114	0
7845	114	0
7846	114	0
7847	114	0
7848	113	0
7849	114	0
7850	114	0
7851	114	0
7852	115	0
7853	115	0
7854	115	0
7855	114	0
7856	114	0
7857	114	0
7858	115	0
7859	114	0
7860	114	0
7861	114	0
7862	113	0
7863	114	0
7864	115	0
7865	115	0
7866	114	0
7867	115	0
7868	114	0
7869	114	0
7870	114	0
7871	115	0
7872	115	0
7873	115	0
7874	114	0
7875	114	0
7876	114	0
7877	115	0
7878	114	0
7879	115	0
7880	114	0
7881	114	0
7882	114	0
7883	114	0
7884	115	0
7885	115	0
7886	114	0
7887	113	0
7888	113	0
7889	114	0
7890	114	0
7891	113	0
7892	115	0
7893	114	0
7894	114	0
7895	115	0
7896	115	0
7897	114	0
7898	115	0
7899	115	0
7900	114	0
7901	114	0
7902	115	0
7903	114	0
7904	114	0
7905	114	0
7906	113	0
7907	115	0
7908	114	0
7909	115	0
7910	114	0
7911	114	0
7912	114	0
7913	114	0
7914	114	0
7915	115	0
7916	114	0
7917	115	0
7918	114	0
7919	114	0
7920	113	0
7921	114	0
7922	115	0
7923	114	0
7924	115	0
7925	115	0
7926	115	0
7927	115	0
7928	115	0
7929	114	0
7930	114	0
7931	114	0
7932	114	0
7933	114	0
7934	115	0
7935	114	0
7936	114	0
7937	113	0
7938	115	0
7939	114	0
7940	115	0
7941	114	0
7942	114	0
7943	114	0
7944	115	0
7945	115	0
7946	113	0
7947	114	0
7948	114	0
7949	115	0
7950	114	0
7951	115	0
7952	115	0
7953	114	0
7954	114	0
7955	115	0
7956	114	0
7957	114	0
7958	114	0
7959	114	0
7960	114	0
7961	115	0
7962	114	0
7963	114	0
7964	115	0
7965	114	0
7966	114	0
7967	115	0
7968	115	0
7969	114	0
7970	114	0
7971	115	0
7972	115	0
7973	115	0
7974	114	0
7975	115	0
7976	114	0
7977	114	0
7978	115	0
7979	115	0
7980	115	0
7981	114	0
7982	114	0
7983	115	0
7984	114	0
7985	114	0
7986	115	0
7987	115	0
7988	115	0
7989	115	0
7990	115	0
7991	114	0
7992	115	0
7993	114	0
7994	114	0
7995	114	0
7996	115	0
7997	114	0
7998	114	0
7999	114	0
