Oscilloscope data. 
Time step = 10,00 nS
Voltage step = 1,563 mV
Zero level = 94

N 	Smpl.	Trig

0	129	0
1	156	0
2	180	0
3	198	0
4	209	0
5	213	0
6	204	0
7	186	0
8	162	0
9	132	0
10	102	0
11	75	0
12	55	0
13	48	0
14	49	0
15	50	0
16	53	0
17	55	0
18	69	0
19	97	0
20	129	0
21	158	0
22	182	0
23	200	0
24	211	0
25	215	0
26	206	0
27	188	0
28	163	0
29	132	0
30	101	0
31	74	0
32	55	0
33	49	0
34	49	0
35	51	0
36	53	0
37	54	0
38	66	0
39	94	0
40	121	0
41	123	0
42	118	0
43	118	0
44	116	0
45	117	0
46	115	0
47	116	0
48	115	0
49	115	0
50	115	0
51	114	0
52	115	0
53	115	0
54	114	0
55	114	0
56	115	0
57	115	0
58	115	0
59	115	0
60	114	0
61	113	0
62	114	0
63	114	0
64	114	0
65	114	0
66	115	0
67	115	0
68	114	0
69	114	0
70	114	0
71	115	0
72	114	0
73	115	0
74	114	0
75	115	0
76	115	0
77	115	0
78	114	0
79	115	0
80	115	0
81	115	0
82	115	0
83	114	0
84	115	0
85	114	0
86	115	0
87	115	0
88	115	0
89	114	0
90	114	0
91	115	0
92	114	0
93	114	0
94	115	0
95	115	0
96	115	0
97	115	0
98	115	0
99	115	0
100	115	0
101	115	0
102	115	0
103	115	0
104	115	0
105	114	0
106	115	0
107	115	0
108	115	0
109	114	0
110	115	0
111	115	0
112	115	0
113	114	0
114	115	0
115	115	0
116	114	0
117	114	0
118	115	0
119	115	0
120	114	0
121	114	0
122	113	0
123	115	0
124	114	0
125	115	0
126	115	0
127	115	0
128	115	0
129	115	0
130	114	0
131	114	0
132	115	0
133	115	0
134	115	0
135	115	0
136	115	0
137	115	0
138	115	0
139	115	0
140	114	0
141	114	0
142	115	0
143	114	0
144	115	0
145	114	0
146	115	0
147	115	0
148	116	0
149	115	0
150	115	0
151	115	0
152	115	0
153	115	0
154	115	0
155	114	0
156	115	0
157	114	0
158	115	0
159	114	0
160	115	0
161	115	0
162	114	0
163	115	0
164	115	0
165	115	0
166	115	0
167	115	0
168	115	0
169	114	0
170	115	0
171	113	0
172	115	0
173	115	0
174	114	0
175	115	0
176	114	0
177	115	0
178	115	0
179	115	0
180	115	0
181	115	0
182	115	0
183	115	0
184	115	0
185	115	0
186	115	0
187	115	0
188	115	0
189	115	0
190	115	0
191	115	0
192	115	0
193	115	0
194	115	0
195	115	0
196	115	0
197	115	0
198	115	0
199	115	0
200	115	0
201	115	0
202	115	0
203	114	0
204	115	0
205	115	0
206	115	0
207	114	0
208	115	0
209	114	0
210	115	0
211	115	0
212	115	0
213	115	0
214	115	0
215	115	0
216	115	0
217	115	0
218	114	0
219	115	0
220	115	0
221	115	0
222	115	0
223	115	0
224	115	0
225	115	0
226	115	0
227	115	0
228	115	0
229	115	0
230	115	0
231	115	0
232	114	0
233	115	0
234	115	0
235	115	0
236	114	0
237	115	0
238	115	0
239	114	0
240	115	0
241	115	0
242	115	0
243	115	0
244	115	0
245	115	0
246	115	0
247	115	0
248	115	0
249	115	0
250	115	0
251	114	0
252	115	0
253	115	0
254	115	0
255	115	0
256	115	0
257	115	0
258	115	0
259	114	0
260	115	0
261	115	0
262	115	0
263	114	0
264	115	0
265	115	0
266	114	0
267	114	0
268	115	0
269	115	0
270	115	0
271	115	0
272	115	0
273	115	0
274	115	0
275	115	0
276	114	0
277	115	0
278	115	0
279	115	0
280	114	0
281	115	0
282	115	0
283	115	0
284	114	0
285	115	0
286	115	0
287	115	0
288	115	0
289	115	0
290	115	0
291	115	0
292	115	0
293	115	0
294	115	0
295	115	0
296	115	0
297	115	0
298	115	0
299	115	0
300	115	0
301	115	0
302	115	0
303	115	0
304	115	0
305	115	0
306	115	0
307	115	0
308	115	0
309	115	0
310	115	0
311	116	0
312	114	0
313	115	0
314	114	0
315	115	0
316	115	0
317	115	0
318	115	0
319	115	0
320	115	0
321	115	0
322	115	0
323	114	0
324	115	0
325	115	0
326	115	0
327	114	0
328	115	0
329	115	0
330	115	0
331	115	0
332	115	0
333	115	0
334	115	0
335	115	0
336	115	0
337	115	0
338	115	0
339	115	0
340	115	0
341	115	0
342	115	0
343	115	0
344	115	0
345	114	0
346	115	0
347	115	0
348	115	0
349	115	0
350	115	0
351	115	0
352	115	0
353	115	0
354	115	0
355	115	0
356	115	0
357	115	0
358	115	0
359	115	0
360	115	0
361	115	0
362	115	0
363	115	0
364	115	0
365	115	0
366	115	0
367	114	0
368	115	0
369	115	0
370	115	0
371	114	0
372	115	0
373	115	0
374	115	0
375	114	0
376	114	0
377	115	0
378	114	0
379	115	0
380	115	0
381	115	0
382	115	0
383	115	0
384	116	0
385	115	0
386	115	0
387	114	0
388	115	0
389	115	0
390	115	0
391	114	0
392	115	0
393	116	0
394	115	0
395	115	0
396	115	0
397	115	0
398	115	0
399	116	0
400	115	0
401	115	0
402	115	0
403	115	0
404	115	0
405	115	0
406	115	0
407	115	0
408	115	0
409	114	0
410	115	0
411	115	0
412	114	0
413	114	0
414	114	0
415	115	0
416	114	0
417	115	0
418	115	0
419	115	0
420	114	0
421	114	0
422	115	0
423	115	0
424	115	0
425	115	0
426	115	0
427	115	0
428	115	0
429	115	0
430	115	0
431	115	0
432	115	0
433	115	0
434	115	0
435	114	0
436	115	0
437	115	0
438	115	0
439	115	0
440	115	0
441	115	0
442	115	0
443	115	0
444	115	0
445	115	0
446	115	0
447	115	0
448	115	0
449	115	0
450	115	0
451	115	0
452	115	0
453	115	0
454	115	0
455	115	0
456	115	0
457	115	0
458	115	0
459	115	0
460	114	0
461	115	0
462	115	0
463	115	0
464	114	0
465	115	0
466	115	0
467	115	0
468	115	0
469	115	0
470	115	0
471	115	0
472	115	0
473	115	0
474	115	0
475	115	0
476	115	0
477	116	0
478	115	0
479	115	0
480	116	0
481	115	0
482	116	0
483	115	0
484	114	0
485	115	0
486	115	0
487	115	0
488	115	0
489	115	0
490	115	0
491	115	0
492	115	0
493	115	0
494	115	0
495	115	0
496	115	0
497	115	0
498	116	0
499	115	0
500	115	0
501	114	0
502	115	0
503	115	0
504	116	0
505	114	0
506	115	0
507	115	0
508	115	0
509	116	0
510	115	0
511	115	0
512	115	0
513	115	0
514	116	0
515	115	0
516	115	0
517	115	0
518	115	0
519	115	0
520	115	0
521	115	0
522	115	0
523	115	0
524	115	0
525	115	0
526	113	0
527	113	0
528	113	0
529	113	0
530	113	0
531	114	0
532	114	0
533	114	0
534	115	0
535	114	0
536	115	0
537	115	0
538	115	0
539	116	0
540	115	0
541	114	0
542	115	0
543	115	0
544	115	0
545	115	0
546	114	0
547	114	0
548	114	0
549	115	0
550	115	0
551	115	0
552	115	0
553	115	0
554	115	0
555	114	0
556	115	0
557	115	0
558	115	0
559	115	0
560	115	0
561	115	0
562	115	0
563	115	0
564	115	0
565	115	0
566	115	0
567	115	0
568	115	0
569	115	0
570	115	0
571	115	0
572	115	0
573	115	0
574	115	0
575	115	0
576	114	0
577	115	0
578	115	0
579	115	0
580	116	0
581	116	0
582	115	0
583	115	0
584	115	0
585	115	0
586	115	0
587	115	0
588	115	0
589	115	0
590	115	0
591	115	0
592	115	0
593	116	0
594	115	0
595	115	0
596	115	0
597	114	0
598	115	0
599	115	0
600	115	0
601	115	0
602	115	0
603	115	0
604	116	0
605	115	0
606	115	0
607	115	0
608	115	0
609	115	0
610	115	0
611	115	0
612	115	0
613	116	0
614	115	0
615	115	0
616	115	0
617	115	0
618	115	0
619	115	0
620	114	0
621	115	0
622	115	0
623	115	0
624	115	0
625	115	0
626	115	0
627	114	0
628	115	0
629	115	0
630	115	0
631	115	0
632	115	0
633	115	0
634	115	0
635	115	0
636	115	0
637	115	0
638	115	0
639	115	0
640	115	0
641	115	0
642	115	0
643	115	0
644	115	0
645	115	0
646	115	0
647	115	0
648	115	0
649	115	0
650	114	0
651	115	0
652	115	0
653	115	0
654	115	0
655	115	0
656	115	0
657	115	0
658	115	0
659	115	0
660	115	0
661	115	0
662	115	0
663	115	0
664	115	0
665	115	0
666	115	0
667	114	0
668	115	0
669	115	0
670	115	0
671	114	0
672	115	0
673	115	0
674	115	0
675	115	0
676	115	0
677	114	0
678	114	0
679	114	0
680	115	0
681	115	0
682	115	0
683	115	0
684	115	0
685	115	0
686	115	0
687	116	0
688	114	0
689	114	0
690	115	0
691	115	0
692	115	0
693	115	0
694	115	0
695	115	0
696	115	0
697	115	0
698	114	0
699	115	0
700	115	0
701	115	0
702	114	0
703	114	0
704	115	0
705	115	0
706	115	0
707	115	0
708	115	0
709	115	0
710	115	0
711	116	0
712	114	0
713	115	0
714	115	0
715	115	0
716	115	0
717	115	0
718	115	0
719	115	0
720	115	0
721	115	0
722	115	0
723	115	0
724	115	0
725	115	0
726	115	0
727	115	0
728	115	0
729	115	0
730	115	0
731	115	0
732	115	0
733	115	0
734	115	0
735	115	0
736	115	0
737	115	0
738	115	0
739	115	0
740	115	0
741	114	0
742	115	0
743	115	0
744	115	0
745	115	0
746	115	0
747	115	0
748	115	0
749	115	0
750	115	0
751	115	0
752	115	0
753	115	0
754	115	0
755	115	0
756	115	0
757	115	0
758	115	0
759	115	0
760	114	0
761	115	0
762	115	0
763	114	0
764	115	0
765	115	0
766	114	0
767	114	0
768	115	0
769	115	0
770	115	0
771	116	0
772	115	0
773	116	0
774	115	0
775	114	0
776	116	0
777	115	0
778	116	0
779	115	0
780	115	0
781	115	0
782	115	0
783	115	0
784	115	0
785	115	0
786	115	0
787	115	0
788	115	0
789	115	0
790	115	0
791	115	0
792	115	0
793	115	0
794	115	0
795	115	0
796	114	0
797	115	0
798	115	0
799	115	0
800	115	0
801	115	0
802	115	0
803	115	0
804	115	0
805	115	0
806	115	0
807	115	0
808	114	0
809	115	0
810	115	0
811	115	0
812	115	0
813	115	0
814	115	0
815	115	0
816	115	0
817	115	0
818	114	0
819	115	0
820	115	0
821	115	0
822	115	0
823	115	0
824	115	0
825	115	0
826	115	0
827	115	0
828	115	0
829	115	0
830	115	0
831	115	0
832	115	0
833	115	0
834	115	0
835	115	0
836	115	0
837	114	0
838	114	0
839	115	0
840	114	0
841	115	0
842	115	0
843	115	0
844	115	0
845	115	0
846	115	0
847	115	0
848	115	0
849	115	0
850	115	0
851	115	0
852	115	0
853	115	0
854	115	0
855	115	0
856	115	0
857	116	0
858	115	0
859	115	0
860	115	0
861	114	0
862	116	0
863	115	0
864	114	0
865	115	0
866	114	0
867	115	0
868	116	0
869	114	0
870	114	0
871	114	0
872	115	0
873	115	0
874	115	0
875	115	0
876	115	0
877	115	0
878	115	0
879	115	0
880	114	0
881	115	0
882	115	0
883	115	0
884	115	0
885	115	0
886	115	0
887	115	0
888	115	0
889	115	0
890	115	0
891	115	0
892	115	0
893	115	0
894	115	0
895	115	0
896	116	0
897	115	0
898	114	0
899	115	0
900	115	0
901	115	0
902	115	0
903	115	0
904	115	0
905	115	0
906	115	0
907	115	0
908	115	0
909	115	0
910	115	0
911	115	0
912	115	0
913	115	0
914	115	0
915	115	0
916	116	0
917	115	0
918	115	0
919	116	0
920	116	0
921	117	0
922	116	0
923	116	0
924	115	0
925	114	0
926	115	0
927	115	0
928	115	0
929	115	0
930	114	0
931	115	0
932	115	0
933	115	0
934	115	0
935	115	0
936	115	0
937	115	0
938	115	0
939	115	0
940	115	0
941	115	0
942	115	0
943	115	0
944	115	0
945	115	0
946	115	0
947	114	0
948	114	0
949	115	0
950	115	0
951	114	0
952	115	0
953	118	0
954	140	0
955	166	0
956	189	0
957	203	0
958	212	0
959	211	0
960	198	0
961	178	0
962	150	0
963	121	0
964	91	0
965	66	0
966	52	0
967	48	0
968	50	0
969	52	0
970	53	0
971	58	0
972	79	0
973	110	0
974	141	0
975	167	0
976	190	0
977	205	0
978	214	0
979	214	0
980	201	0
981	179	0
982	150	0
983	120	0
984	89	0
985	65	0
986	51	0
987	48	0
988	50	0
989	51	0
990	53	0
991	56	0
992	77	0
993	107	0
994	125	0
995	120	0
996	117	0
997	117	0
998	116	0
999	116	0
1000	116	0
1001	116	0
1002	115	0
1003	115	0
1004	114	0
1005	114	0
1006	115	0
1007	115	0
1008	114	0
1009	115	0
1010	114	0
1011	114	0
1012	114	0
1013	115	0
1014	114	0
1015	115	0
1016	114	0
1017	114	0
1018	115	0
1019	115	0
1020	115	0
1021	114	0
1022	114	0
1023	115	0
1024	114	0
1025	115	0
1026	115	0
1027	114	0
1028	115	0
1029	114	0
1030	115	0
1031	115	0
1032	114	0
1033	114	0
1034	114	0
1035	114	0
1036	113	0
1037	115	0
1038	115	0
1039	115	0
1040	114	0
1041	115	0
1042	114	0
1043	114	0
1044	114	0
1045	115	0
1046	114	0
1047	115	0
1048	114	0
1049	114	0
1050	114	0
1051	115	0
1052	115	0
1053	114	0
1054	114	0
1055	114	0
1056	115	0
1057	114	0
1058	115	0
1059	114	0
1060	115	0
1061	115	0
1062	115	0
1063	115	0
1064	115	0
1065	115	0
1066	115	0
1067	115	0
1068	114	0
1069	114	0
1070	115	0
1071	115	0
1072	115	0
1073	115	0
1074	115	0
1075	115	0
1076	114	0
1077	115	0
1078	115	0
1079	115	0
1080	115	0
1081	115	0
1082	115	0
1083	115	0
1084	115	0
1085	114	0
1086	115	0
1087	115	0
1088	114	0
1089	115	0
1090	115	0
1091	115	0
1092	114	0
1093	115	0
1094	115	0
1095	115	0
1096	115	0
1097	114	0
1098	115	0
1099	115	0
1100	114	0
1101	114	0
1102	115	0
1103	115	0
1104	115	0
1105	115	0
1106	115	0
1107	115	0
1108	115	0
1109	114	0
1110	115	0
1111	115	0
1112	114	0
1113	114	0
1114	115	0
1115	115	0
1116	114	0
1117	115	0
1118	115	0
1119	115	0
1120	115	0
1121	115	0
1122	115	0
1123	115	0
1124	115	0
1125	114	0
1126	115	0
1127	115	0
1128	115	0
1129	114	0
1130	115	0
1131	115	0
1132	115	0
1133	115	0
1134	115	0
1135	115	0
1136	115	0
1137	115	0
1138	115	0
1139	114	0
1140	115	0
1141	115	0
1142	115	0
1143	115	0
1144	115	0
1145	115	0
1146	114	0
1147	115	0
1148	115	0
1149	115	0
1150	115	0
1151	115	0
1152	115	0
1153	115	0
1154	115	0
1155	115	0
1156	115	0
1157	115	0
1158	115	0
1159	115	0
1160	115	0
1161	115	0
1162	115	0
1163	114	0
1164	115	0
1165	114	0
1166	115	0
1167	115	0
1168	115	0
1169	115	0
1170	115	0
1171	115	0
1172	114	0
1173	115	0
1174	115	0
1175	115	0
1176	115	0
1177	115	0
1178	115	0
1179	115	0
1180	115	0
1181	115	0
1182	115	0
1183	115	0
1184	114	0
1185	115	0
1186	115	0
1187	115	0
1188	115	0
1189	115	0
1190	115	0
1191	115	0
1192	115	0
1193	115	0
1194	115	0
1195	115	0
1196	115	0
1197	115	0
1198	115	0
1199	115	0
1200	115	0
1201	115	0
1202	114	0
1203	115	0
1204	115	0
1205	114	0
1206	115	0
1207	115	0
1208	115	0
1209	115	0
1210	115	0
1211	115	0
1212	115	0
1213	115	0
1214	115	0
1215	115	0
1216	115	0
1217	115	0
1218	115	0
1219	114	0
1220	115	0
1221	114	0
1222	115	0
1223	114	0
1224	115	0
1225	115	0
1226	115	0
1227	115	0
1228	115	0
1229	115	0
1230	115	0
1231	115	0
1232	115	0
1233	115	0
1234	115	0
1235	115	0
1236	115	0
1237	115	0
1238	115	0
1239	115	0
1240	114	0
1241	115	0
1242	115	0
1243	115	0
1244	115	0
1245	115	0
1246	115	0
1247	114	0
1248	115	0
1249	115	0
1250	115	0
1251	115	0
1252	115	0
1253	115	0
1254	115	0
1255	115	0
1256	115	0
1257	114	0
1258	115	0
1259	114	0
1260	114	0
1261	115	0
1262	115	0
1263	115	0
1264	115	0
1265	115	0
1266	115	0
1267	115	0
1268	115	0
1269	115	0
1270	115	0
1271	115	0
1272	115	0
1273	115	0
1274	115	0
1275	115	0
1276	115	0
1277	115	0
1278	114	0
1279	115	0
1280	115	0
1281	115	0
1282	115	0
1283	115	0
1284	115	0
1285	115	0
1286	115	0
1287	115	0
1288	115	0
1289	115	0
1290	115	0
1291	115	0
1292	115	0
1293	115	0
1294	115	0
1295	115	0
1296	115	0
1297	115	0
1298	115	0
1299	115	0
1300	115	0
1301	115	0
1302	115	0
1303	115	0
1304	115	0
1305	115	0
1306	115	0
1307	114	0
1308	115	0
1309	114	0
1310	115	0
1311	115	0
1312	115	0
1313	114	0
1314	115	0
1315	115	0
1316	115	0
1317	115	0
1318	115	0
1319	115	0
1320	115	0
1321	115	0
1322	115	0
1323	114	0
1324	115	0
1325	115	0
1326	115	0
1327	115	0
1328	115	0
1329	115	0
1330	115	0
1331	115	0
1332	115	0
1333	115	0
1334	115	0
1335	116	0
1336	115	0
1337	114	0
1338	116	0
1339	114	0
1340	115	0
1341	115	0
1342	115	0
1343	115	0
1344	116	0
1345	115	0
1346	115	0
1347	115	0
1348	115	0
1349	115	0
1350	115	0
1351	115	0
1352	115	0
1353	115	0
1354	115	0
1355	115	0
1356	116	0
1357	114	0
1358	115	0
1359	115	0
1360	115	0
1361	116	0
1362	115	0
1363	115	0
1364	115	0
1365	115	0
1366	115	0
1367	115	0
1368	115	0
1369	115	0
1370	115	0
1371	115	0
1372	114	0
1373	115	0
1374	115	0
1375	115	0
1376	115	0
1377	114	0
1378	115	0
1379	115	0
1380	115	0
1381	115	0
1382	115	0
1383	115	0
1384	115	0
1385	115	0
1386	115	0
1387	115	0
1388	115	0
1389	115	0
1390	115	0
1391	115	0
1392	115	0
1393	115	0
1394	115	0
1395	115	0
1396	115	0
1397	115	0
1398	115	0
1399	114	0
1400	115	0
1401	115	0
1402	115	0
1403	115	0
1404	115	0
1405	116	0
1406	115	0
1407	115	0
1408	115	0
1409	115	0
1410	116	0
1411	115	0
1412	115	0
1413	115	0
1414	114	0
1415	115	0
1416	115	0
1417	115	0
1418	115	0
1419	115	0
1420	115	0
1421	114	0
1422	115	0
1423	115	0
1424	115	0
1425	115	0
1426	115	0
1427	116	0
1428	115	0
1429	115	0
1430	116	0
1431	116	0
1432	117	0
1433	116	0
1434	116	0
1435	115	0
1436	115	0
1437	115	0
1438	115	0
1439	115	0
1440	116	0
1441	115	0
1442	115	0
1443	115	0
1444	115	0
1445	115	0
1446	115	0
1447	115	0
1448	115	0
1449	115	0
1450	115	0
1451	115	0
1452	115	0
1453	115	0
1454	115	0
1455	115	0
1456	115	0
1457	115	0
1458	115	0
1459	115	0
1460	115	0
1461	115	0
1462	116	0
1463	115	0
1464	115	0
1465	115	0
1466	115	0
1467	115	0
1468	116	0
1469	115	0
1470	115	0
1471	115	0
1472	115	0
1473	116	0
1474	115	0
1475	115	0
1476	114	0
1477	114	0
1478	115	0
1479	113	0
1480	112	0
1481	113	0
1482	114	0
1483	113	0
1484	114	0
1485	113	0
1486	114	0
1487	115	0
1488	115	0
1489	115	0
1490	114	0
1491	115	0
1492	115	0
1493	115	0
1494	115	0
1495	116	0
1496	115	0
1497	115	0
1498	115	0
1499	115	0
1500	115	0
1501	115	0
1502	116	0
1503	115	0
1504	115	0
1505	115	0
1506	115	0
1507	115	0
1508	115	0
1509	115	0
1510	115	0
1511	115	0
1512	115	0
1513	115	0
1514	115	0
1515	115	0
1516	115	0
1517	115	0
1518	115	0
1519	115	0
1520	115	0
1521	115	0
1522	115	0
1523	115	0
1524	115	0
1525	115	0
1526	115	0
1527	115	0
1528	115	0
1529	115	0
1530	115	0
1531	115	0
1532	115	0
1533	115	0
1534	115	0
1535	115	0
1536	115	0
1537	115	0
1538	115	0
1539	116	0
1540	115	0
1541	115	0
1542	115	0
1543	114	0
1544	116	0
1545	116	0
1546	115	0
1547	115	0
1548	115	0
1549	115	0
1550	115	0
1551	116	0
1552	116	0
1553	115	0
1554	115	0
1555	115	0
1556	116	0
1557	115	0
1558	116	0
1559	115	0
1560	115	0
1561	115	0
1562	116	0
1563	115	0
1564	115	0
1565	114	0
1566	115	0
1567	115	0
1568	115	0
1569	115	0
1570	115	0
1571	115	0
1572	115	0
1573	115	0
1574	115	0
1575	115	0
1576	115	0
1577	115	0
1578	115	0
1579	115	0
1580	115	0
1581	115	0
1582	115	0
1583	115	0
1584	115	0
1585	115	0
1586	115	0
1587	115	0
1588	115	0
1589	115	0
1590	115	0
1591	115	0
1592	115	0
1593	115	0
1594	115	0
1595	115	0
1596	115	0
1597	114	0
1598	115	0
1599	115	0
1600	115	0
1601	115	0
1602	115	0
1603	115	0
1604	115	0
1605	115	0
1606	115	0
1607	115	0
1608	115	0
1609	115	0
1610	114	0
1611	115	0
1612	115	0
1613	115	0
1614	114	0
1615	115	0
1616	115	0
1617	115	0
1618	115	0
1619	115	0
1620	115	0
1621	115	0
1622	115	0
1623	115	0
1624	115	0
1625	115	0
1626	115	0
1627	115	0
1628	115	0
1629	115	0
1630	115	0
1631	116	0
1632	115	0
1633	115	0
1634	115	0
1635	115	0
1636	116	0
1637	115	0
1638	115	0
1639	115	0
1640	115	0
1641	115	0
1642	115	0
1643	115	0
1644	115	0
1645	115	0
1646	114	0
1647	115	0
1648	115	0
1649	115	0
1650	115	0
1651	115	0
1652	114	0
1653	115	0
1654	114	0
1655	115	0
1656	115	0
1657	115	0
1658	115	0
1659	115	0
1660	115	0
1661	115	0
1662	115	0
1663	115	0
1664	115	0
1665	115	0
1666	115	0
1667	115	0
1668	115	0
1669	115	0
1670	115	0
1671	115	0
1672	115	0
1673	114	0
1674	115	0
1675	115	0
1676	115	0
1677	115	0
1678	115	0
1679	115	0
1680	115	0
1681	115	0
1682	115	0
1683	115	0
1684	115	0
1685	115	0
1686	115	0
1687	115	0
1688	115	0
1689	115	0
1690	115	0
1691	115	0
1692	116	0
1693	115	0
1694	115	0
1695	115	0
1696	115	0
1697	116	0
1698	115	0
1699	115	0
1700	114	0
1701	115	0
1702	116	0
1703	115	0
1704	115	0
1705	115	0
1706	115	0
1707	115	0
1708	116	0
1709	115	0
1710	115	0
1711	115	0
1712	115	0
1713	115	0
1714	116	0
1715	115	0
1716	115	0
1717	114	0
1718	115	0
1719	115	0
1720	115	0
1721	115	0
1722	115	0
1723	115	0
1724	115	0
1725	115	0
1726	115	0
1727	115	0
1728	115	0
1729	115	0
1730	115	0
1731	115	0
1732	115	0
1733	115	0
1734	115	0
1735	115	0
1736	115	0
1737	115	0
1738	115	0
1739	115	0
1740	115	0
1741	115	0
1742	115	0
1743	115	0
1744	115	0
1745	115	0
1746	114	0
1747	115	0
1748	115	0
1749	115	0
1750	115	0
1751	115	0
1752	115	0
1753	115	0
1754	114	0
1755	115	0
1756	114	0
1757	114	0
1758	115	0
1759	115	0
1760	115	0
1761	115	0
1762	115	0
1763	115	0
1764	115	0
1765	115	0
1766	115	0
1767	114	0
1768	115	0
1769	115	0
1770	115	0
1771	114	0
1772	115	0
1773	115	0
1774	115	0
1775	115	0
1776	115	0
1777	115	0
1778	115	0
1779	115	0
1780	115	0
1781	115	0
1782	115	0
1783	115	0
1784	115	0
1785	115	0
1786	116	0
1787	115	0
1788	115	0
1789	115	0
1790	114	0
1791	115	0
1792	115	0
1793	115	0
1794	115	0
1795	115	0
1796	115	0
1797	115	0
1798	115	0
1799	115	0
1800	114	0
1801	115	0
1802	115	0
1803	115	0
1804	115	0
1805	115	0
1806	115	0
1807	115	0
1808	115	0
1809	115	0
1810	115	0
1811	115	0
1812	115	0
1813	115	0
1814	115	0
1815	114	0
1816	115	0
1817	115	0
1818	115	0
1819	115	0
1820	115	0
1821	115	0
1822	115	0
1823	116	0
1824	115	0
1825	116	0
1826	115	0
1827	115	0
1828	115	0
1829	115	0
1830	116	0
1831	116	0
1832	115	0
1833	115	0
1834	115	0
1835	115	0
1836	115	0
1837	115	0
1838	115	0
1839	115	0
1840	114	0
1841	115	0
1842	115	0
1843	114	0
1844	115	0
1845	115	0
1846	117	0
1847	115	0
1848	115	0
1849	114	0
1850	115	0
1851	115	0
1852	115	0
1853	115	0
1854	115	0
1855	115	0
1856	115	0
1857	115	0
1858	115	0
1859	115	0
1860	115	0
1861	115	0
1862	115	0
1863	115	0
1864	115	0
1865	115	0
1866	115	0
1867	115	0
1868	116	0
1869	116	0
1870	117	0
1871	117	0
1872	116	0
1873	117	0
1874	116	0
1875	116	0
1876	115	0
1877	115	0
1878	116	0
1879	116	0
1880	115	0
1881	116	0
1882	115	0
1883	115	0
1884	115	0
1885	116	0
1886	116	0
1887	115	0
1888	115	0
1889	115	0
1890	115	0
1891	114	0
1892	115	0
1893	115	0
1894	114	0
1895	115	0
1896	115	0
1897	115	0
1898	115	0
1899	115	0
1900	115	0
1901	114	0
1902	115	0
1903	115	0
1904	115	0
1905	115	0
1906	116	0
1907	126	0
1908	154	0
1909	178	0
1910	197	0
1911	209	0
1912	212	0
1913	206	0
1914	189	0
1915	165	0
1916	135	0
1917	107	0
1918	78	0
1919	58	0
1920	48	0
1921	49	0
1922	50	0
1923	52	0
1924	54	0
1925	65	0
1926	93	0
1927	125	0
1928	155	0
1929	179	0
1930	198	0
1931	210	0
1932	215	0
1933	209	0
1934	190	0
1935	166	0
1936	136	0
1937	105	0
1938	78	0
1939	57	0
1940	48	0
1941	49	0
1942	51	0
1943	53	0
1944	54	0
1945	65	0
1946	92	0
1947	118	0
1948	124	0
1949	118	0
1950	118	0
1951	117	0
1952	117	0
1953	116	0
1954	115	0
1955	115	0
1956	115	0
1957	115	0
1958	115	0
1959	116	0
1960	115	0
1961	115	0
1962	115	0
1963	115	0
1964	116	0
1965	115	0
1966	115	0
1967	115	0
1968	115	0
1969	115	0
1970	115	0
1971	114	0
1972	114	0
1973	115	0
1974	115	0
1975	115	0
1976	115	0
1977	114	0
1978	115	0
1979	114	0
1980	115	0
1981	114	0
1982	115	0
1983	115	0
1984	115	0
1985	113	0
1986	115	0
1987	115	0
1988	115	0
1989	115	0
1990	115	0
1991	115	0
1992	115	0
1993	115	0
1994	115	0
1995	115	0
1996	115	0
1997	115	0
1998	115	0
1999	115	0
2000	115	0
2001	114	0
2002	115	0
2003	114	0
2004	114	0
2005	115	0
2006	115	0
2007	115	0
2008	115	0
2009	115	0
2010	115	0
2011	114	0
2012	115	0
2013	113	0
2014	114	0
2015	115	0
2016	115	0
2017	115	0
2018	115	0
2019	115	0
2020	115	0
2021	115	0
2022	115	0
2023	115	0
2024	114	0
2025	114	0
2026	115	0
2027	115	0
2028	115	0
2029	115	0
2030	114	0
2031	115	0
2032	115	0
2033	115	0
2034	115	0
2035	114	0
2036	114	0
2037	115	0
2038	114	0
2039	115	0
2040	115	0
2041	114	0
2042	115	0
2043	115	0
2044	115	0
2045	114	0
2046	115	0
2047	115	0
2048	114	0
2049	115	0
2050	115	0
2051	115	0
2052	115	0
2053	115	0
2054	115	0
2055	115	0
2056	115	0
2057	114	0
2058	115	0
2059	115	0
2060	115	0
2061	115	0
2062	115	0
2063	115	0
2064	115	0
2065	115	0
2066	115	0
2067	115	0
2068	115	0
2069	114	0
2070	115	0
2071	115	0
2072	115	0
2073	115	0
2074	115	0
2075	115	0
2076	115	0
2077	115	0
2078	115	0
2079	116	0
2080	115	0
2081	115	0
2082	115	0
2083	114	0
2084	115	0
2085	116	0
2086	115	0
2087	115	0
2088	115	0
2089	115	0
2090	115	0
2091	115	0
2092	115	0
2093	115	0
2094	115	0
2095	115	0
2096	115	0
2097	115	0
2098	114	0
2099	115	0
2100	114	0
2101	114	0
2102	115	0
2103	115	0
2104	115	0
2105	115	0
2106	115	0
2107	115	0
2108	114	0
2109	115	0
2110	115	0
2111	115	0
2112	115	0
2113	115	0
2114	115	0
2115	115	0
2116	115	0
2117	115	0
2118	115	0
2119	115	0
2120	115	0
2121	115	0
2122	115	0
2123	115	0
2124	115	0
2125	116	0
2126	114	0
2127	115	0
2128	115	0
2129	115	0
2130	115	0
2131	115	0
2132	115	0
2133	115	0
2134	115	0
2135	115	0
2136	116	0
2137	115	0
2138	115	0
2139	115	0
2140	115	0
2141	115	0
2142	115	0
2143	115	0
2144	115	0
2145	115	0
2146	115	0
2147	115	0
2148	115	0
2149	114	0
2150	115	0
2151	115	0
2152	115	0
2153	115	0
2154	115	0
2155	115	0
2156	115	0
2157	115	0
2158	116	0
2159	115	0
2160	115	0
2161	116	0
2162	115	0
2163	116	0
2164	115	0
2165	115	0
2166	116	0
2167	115	0
2168	115	0
2169	115	0
2170	114	0
2171	116	0
2172	115	0
2173	115	0
2174	114	0
2175	115	0
2176	115	0
2177	115	0
2178	114	0
2179	115	0
2180	115	0
2181	115	0
2182	115	0
2183	115	0
2184	115	0
2185	114	0
2186	115	0
2187	115	0
2188	115	0
2189	115	0
2190	115	0
2191	115	0
2192	115	0
2193	115	0
2194	115	0
2195	115	0
2196	115	0
2197	115	0
2198	114	0
2199	115	0
2200	115	0
2201	115	0
2202	115	0
2203	115	0
2204	115	0
2205	114	0
2206	115	0
2207	115	0
2208	115	0
2209	115	0
2210	115	0
2211	115	0
2212	115	0
2213	115	0
2214	115	0
2215	115	0
2216	115	0
2217	115	0
2218	116	0
2219	115	0
2220	115	0
2221	115	0
2222	115	0
2223	116	0
2224	115	0
2225	115	0
2226	115	0
2227	115	0
2228	116	0
2229	115	0
2230	115	0
2231	115	0
2232	115	0
2233	116	0
2234	116	0
2235	115	0
2236	115	0
2237	115	0
2238	116	0
2239	115	0
2240	115	0
2241	114	0
2242	115	0
2243	116	0
2244	115	0
2245	115	0
2246	115	0
2247	115	0
2248	115	0
2249	115	0
2250	115	0
2251	115	0
2252	115	0
2253	114	0
2254	115	0
2255	115	0
2256	115	0
2257	115	0
2258	115	0
2259	115	0
2260	114	0
2261	115	0
2262	115	0
2263	115	0
2264	114	0
2265	115	0
2266	115	0
2267	115	0
2268	115	0
2269	115	0
2270	115	0
2271	115	0
2272	115	0
2273	115	0
2274	115	0
2275	115	0
2276	115	0
2277	115	0
2278	115	0
2279	115	0
2280	115	0
2281	115	0
2282	114	0
2283	115	0
2284	115	0
2285	115	0
2286	115	0
2287	115	0
2288	115	0
2289	115	0
2290	115	0
2291	115	0
2292	115	0
2293	115	0
2294	115	0
2295	115	0
2296	115	0
2297	115	0
2298	115	0
2299	115	0
2300	115	0
2301	115	0
2302	115	0
2303	115	0
2304	115	0
2305	115	0
2306	115	0
2307	115	0
2308	115	0
2309	115	0
2310	115	0
2311	115	0
2312	115	0
2313	115	0
2314	115	0
2315	115	0
2316	115	0
2317	115	0
2318	115	0
2319	114	0
2320	115	0
2321	114	0
2322	115	0
2323	115	0
2324	115	0
2325	115	0
2326	115	0
2327	115	0
2328	115	0
2329	116	0
2330	115	0
2331	115	0
2332	115	0
2333	114	0
2334	116	0
2335	116	0
2336	115	0
2337	115	0
2338	115	0
2339	115	0
2340	115	0
2341	116	0
2342	115	0
2343	115	0
2344	115	0
2345	115	0
2346	115	0
2347	116	0
2348	115	0
2349	115	0
2350	115	0
2351	115	0
2352	116	0
2353	116	0
2354	115	0
2355	115	0
2356	115	0
2357	115	0
2358	115	0
2359	116	0
2360	115	0
2361	115	0
2362	115	0
2363	115	0
2364	116	0
2365	115	0
2366	115	0
2367	115	0
2368	115	0
2369	116	0
2370	117	0
2371	115	0
2372	114	0
2373	115	0
2374	115	0
2375	115	0
2376	115	0
2377	116	0
2378	115	0
2379	115	0
2380	115	0
2381	115	0
2382	116	0
2383	116	0
2384	116	0
2385	115	0
2386	116	0
2387	116	0
2388	116	0
2389	115	0
2390	116	0
2391	115	0
2392	115	0
2393	116	0
2394	116	0
2395	116	0
2396	115	0
2397	115	0
2398	115	0
2399	115	0
2400	115	0
2401	116	0
2402	116	0
2403	115	0
2404	115	0
2405	115	0
2406	116	0
2407	115	0
2408	116	0
2409	115	0
2410	114	0
2411	116	0
2412	116	0
2413	115	0
2414	116	0
2415	115	0
2416	115	0
2417	115	0
2418	115	0
2419	116	0
2420	116	0
2421	115	0
2422	115	0
2423	114	0
2424	115	0
2425	115	0
2426	115	0
2427	115	0
2428	115	0
2429	114	0
2430	115	0
2431	114	0
2432	113	0
2433	113	0
2434	113	0
2435	113	0
2436	114	0
2437	114	0
2438	114	0
2439	114	0
2440	114	0
2441	115	0
2442	115	0
2443	115	0
2444	115	0
2445	115	0
2446	115	0
2447	115	0
2448	115	0
2449	115	0
2450	116	0
2451	115	0
2452	115	0
2453	115	0
2454	115	0
2455	116	0
2456	116	0
2457	115	0
2458	115	0
2459	115	0
2460	116	0
2461	115	0
2462	116	0
2463	114	0
2464	115	0
2465	116	0
2466	115	0
2467	115	0
2468	116	0
2469	115	0
2470	115	0
2471	115	0
2472	115	0
2473	116	0
2474	116	0
2475	115	0
2476	115	0
2477	115	0
2478	115	0
2479	115	0
2480	115	0
2481	116	0
2482	115	0
2483	115	0
2484	115	0
2485	115	0
2486	115	0
2487	115	0
2488	115	0
2489	115	0
2490	115	0
2491	115	0
2492	115	0
2493	115	0
2494	115	0
2495	115	0
2496	115	0
2497	115	0
2498	115	0
2499	115	0
2500	115	0
2501	115	0
2502	115	0
2503	114	0
2504	115	0
2505	115	0
2506	115	0
2507	115	0
2508	115	0
2509	115	0
2510	115	0
2511	115	0
2512	115	0
2513	115	0
2514	116	0
2515	116	0
2516	115	0
2517	115	0
2518	115	0
2519	116	0
2520	116	0
2521	116	0
2522	115	0
2523	115	0
2524	115	0
2525	115	0
2526	115	0
2527	116	0
2528	115	0
2529	114	0
2530	115	0
2531	115	0
2532	115	0
2533	115	0
2534	115	0
2535	116	0
2536	115	0
2537	115	0
2538	115	0
2539	115	0
2540	115	0
2541	116	0
2542	115	0
2543	115	0
2544	115	0
2545	114	0
2546	115	0
2547	116	0
2548	115	0
2549	115	0
2550	115	0
2551	115	0
2552	116	0
2553	115	0
2554	115	0
2555	115	0
2556	115	0
2557	116	0
2558	116	0
2559	115	0
2560	115	0
2561	115	0
2562	116	0
2563	115	0
2564	116	0
2565	115	0
2566	115	0
2567	116	0
2568	116	0
2569	115	0
2570	116	0
2571	115	0
2572	115	0
2573	115	0
2574	116	0
2575	115	0
2576	116	0
2577	115	0
2578	115	0
2579	116	0
2580	115	0
2581	115	0
2582	115	0
2583	115	0
2584	116	0
2585	116	0
2586	115	0
2587	115	0
2588	115	0
2589	116	0
2590	115	0
2591	116	0
2592	115	0
2593	114	0
2594	115	0
2595	115	0
2596	115	0
2597	115	0
2598	115	0
2599	117	0
2600	115	0
2601	115	0
2602	115	0
2603	115	0
2604	116	0
2605	116	0
2606	115	0
2607	115	0
2608	115	0
2609	115	0
2610	115	0
2611	115	0
2612	115	0
2613	115	0
2614	115	0
2615	115	0
2616	115	0
2617	115	0
2618	115	0
2619	115	0
2620	115	0
2621	115	0
2622	115	0
2623	115	0
2624	115	0
2625	115	0
2626	115	0
2627	115	0
2628	115	0
2629	115	0
2630	115	0
2631	115	0
2632	115	0
2633	115	0
2634	115	0
2635	115	0
2636	115	0
2637	115	0
2638	115	0
2639	116	0
2640	115	0
2641	115	0
2642	115	0
2643	115	0
2644	115	0
2645	116	0
2646	115	0
2647	115	0
2648	115	0
2649	115	0
2650	116	0
2651	116	0
2652	115	0
2653	115	0
2654	115	0
2655	116	0
2656	114	0
2657	115	0
2658	115	0
2659	115	0
2660	115	0
2661	115	0
2662	115	0
2663	115	0
2664	115	0
2665	115	0
2666	115	0
2667	115	0
2668	115	0
2669	115	0
2670	115	0
2671	115	0
2672	115	0
2673	115	0
2674	115	0
2675	114	0
2676	115	0
2677	115	0
2678	115	0
2679	115	0
2680	115	0
2681	115	0
2682	115	0
2683	115	0
2684	115	0
2685	115	0
2686	115	0
2687	115	0
2688	115	0
2689	116	0
2690	115	0
2691	115	0
2692	115	0
2693	115	0
2694	116	0
2695	116	0
2696	115	0
2697	115	0
2698	115	0
2699	116	0
2700	115	0
2701	116	0
2702	115	0
2703	115	0
2704	116	0
2705	115	0
2706	115	0
2707	115	0
2708	115	0
2709	116	0
2710	115	0
2711	115	0
2712	115	0
2713	114	0
2714	115	0
2715	115	0
2716	115	0
2717	115	0
2718	115	0
2719	115	0
2720	115	0
2721	115	0
2722	115	0
2723	115	0
2724	115	0
2725	115	0
2726	115	0
2727	115	0
2728	115	0
2729	115	0
2730	115	0
2731	115	0
2732	115	0
2733	115	0
2734	115	0
2735	115	0
2736	115	0
2737	115	0
2738	115	0
2739	115	0
2740	115	0
2741	115	0
2742	114	0
2743	115	0
2744	115	0
2745	115	0
2746	115	0
2747	115	0
2748	116	0
2749	115	0
2750	115	0
2751	115	0
2752	114	0
2753	116	0
2754	115	0
2755	115	0
2756	115	0
2757	115	0
2758	116	0
2759	116	0
2760	115	0
2761	115	0
2762	115	0
2763	115	0
2764	114	0
2765	115	0
2766	114	0
2767	115	0
2768	115	0
2769	115	0
2770	116	0
2771	115	0
2772	115	0
2773	114	0
2774	115	0
2775	116	0
2776	115	0
2777	115	0
2778	115	0
2779	115	0
2780	115	0
2781	115	0
2782	115	0
2783	115	0
2784	115	0
2785	114	0
2786	115	0
2787	115	0
2788	115	0
2789	115	0
2790	116	0
2791	116	0
2792	115	0
2793	115	0
2794	115	0
2795	115	0
2796	114	0
2797	116	0
2798	115	0
2799	115	0
2800	115	0
2801	115	0
2802	115	0
2803	116	0
2804	115	0
2805	115	0
2806	115	0
2807	115	0
2808	116	0
2809	116	0
2810	115	0
2811	115	0
2812	114	0
2813	115	0
2814	115	0
2815	116	0
2816	116	0
2817	116	0
2818	115	0
2819	115	0
2820	117	0
2821	116	0
2822	116	0
2823	117	0
2824	117	0
2825	117	0
2826	116	0
2827	117	0
2828	116	0
2829	115	0
2830	115	0
2831	116	0
2832	116	0
2833	115	0
2834	116	0
2835	115	0
2836	115	0
2837	115	0
2838	116	0
2839	116	0
2840	115	0
2841	115	0
2842	115	0
2843	116	0
2844	115	0
2845	115	0
2846	115	0
2847	115	0
2848	115	0
2849	115	0
2850	115	0
2851	115	0
2852	115	0
2853	115	0
2854	114	0
2855	114	0
2856	115	0
2857	115	0
2858	116	0
2859	132	0
2860	158	0
2861	182	0
2862	198	0
2863	210	0
2864	212	0
2865	203	0
2866	185	0
2867	161	0
2868	130	0
2869	101	0
2870	74	0
2871	55	0
2872	48	0
2873	49	0
2874	51	0
2875	53	0
2876	56	0
2877	70	0
2878	100	0
2879	131	0
2880	161	0
2881	183	0
2882	201	0
2883	213	0
2884	215	0
2885	206	0
2886	187	0
2887	161	0
2888	130	0
2889	100	0
2890	73	0
2891	54	0
2892	48	0
2893	49	0
2894	51	0
2895	52	0
2896	56	0
2897	69	0
2898	97	0
2899	122	0
2900	122	0
2901	118	0
2902	118	0
2903	117	0
2904	117	0
2905	115	0
2906	116	0
2907	115	0
2908	115	0
2909	115	0
2910	115	0
2911	115	0
2912	115	0
2913	115	0
2914	116	0
2915	115	0
2916	114	0
2917	115	0
2918	115	0
2919	115	0
2920	115	0
2921	115	0
2922	115	0
2923	114	0
2924	114	0
2925	115	0
2926	115	0
2927	115	0
2928	115	0
2929	115	0
2930	115	0
2931	114	0
2932	114	0
2933	114	0
2934	115	0
2935	114	0
2936	115	0
2937	115	0
2938	114	0
2939	115	0
2940	115	0
2941	115	0
2942	115	0
2943	115	0
2944	115	0
2945	114	0
2946	115	0
2947	115	0
2948	115	0
2949	114	0
2950	115	0
2951	115	0
2952	114	0
2953	115	0
2954	115	0
2955	115	0
2956	114	0
2957	115	0
2958	115	0
2959	114	0
2960	114	0
2961	114	0
2962	115	0
2963	114	0
2964	115	0
2965	115	0
2966	115	0
2967	115	0
2968	115	0
2969	114	0
2970	115	0
2971	115	0
2972	115	0
2973	114	0
2974	115	0
2975	115	0
2976	115	0
2977	115	0
2978	115	0
2979	115	0
2980	115	0
2981	115	0
2982	115	0
2983	115	0
2984	115	0
2985	114	0
2986	115	0
2987	115	0
2988	115	0
2989	115	0
2990	115	0
2991	114	0
2992	115	0
2993	115	0
2994	115	0
2995	114	0
2996	115	0
2997	115	0
2998	115	0
2999	115	0
3000	115	0
3001	115	0
3002	114	0
3003	115	0
3004	115	0
3005	114	0
3006	115	0
3007	115	0
3008	115	0
3009	114	0
3010	115	0
3011	115	0
3012	115	0
3013	116	0
3014	115	0
3015	115	0
3016	115	0
3017	114	0
3018	116	0
3019	115	0
3020	114	0
3021	115	0
3022	115	0
3023	115	0
3024	115	0
3025	115	0
3026	115	0
3027	115	0
3028	115	0
3029	115	0
3030	115	0
3031	115	0
3032	115	0
3033	115	0
3034	115	0
3035	115	0
3036	115	0
3037	115	0
3038	115	0
3039	115	0
3040	115	0
3041	115	0
3042	115	0
3043	115	0
3044	115	0
3045	115	0
3046	115	0
3047	115	0
3048	116	0
3049	115	0
3050	115	0
3051	114	0
3052	115	0
3053	115	0
3054	115	0
3055	114	0
3056	115	0
3057	115	0
3058	115	0
3059	115	0
3060	115	0
3061	115	0
3062	115	0
3063	115	0
3064	115	0
3065	115	0
3066	115	0
3067	115	0
3068	115	0
3069	115	0
3070	115	0
3071	115	0
3072	115	0
3073	115	0
3074	115	0
3075	115	0
3076	114	0
3077	115	0
3078	115	0
3079	115	0
3080	115	0
3081	115	0
3082	115	0
3083	115	0
3084	115	0
3085	115	0
3086	115	0
3087	116	0
3088	115	0
3089	115	0
3090	115	0
3091	115	0
3092	115	0
3093	115	0
3094	115	0
3095	115	0
3096	115	0
3097	114	0
3098	115	0
3099	115	0
3100	115	0
3101	115	0
3102	115	0
3103	115	0
3104	115	0
3105	116	0
3106	115	0
3107	115	0
3108	115	0
3109	115	0
3110	116	0
3111	116	0
3112	115	0
3113	115	0
3114	115	0
3115	115	0
3116	115	0
3117	115	0
3118	115	0
3119	115	0
3120	115	0
3121	115	0
3122	115	0
3123	115	0
3124	115	0
3125	115	0
3126	115	0
3127	115	0
3128	115	0
3129	115	0
3130	115	0
3131	115	0
3132	115	0
3133	115	0
3134	115	0
3135	114	0
3136	115	0
3137	115	0
3138	114	0
3139	115	0
3140	115	0
3141	115	0
3142	114	0
3143	115	0
3144	115	0
3145	115	0
3146	115	0
3147	115	0
3148	115	0
3149	115	0
3150	115	0
3151	115	0
3152	115	0
3153	115	0
3154	115	0
3155	115	0
3156	115	0
3157	115	0
3158	115	0
3159	115	0
3160	115	0
3161	115	0
3162	115	0
3163	116	0
3164	115	0
3165	115	0
3166	116	0
3167	115	0
3168	116	0
3169	115	0
3170	115	0
3171	116	0
3172	116	0
3173	115	0
3174	115	0
3175	115	0
3176	115	0
3177	115	0
3178	116	0
3179	115	0
3180	115	0
3181	115	0
3182	115	0
3183	116	0
3184	115	0
3185	115	0
3186	115	0
3187	115	0
3188	115	0
3189	115	0
3190	114	0
3191	115	0
3192	115	0
3193	115	0
3194	115	0
3195	115	0
3196	116	0
3197	115	0
3198	115	0
3199	115	0
3200	115	0
3201	115	0
3202	115	0
3203	114	0
3204	115	0
3205	115	0
3206	115	0
3207	115	0
3208	116	0
3209	115	0
3210	115	0
3211	115	0
3212	115	0
3213	116	0
3214	115	0
3215	115	0
3216	115	0
3217	115	0
3218	116	0
3219	115	0
3220	115	0
3221	115	0
3222	115	0
3223	115	0
3224	115	0
3225	115	0
3226	115	0
3227	115	0
3228	115	0
3229	115	0
3230	115	0
3231	116	0
3232	115	0
3233	115	0
3234	116	0
3235	115	0
3236	115	0
3237	115	0
3238	115	0
3239	116	0
3240	116	0
3241	115	0
3242	115	0
3243	115	0
3244	115	0
3245	115	0
3246	115	0
3247	115	0
3248	115	0
3249	115	0
3250	115	0
3251	115	0
3252	115	0
3253	115	0
3254	115	0
3255	115	0
3256	115	0
3257	115	0
3258	115	0
3259	115	0
3260	115	0
3261	115	0
3262	114	0
3263	114	0
3264	115	0
3265	115	0
3266	115	0
3267	115	0
3268	115	0
3269	115	0
3270	115	0
3271	115	0
3272	115	0
3273	115	0
3274	115	0
3275	115	0
3276	115	0
3277	115	0
3278	115	0
3279	115	0
3280	114	0
3281	115	0
3282	115	0
3283	114	0
3284	115	0
3285	115	0
3286	115	0
3287	115	0
3288	115	0
3289	115	0
3290	115	0
3291	114	0
3292	115	0
3293	115	0
3294	115	0
3295	115	0
3296	115	0
3297	115	0
3298	115	0
3299	115	0
3300	115	0
3301	115	0
3302	115	0
3303	115	0
3304	115	0
3305	115	0
3306	114	0
3307	115	0
3308	115	0
3309	115	0
3310	115	0
3311	115	0
3312	116	0
3313	115	0
3314	115	0
3315	115	0
3316	115	0
3317	115	0
3318	116	0
3319	115	0
3320	115	0
3321	115	0
3322	114	0
3323	115	0
3324	115	0
3325	114	0
3326	115	0
3327	115	0
3328	115	0
3329	115	0
3330	116	0
3331	115	0
3332	115	0
3333	116	0
3334	115	0
3335	116	0
3336	116	0
3337	116	0
3338	116	0
3339	116	0
3340	116	0
3341	115	0
3342	115	0
3343	115	0
3344	114	0
3345	115	0
3346	116	0
3347	115	0
3348	115	0
3349	115	0
3350	115	0
3351	115	0
3352	115	0
3353	115	0
3354	115	0
3355	115	0
3356	114	0
3357	115	0
3358	115	0
3359	115	0
3360	115	0
3361	115	0
3362	115	0
3363	115	0
3364	115	0
3365	115	0
3366	114	0
3367	115	0
3368	115	0
3369	115	0
3370	115	0
3371	115	0
3372	115	0
3373	115	0
3374	115	0
3375	115	0
3376	115	0
3377	115	0
3378	115	0
3379	115	0
3380	115	0
3381	114	0
3382	114	0
3383	115	0
3384	114	0
3385	113	0
3386	113	0
3387	113	0
3388	113	0
3389	114	0
3390	113	0
3391	115	0
3392	114	0
3393	114	0
3394	115	0
3395	115	0
3396	114	0
3397	115	0
3398	115	0
3399	115	0
3400	114	0
3401	116	0
3402	116	0
3403	115	0
3404	115	0
3405	116	0
3406	116	0
3407	115	0
3408	116	0
3409	115	0
3410	115	0
3411	115	0
3412	116	0
3413	116	0
3414	116	0
3415	115	0
3416	115	0
3417	116	0
3418	115	0
3419	115	0
3420	115	0
3421	114	0
3422	115	0
3423	115	0
3424	115	0
3425	115	0
3426	115	0
3427	115	0
3428	115	0
3429	115	0
3430	115	0
3431	115	0
3432	115	0
3433	115	0
3434	115	0
3435	115	0
3436	115	0
3437	115	0
3438	115	0
3439	116	0
3440	115	0
3441	115	0
3442	116	0
3443	115	0
3444	116	0
3445	115	0
3446	115	0
3447	115	0
3448	115	0
3449	115	0
3450	116	0
3451	115	0
3452	115	0
3453	115	0
3454	115	0
3455	117	0
3456	115	0
3457	115	0
3458	115	0
3459	116	0
3460	115	0
3461	115	0
3462	115	0
3463	115	0
3464	115	0
3465	115	0
3466	115	0
3467	115	0
3468	115	0
3469	115	0
3470	115	0
3471	115	0
3472	115	0
3473	115	0
3474	115	0
3475	115	0
3476	115	0
3477	115	0
3478	115	0
3479	115	0
3480	115	0
3481	115	0
3482	115	0
3483	115	0
3484	115	0
3485	115	0
3486	115	0
3487	115	0
3488	115	0
3489	115	0
3490	115	0
3491	115	0
3492	115	0
3493	115	0
3494	115	0
3495	115	0
3496	115	0
3497	115	0
3498	115	0
3499	115	0
3500	115	0
3501	115	0
3502	115	0
3503	115	0
3504	115	0
3505	115	0
3506	115	0
3507	115	0
3508	115	0
3509	115	0
3510	115	0
3511	115	0
3512	115	0
3513	115	0
3514	115	0
3515	115	0
3516	115	0
3517	115	0
3518	115	0
3519	115	0
3520	115	0
3521	115	0
3522	115	0
3523	115	0
3524	115	0
3525	115	0
3526	115	0
3527	115	0
3528	114	0
3529	116	0
3530	115	0
3531	115	0
3532	115	0
3533	115	0
3534	115	0
3535	115	0
3536	115	0
3537	115	0
3538	115	0
3539	115	0
3540	115	0
3541	114	0
3542	115	0
3543	115	0
3544	114	0
3545	115	0
3546	115	0
3547	115	0
3548	116	0
3549	115	0
3550	115	0
3551	115	0
3552	115	0
3553	116	0
3554	115	0
3555	115	0
3556	115	0
3557	115	0
3558	115	0
3559	115	0
3560	115	0
3561	115	0
3562	116	0
3563	115	0
3564	115	0
3565	115	0
3566	115	0
3567	116	0
3568	116	0
3569	115	0
3570	115	0
3571	116	0
3572	115	0
3573	115	0
3574	117	0
3575	115	0
3576	116	0
3577	115	0
3578	115	0
3579	115	0
3580	116	0
3581	115	0
3582	115	0
3583	114	0
3584	115	0
3585	115	0
3586	116	0
3587	114	0
3588	115	0
3589	115	0
3590	115	0
3591	116	0
3592	116	0
3593	115	0
3594	115	0
3595	115	0
3596	115	0
3597	115	0
3598	115	0
3599	115	0
3600	115	0
3601	115	0
3602	115	0
3603	115	0
3604	115	0
3605	115	0
3606	115	0
3607	115	0
3608	115	0
3609	115	0
3610	114	0
3611	115	0
3612	115	0
3613	115	0
3614	115	0
3615	115	0
3616	115	0
3617	115	0
3618	115	0
3619	114	0
3620	115	0
3621	115	0
3622	115	0
3623	115	0
3624	115	0
3625	115	0
3626	115	0
3627	115	0
3628	115	0
3629	115	0
3630	115	0
3631	115	0
3632	115	0
3633	115	0
3634	115	0
3635	115	0
3636	115	0
3637	115	0
3638	115	0
3639	115	0
3640	115	0
3641	115	0
3642	115	0
3643	116	0
3644	115	0
3645	115	0
3646	115	0
3647	114	0
3648	116	0
3649	115	0
3650	115	0
3651	115	0
3652	115	0
3653	115	0
3654	115	0
3655	115	0
3656	115	0
3657	115	0
3658	115	0
3659	115	0
3660	115	0
3661	115	0
3662	115	0
3663	115	0
3664	116	0
3665	115	0
3666	115	0
3667	115	0
3668	115	0
3669	115	0
3670	116	0
3671	115	0
3672	115	0
3673	115	0
3674	115	0
3675	116	0
3676	116	0
3677	115	0
3678	115	0
3679	114	0
3680	115	0
3681	114	0
3682	115	0
3683	115	0
3684	116	0
3685	116	0
3686	115	0
3687	115	0
3688	115	0
3689	115	0
3690	115	0
3691	115	0
3692	115	0
3693	115	0
3694	115	0
3695	115	0
3696	115	0
3697	115	0
3698	115	0
3699	115	0
3700	115	0
3701	116	0
3702	115	0
3703	115	0
3704	115	0
3705	115	0
3706	115	0
3707	115	0
3708	115	0
3709	115	0
3710	115	0
3711	115	0
3712	115	0
3713	115	0
3714	115	0
3715	115	0
3716	115	0
3717	116	0
3718	115	0
3719	115	0
3720	115	0
3721	115	0
3722	116	0
3723	117	0
3724	115	0
3725	115	0
3726	115	0
3727	116	0
3728	115	0
3729	115	0
3730	115	0
3731	115	0
3732	115	0
3733	115	0
3734	115	0
3735	115	0
3736	116	0
3737	115	0
3738	115	0
3739	115	0
3740	115	0
3741	116	0
3742	116	0
3743	115	0
3744	115	0
3745	115	0
3746	115	0
3747	115	0
3748	116	0
3749	115	0
3750	115	0
3751	115	0
3752	114	0
3753	116	0
3754	115	0
3755	115	0
3756	115	0
3757	115	0
3758	115	0
3759	116	0
3760	115	0
3761	114	0
3762	115	0
3763	115	0
3764	115	0
3765	115	0
3766	115	0
3767	115	0
3768	115	0
3769	115	0
3770	115	0
3771	115	0
3772	115	0
3773	115	0
3774	116	0
3775	117	0
3776	116	0
3777	117	0
3778	116	0
3779	117	0
3780	117	0
3781	116	0
3782	115	0
3783	115	0
3784	115	0
3785	115	0
3786	116	0
3787	116	0
3788	116	0
3789	115	0
3790	115	0
3791	115	0
3792	115	0
3793	115	0
3794	115	0
3795	115	0
3796	115	0
3797	115	0
3798	115	0
3799	115	0
3800	115	0
3801	115	0
3802	115	0
3803	115	0
3804	115	0
3805	115	0
3806	115	0
3807	115	0
3808	115	0
3809	115	0
3810	115	0
3811	114	0
3812	118	0
3813	139	0
3814	166	0
3815	188	0
3816	203	0
3817	211	0
3818	211	0
3819	199	0
3820	178	0
3821	152	0
3822	122	0
3823	93	0
3824	67	0
3825	52	0
3826	48	0
3827	50	0
3828	51	0
3829	54	0
3830	58	0
3831	78	0
3832	110	0
3833	140	0
3834	167	0
3835	189	0
3836	205	0
3837	214	0
3838	214	0
3839	202	0
3840	179	0
3841	152	0
3842	121	0
3843	90	0
3844	65	0
3845	52	0
3846	48	0
3847	49	0
3848	51	0
3849	54	0
3850	57	0
3851	76	0
3852	106	0
3853	125	0
3854	120	0
3855	118	0
3856	117	0
3857	116	0
3858	116	0
3859	116	0
3860	116	0
3861	115	0
3862	115	0
3863	115	0
3864	115	0
3865	115	0
3866	115	0
3867	115	0
3868	115	0
3869	115	0
3870	115	0
3871	114	0
3872	114	0
3873	115	0
3874	115	0
3875	114	0
3876	115	0
3877	114	0
3878	115	0
3879	114	0
3880	115	0
3881	115	0
3882	115	0
3883	115	0
3884	115	0
3885	115	0
3886	115	0
3887	115	0
3888	115	0
3889	114	0
3890	115	0
3891	114	0
3892	115	0
3893	115	0
3894	115	0
3895	115	0
3896	115	0
3897	115	0
3898	114	0
3899	115	0
3900	115	0
3901	115	0
3902	114	0
3903	115	0
3904	115	0
3905	115	0
3906	115	0
3907	115	0
3908	115	0
3909	114	0
3910	115	0
3911	114	0
3912	114	0
3913	115	0
3914	115	0
3915	115	0
3916	115	0
3917	114	0
3918	115	0
3919	115	0
3920	115	0
3921	115	0
3922	116	0
3923	115	0
3924	115	0
3925	115	0
3926	114	0
3927	115	0
3928	115	0
3929	115	0
3930	114	0
3931	115	0
3932	115	0
3933	115	0
3934	114	0
3935	115	0
3936	115	0
3937	115	0
3938	115	0
3939	115	0
3940	115	0
3941	115	0
3942	115	0
3943	115	0
3944	114	0
3945	116	0
3946	116	0
3947	114	0
3948	115	0
3949	115	0
3950	115	0
3951	114	0
3952	115	0
3953	115	0
3954	115	0
3955	114	0
3956	115	0
3957	115	0
3958	115	0
3959	115	0
3960	115	0
3961	115	0
3962	115	0
3963	115	0
3964	115	0
3965	115	0
3966	115	0
3967	115	0
3968	115	0
3969	115	0
3970	115	0
3971	115	0
3972	115	0
3973	115	0
3974	115	0
3975	115	0
3976	115	0
3977	115	0
3978	115	0
3979	115	0
3980	115	0
3981	115	0
3982	115	0
3983	115	0
3984	115	0
3985	115	0
3986	115	0
3987	115	0
3988	115	0
3989	114	0
3990	114	0
3991	114	0
3992	115	0
3993	115	0
3994	115	0
3995	115	0
3996	115	0
3997	115	0
3998	114	0
3999	115	0
4000	115	0
4001	115	0
4002	115	0
4003	115	0
4004	115	0
4005	115	0
4006	115	0
4007	115	0
4008	115	0
4009	115	0
4010	115	0
4011	115	0
4012	115	0
4013	115	0
4014	115	0
4015	115	0
4016	115	0
4017	115	0
4018	115	0
4019	115	0
4020	114	0
4021	114	0
4022	115	0
4023	115	0
4024	115	0
4025	115	0
4026	115	0
4027	115	0
4028	115	0
4029	115	0
4030	115	0
4031	115	0
4032	115	0
4033	115	0
4034	115	0
4035	115	0
4036	115	0
4037	115	0
4038	115	0
4039	115	0
4040	115	0
4041	115	0
4042	115	0
4043	115	0
4044	115	0
4045	116	0
4046	115	0
4047	115	0
4048	115	0
4049	115	0
4050	115	0
4051	115	0
4052	115	0
4053	115	0
4054	115	0
4055	115	0
4056	115	0
4057	115	0
4058	115	0
4059	115	0
4060	115	0
4061	114	0
4062	115	0
4063	115	0
4064	115	0
4065	115	0
4066	115	0
4067	115	0
4068	115	0
4069	116	0
4070	115	0
4071	115	0
4072	115	0
4073	115	0
4074	116	0
4075	116	0
4076	115	0
4077	115	0
4078	115	0
4079	116	0
4080	115	0
4081	115	0
4082	115	0
4083	115	0
4084	115	0
4085	115	0
4086	115	0
4087	115	0
4088	115	0
4089	115	0
4090	115	0
4091	115	0
4092	115	0
4093	115	0
4094	115	0
4095	115	0
4096	115	0
4097	115	0
4098	115	0
4099	115	0
4100	115	0
4101	115	0
4102	115	0
4103	115	0
4104	115	0
4105	115	0
4106	115	0
4107	115	0
4108	115	0
4109	115	0
4110	115	0
4111	115	0
4112	115	0
4113	116	0
4114	115	0
4115	115	0
4116	115	0
4117	115	0
4118	115	0
4119	116	0
4120	115	0
4121	115	0
4122	115	0
4123	115	0
4124	116	0
4125	115	0
4126	115	0
4127	115	0
4128	115	0
4129	115	0
4130	115	0
4131	116	0
4132	115	0
4133	115	0
4134	115	0
4135	115	0
4136	116	0
4137	116	0
4138	116	0
4139	115	0
4140	115	0
4141	115	0
4142	115	0
4143	115	0
4144	115	0
4145	115	0
4146	115	0
4147	115	0
4148	115	0
4149	115	0
4150	115	0
4151	115	0
4152	115	0
4153	114	0
4154	115	0
4155	115	0
4156	115	0
4157	115	0
4158	115	0
4159	115	0
4160	115	0
4161	115	0
4162	116	0
4163	115	0
4164	115	0
4165	115	0
4166	115	0
4167	115	0
4168	115	0
4169	115	0
4170	115	0
4171	115	0
4172	116	0
4173	115	0
4174	115	0
4175	114	0
4176	115	0
4177	115	0
4178	116	0
4179	115	0
4180	115	0
4181	115	0
4182	114	0
4183	115	0
4184	115	0
4185	115	0
4186	115	0
4187	115	0
4188	115	0
4189	115	0
4190	115	0
4191	115	0
4192	115	0
4193	115	0
4194	115	0
4195	115	0
4196	115	0
4197	115	0
4198	115	0
4199	115	0
4200	115	0
4201	115	0
4202	115	0
4203	115	0
4204	115	0
4205	115	0
4206	115	0
4207	115	0
4208	115	0
4209	115	0
4210	115	0
4211	115	0
4212	115	0
4213	115	0
4214	115	0
4215	115	0
4216	115	0
4217	115	0
4218	116	0
4219	115	0
4220	115	0
4221	115	0
4222	115	0
4223	116	0
4224	116	0
4225	115	0
4226	115	0
4227	115	0
4228	116	0
4229	115	0
4230	115	0
4231	115	0
4232	114	0
4233	115	0
4234	116	0
4235	116	0
4236	115	0
4237	115	0
4238	115	0
4239	115	0
4240	115	0
4241	116	0
4242	115	0
4243	115	0
4244	114	0
4245	115	0
4246	115	0
4247	115	0
4248	115	0
4249	116	0
4250	116	0
4251	115	0
4252	115	0
4253	115	0
4254	115	0
4255	114	0
4256	115	0
4257	115	0
4258	115	0
4259	115	0
4260	115	0
4261	115	0
4262	115	0
4263	115	0
4264	115	0
4265	115	0
4266	115	0
4267	115	0
4268	115	0
4269	115	0
4270	115	0
4271	115	0
4272	115	0
4273	115	0
4274	115	0
4275	115	0
4276	115	0
4277	115	0
4278	115	0
4279	115	0
4280	115	0
4281	115	0
4282	115	0
4283	115	0
4284	115	0
4285	115	0
4286	115	0
4287	115	0
4288	116	0
4289	115	0
4290	116	0
4291	115	0
4292	115	0
4293	115	0
4294	115	0
4295	115	0
4296	116	0
4297	115	0
4298	114	0
4299	115	0
4300	115	0
4301	115	0
4302	115	0
4303	115	0
4304	115	0
4305	115	0
4306	116	0
4307	115	0
4308	115	0
4309	115	0
4310	115	0
4311	115	0
4312	116	0
4313	115	0
4314	115	0
4315	114	0
4316	115	0
4317	115	0
4318	115	0
4319	114	0
4320	115	0
4321	115	0
4322	115	0
4323	114	0
4324	115	0
4325	115	0
4326	115	0
4327	115	0
4328	115	0
4329	115	0
4330	115	0
4331	114	0
4332	114	0
4333	114	0
4334	113	0
4335	113	0
4336	113	0
4337	113	0
4338	112	0
4339	114	0
4340	115	0
4341	115	0
4342	115	0
4343	115	0
4344	114	0
4345	115	0
4346	115	0
4347	115	0
4348	115	0
4349	115	0
4350	115	0
4351	115	0
4352	115	0
4353	115	0
4354	115	0
4355	115	0
4356	115	0
4357	115	0
4358	115	0
4359	115	0
4360	115	0
4361	115	0
4362	115	0
4363	115	0
4364	115	0
4365	116	0
4366	116	0
4367	115	0
4368	115	0
4369	115	0
4370	115	0
4371	115	0
4372	115	0
4373	115	0
4374	115	0
4375	115	0
4376	115	0
4377	115	0
4378	115	0
4379	115	0
4380	115	0
4381	115	0
4382	115	0
4383	115	0
4384	115	0
4385	115	0
4386	115	0
4387	116	0
4388	115	0
4389	115	0
4390	115	0
4391	115	0
4392	116	0
4393	116	0
4394	115	0
4395	115	0
4396	115	0
4397	115	0
4398	115	0
4399	115	0
4400	115	0
4401	115	0
4402	115	0
4403	115	0
4404	115	0
4405	115	0
4406	115	0
4407	115	0
4408	115	0
4409	115	0
4410	114	0
4411	115	0
4412	115	0
4413	115	0
4414	115	0
4415	115	0
4416	115	0
4417	115	0
4418	116	0
4419	115	0
4420	115	0
4421	114	0
4422	114	0
4423	115	0
4424	115	0
4425	115	0
4426	116	0
4427	115	0
4428	115	0
4429	115	0
4430	115	0
4431	115	0
4432	115	0
4433	116	0
4434	115	0
4435	114	0
4436	115	0
4437	115	0
4438	115	0
4439	115	0
4440	115	0
4441	115	0
4442	115	0
4443	115	0
4444	115	0
4445	116	0
4446	115	0
4447	115	0
4448	115	0
4449	114	0
4450	115	0
4451	116	0
4452	115	0
4453	115	0
4454	115	0
4455	115	0
4456	115	0
4457	115	0
4458	115	0
4459	116	0
4460	115	0
4461	115	0
4462	115	0
4463	115	0
4464	115	0
4465	116	0
4466	115	0
4467	115	0
4468	115	0
4469	115	0
4470	116	0
4471	115	0
4472	115	0
4473	115	0
4474	115	0
4475	115	0
4476	115	0
4477	115	0
4478	115	0
4479	115	0
4480	115	0
4481	115	0
4482	115	0
4483	115	0
4484	115	0
4485	115	0
4486	115	0
4487	115	0
4488	115	0
4489	115	0
4490	115	0
4491	115	0
4492	114	0
4493	115	0
4494	115	0
4495	116	0
4496	115	0
4497	115	0
4498	115	0
4499	115	0
4500	116	0
4501	116	0
4502	115	0
4503	115	0
4504	114	0
4505	116	0
4506	115	0
4507	116	0
4508	115	0
4509	115	0
4510	115	0
4511	115	0
4512	115	0
4513	115	0
4514	115	0
4515	115	0
4516	116	0
4517	115	0
4518	115	0
4519	115	0
4520	115	0
4521	115	0
4522	115	0
4523	115	0
4524	115	0
4525	115	0
4526	115	0
4527	115	0
4528	115	0
4529	115	0
4530	115	0
4531	114	0
4532	114	0
4533	115	0
4534	115	0
4535	114	0
4536	115	0
4537	115	0
4538	115	0
4539	115	0
4540	115	0
4541	114	0
4542	115	0
4543	115	0
4544	115	0
4545	114	0
4546	115	0
4547	115	0
4548	115	0
4549	115	0
4550	115	0
4551	115	0
4552	115	0
4553	115	0
4554	114	0
4555	113	0
4556	115	0
4557	115	0
4558	115	0
4559	114	0
4560	115	0
4561	115	0
4562	115	0
4563	115	0
4564	115	0
4565	115	0
4566	114	0
4567	115	0
4568	115	0
4569	115	0
4570	115	0
4571	115	0
4572	115	0
4573	115	0
4574	115	0
4575	115	0
4576	115	0
4577	115	0
4578	115	0
4579	115	0
4580	116	0
4581	115	0
4582	115	0
4583	114	0
4584	115	0
4585	115	0
4586	115	0
4587	115	0
4588	115	0
4589	115	0
4590	115	0
4591	115	0
4592	115	0
4593	115	0
4594	115	0
4595	115	0
4596	115	0
4597	114	0
4598	115	0
4599	115	0
4600	115	0
4601	115	0
4602	115	0
4603	115	0
4604	115	0
4605	115	0
4606	115	0
4607	115	0
4608	115	0
4609	115	0
4610	115	0
4611	115	0
4612	114	0
4613	115	0
4614	115	0
4615	115	0
4616	115	0
4617	115	0
4618	115	0
4619	115	0
4620	115	0
4621	115	0
4622	115	0
4623	115	0
4624	115	0
4625	115	0
4626	116	0
4627	115	0
4628	115	0
4629	115	0
4630	114	0
4631	116	0
4632	115	0
4633	115	0
4634	115	0
4635	115	0
4636	116	0
4637	115	0
4638	114	0
4639	115	0
4640	114	0
4641	115	0
4642	116	0
4643	115	0
4644	115	0
4645	116	0
4646	115	0
4647	116	0
4648	115	0
4649	115	0
4650	115	0
4651	116	0
4652	115	0
4653	115	0
4654	114	0
4655	115	0
4656	116	0
4657	115	0
4658	115	0
4659	115	0
4660	115	0
4661	116	0
4662	116	0
4663	115	0
4664	115	0
4665	115	0
4666	115	0
4667	115	0
4668	115	0
4669	115	0
4670	115	0
4671	115	0
4672	115	0
4673	115	0
4674	115	0
4675	115	0
4676	115	0
4677	115	0
4678	115	0
4679	115	0
4680	115	0
4681	115	0
4682	115	0
4683	115	0
4684	115	0
4685	115	0
4686	115	0
4687	115	0
4688	115	0
4689	115	0
4690	115	0
4691	115	0
4692	114	0
4693	115	0
4694	115	0
4695	114	0
4696	115	0
4697	115	0
4698	115	0
4699	114	0
4700	115	0
4701	115	0
4702	115	0
4703	115	0
4704	115	0
4705	115	0
4706	115	0
4707	115	0
4708	115	0
4709	115	0
4710	115	0
4711	114	0
4712	114	0
4713	115	0
4714	115	0
4715	115	0
4716	115	0
4717	115	0
4718	115	0
4719	115	0
4720	116	0
4721	116	0
4722	115	0
4723	116	0
4724	116	0
4725	117	0
4726	116	0
4727	117	0
4728	116	0
4729	117	0
4730	116	0
4731	116	0
4732	115	0
4733	115	0
4734	115	0
4735	115	0
4736	115	0
4737	115	0
4738	115	0
4739	115	0
4740	115	0
4741	115	0
4742	114	0
4743	115	0
4744	115	0
4745	115	0
4746	115	0
4747	115	0
4748	115	0
4749	115	0
4750	115	0
4751	115	0
4752	115	0
4753	115	0
4754	115	0
4755	115	0
4756	115	0
4757	115	0
4758	115	0
4759	115	0
4760	115	0
4761	118	0
4762	139	0
4763	166	0
4764	188	0
4765	203	0
4766	211	0
4767	211	0
4768	198	0
4769	177	0
4770	151	0
4771	121	0
4772	91	0
4773	66	0
4774	52	0
4775	49	0
4776	50	0
4777	51	0
4778	53	0
4779	57	0
4780	78	0
4781	109	0
4782	140	0
4783	168	0
4784	190	0
4785	205	0
4786	214	0
4787	214	0
4788	201	0
4789	179	0
4790	153	0
4791	121	0
4792	91	0
4793	66	0
4794	51	0
4795	49	0
4796	50	0
4797	51	0
4798	53	0
4799	57	0
4800	76	0
4801	107	0
4802	124	0
4803	121	0
4804	118	0
4805	118	0
4806	117	0
4807	117	0
4808	116	0
4809	116	0
4810	115	0
4811	115	0
4812	114	0
4813	115	0
4814	114	0
4815	115	0
4816	115	0
4817	115	0
4818	115	0
4819	115	0
4820	115	0
4821	114	0
4822	115	0
4823	114	0
4824	115	0
4825	114	0
4826	115	0
4827	114	0
4828	114	0
4829	115	0
4830	115	0
4831	115	0
4832	114	0
4833	115	0
4834	115	0
4835	114	0
4836	115	0
4837	114	0
4838	115	0
4839	114	0
4840	114	0
4841	115	0
4842	115	0
4843	114	0
4844	115	0
4845	114	0
4846	115	0
4847	114	0
4848	115	0
4849	114	0
4850	114	0
4851	114	0
4852	115	0
4853	115	0
4854	115	0
4855	114	0
4856	114	0
4857	114	0
4858	115	0
4859	114	0
4860	115	0
4861	115	0
4862	115	0
4863	115	0
4864	114	0
4865	115	0
4866	114	0
4867	115	0
4868	114	0
4869	114	0
4870	115	0
4871	115	0
4872	115	0
4873	115	0
4874	115	0
4875	115	0
4876	115	0
4877	115	0
4878	115	0
4879	115	0
4880	115	0
4881	115	0
4882	115	0
4883	115	0
4884	115	0
4885	114	0
4886	114	0
4887	114	0
4888	114	0
4889	114	0
4890	115	0
4891	114	0
4892	114	0
4893	114	0
4894	115	0
4895	115	0
4896	115	0
4897	115	0
4898	115	0
4899	115	0
4900	115	0
4901	115	0
4902	115	0
4903	115	0
4904	115	0
4905	115	0
4906	115	0
4907	115	0
4908	115	0
4909	114	0
4910	115	0
4911	115	0
4912	115	0
4913	114	0
4914	115	0
4915	115	0
4916	115	0
4917	114	0
4918	115	0
4919	114	0
4920	115	0
4921	115	0
4922	115	0
4923	115	0
4924	115	0
4925	115	0
4926	115	0
4927	115	0
4928	114	0
4929	115	0
4930	115	0
4931	114	0
4932	114	0
4933	115	0
4934	115	0
4935	115	0
4936	114	0
4937	115	0
4938	115	0
4939	115	0
4940	115	0
4941	115	0
4942	115	0
4943	114	0
4944	114	0
4945	115	0
4946	115	0
4947	115	0
4948	115	0
4949	114	0
4950	115	0
4951	115	0
4952	115	0
4953	115	0
4954	116	0
4955	115	0
4956	115	0
4957	114	0
4958	115	0
4959	115	0
4960	115	0
4961	115	0
4962	115	0
4963	115	0
4964	115	0
4965	115	0
4966	115	0
4967	115	0
4968	115	0
4969	115	0
4970	115	0
4971	115	0
4972	115	0
4973	116	0
4974	115	0
4975	115	0
4976	115	0
4977	115	0
4978	115	0
4979	115	0
4980	115	0
4981	115	0
4982	115	0
4983	115	0
4984	115	0
4985	115	0
4986	115	0
4987	115	0
4988	115	0
4989	115	0
4990	115	0
4991	115	0
4992	115	0
4993	115	0
4994	115	0
4995	114	0
4996	115	0
4997	115	0
4998	115	0
4999	115	0
5000	115	0
5001	115	0
5002	115	0
5003	115	0
5004	115	0
5005	115	0
5006	115	0
5007	115	0
5008	115	0
5009	115	0
5010	115	0
5011	115	0
5012	115	0
5013	115	0
5014	115	0
5015	115	0
5016	115	0
5017	115	0
5018	115	0
5019	115	0
5020	115	0
5021	115	0
5022	115	0
5023	115	0
5024	115	0
5025	115	0
5026	115	0
5027	115	0
5028	115	0
5029	115	0
5030	115	0
5031	115	0
5032	115	0
5033	114	0
5034	115	0
5035	115	0
5036	115	0
5037	115	0
5038	115	0
5039	115	0
5040	115	0
5041	115	0
5042	115	0
5043	115	0
5044	115	0
5045	115	0
5046	115	0
5047	115	0
5048	115	0
5049	115	0
5050	115	0
5051	115	0
5052	115	0
5053	115	0
5054	115	0
5055	115	0
5056	115	0
5057	115	0
5058	115	0
5059	115	0
5060	115	0
5061	114	0
5062	115	0
5063	115	0
5064	116	0
5065	115	0
5066	115	0
5067	115	0
5068	115	0
5069	115	0
5070	115	0
5071	114	0
5072	115	0
5073	115	0
5074	115	0
5075	116	0
5076	115	0
5077	115	0
5078	115	0
5079	115	0
5080	115	0
5081	116	0
5082	115	0
5083	115	0
5084	115	0
5085	116	0
5086	115	0
5087	115	0
5088	115	0
5089	115	0
5090	115	0
5091	115	0
5092	115	0
5093	115	0
5094	115	0
5095	115	0
5096	115	0
5097	115	0
5098	115	0
5099	115	0
5100	115	0
5101	115	0
5102	115	0
5103	115	0
5104	115	0
5105	115	0
5106	115	0
5107	115	0
5108	115	0
5109	115	0
5110	115	0
5111	115	0
5112	114	0
5113	115	0
5114	115	0
5115	114	0
5116	115	0
5117	115	0
5118	115	0
5119	115	0
5120	115	0
5121	115	0
5122	115	0
5123	115	0
5124	115	0
5125	115	0
5126	115	0
5127	115	0
5128	115	0
5129	115	0
5130	115	0
5131	116	0
5132	115	0
5133	114	0
5134	115	0
5135	115	0
5136	115	0
5137	115	0
5138	115	0
5139	115	0
5140	115	0
5141	115	0
5142	114	0
5143	115	0
5144	115	0
5145	115	0
5146	115	0
5147	115	0
5148	115	0
5149	115	0
5150	115	0
5151	115	0
5152	115	0
5153	114	0
5154	115	0
5155	114	0
5156	115	0
5157	115	0
5158	116	0
5159	115	0
5160	115	0
5161	116	0
5162	115	0
5163	115	0
5164	115	0
5165	115	0
5166	116	0
5167	116	0
5168	115	0
5169	115	0
5170	115	0
5171	116	0
5172	115	0
5173	116	0
5174	115	0
5175	115	0
5176	116	0
5177	115	0
5178	115	0
5179	115	0
5180	115	0
5181	116	0
5182	115	0
5183	115	0
5184	115	0
5185	115	0
5186	116	0
5187	115	0
5188	115	0
5189	115	0
5190	115	0
5191	115	0
5192	116	0
5193	115	0
5194	115	0
5195	115	0
5196	115	0
5197	115	0
5198	116	0
5199	115	0
5200	115	0
5201	115	0
5202	115	0
5203	115	0
5204	115	0
5205	115	0
5206	115	0
5207	115	0
5208	115	0
5209	114	0
5210	115	0
5211	114	0
5212	115	0
5213	115	0
5214	116	0
5215	115	0
5216	115	0
5217	115	0
5218	115	0
5219	116	0
5220	116	0
5221	115	0
5222	115	0
5223	115	0
5224	115	0
5225	115	0
5226	115	0
5227	114	0
5228	114	0
5229	115	0
5230	115	0
5231	115	0
5232	115	0
5233	115	0
5234	115	0
5235	115	0
5236	115	0
5237	116	0
5238	116	0
5239	116	0
5240	115	0
5241	115	0
5242	116	0
5243	115	0
5244	115	0
5245	115	0
5246	115	0
5247	115	0
5248	116	0
5249	115	0
5250	115	0
5251	115	0
5252	114	0
5253	115	0
5254	115	0
5255	114	0
5256	115	0
5257	115	0
5258	115	0
5259	115	0
5260	115	0
5261	115	0
5262	115	0
5263	115	0
5264	115	0
5265	115	0
5266	115	0
5267	115	0
5268	116	0
5269	115	0
5270	115	0
5271	115	0
5272	114	0
5273	115	0
5274	115	0
5275	115	0
5276	115	0
5277	116	0
5278	115	0
5279	115	0
5280	115	0
5281	115	0
5282	116	0
5283	115	0
5284	114	0
5285	115	0
5286	115	0
5287	114	0
5288	113	0
5289	113	0
5290	114	0
5291	113	0
5292	114	0
5293	114	0
5294	114	0
5295	115	0
5296	115	0
5297	115	0
5298	114	0
5299	115	0
5300	115	0
5301	115	0
5302	115	0
5303	116	0
5304	115	0
5305	115	0
5306	115	0
5307	115	0
5308	115	0
5309	115	0
5310	114	0
5311	115	0
5312	115	0
5313	116	0
5314	115	0
5315	115	0
5316	115	0
5317	115	0
5318	116	0
5319	116	0
5320	115	0
5321	115	0
5322	114	0
5323	115	0
5324	115	0
5325	115	0
5326	115	0
5327	115	0
5328	115	0
5329	115	0
5330	115	0
5331	116	0
5332	115	0
5333	115	0
5334	115	0
5335	115	0
5336	115	0
5337	116	0
5338	115	0
5339	115	0
5340	115	0
5341	115	0
5342	115	0
5343	116	0
5344	115	0
5345	115	0
5346	115	0
5347	115	0
5348	115	0
5349	116	0
5350	115	0
5351	115	0
5352	115	0
5353	114	0
5354	116	0
5355	115	0
5356	115	0
5357	115	0
5358	115	0
5359	115	0
5360	115	0
5361	115	0
5362	115	0
5363	114	0
5364	115	0
5365	115	0
5366	115	0
5367	115	0
5368	115	0
5369	115	0
5370	115	0
5371	115	0
5372	115	0
5373	114	0
5374	115	0
5375	114	0
5376	115	0
5377	115	0
5378	115	0
5379	115	0
5380	115	0
5381	115	0
5382	114	0
5383	115	0
5384	115	0
5385	115	0
5386	115	0
5387	115	0
5388	115	0
5389	115	0
5390	115	0
5391	115	0
5392	115	0
5393	115	0
5394	115	0
5395	115	0
5396	115	0
5397	115	0
5398	115	0
5399	114	0
5400	114	0
5401	115	0
5402	115	0
5403	115	0
5404	115	0
5405	115	0
5406	115	0
5407	115	0
5408	115	0
5409	115	0
5410	115	0
5411	115	0
5412	115	0
5413	115	0
5414	115	0
5415	115	0
5416	115	0
5417	115	0
5418	115	0
5419	115	0
5420	115	0
5421	115	0
5422	115	0
5423	114	0
5424	114	0
5425	115	0
5426	115	0
5427	115	0
5428	116	0
5429	115	0
5430	115	0
5431	115	0
5432	115	0
5433	115	0
5434	115	0
5435	115	0
5436	115	0
5437	115	0
5438	115	0
5439	115	0
5440	115	0
5441	114	0
5442	115	0
5443	115	0
5444	114	0
5445	114	0
5446	115	0
5447	115	0
5448	115	0
5449	115	0
5450	115	0
5451	115	0
5452	115	0
5453	115	0
5454	114	0
5455	114	0
5456	115	0
5457	115	0
5458	115	0
5459	116	0
5460	115	0
5461	115	0
5462	115	0
5463	115	0
5464	116	0
5465	117	0
5466	115	0
5467	115	0
5468	115	0
5469	116	0
5470	115	0
5471	115	0
5472	115	0
5473	115	0
5474	116	0
5475	115	0
5476	114	0
5477	115	0
5478	114	0
5479	115	0
5480	115	0
5481	115	0
5482	115	0
5483	115	0
5484	116	0
5485	115	0
5486	115	0
5487	115	0
5488	115	0
5489	115	0
5490	115	0
5491	115	0
5492	115	0
5493	115	0
5494	115	0
5495	115	0
5496	115	0
5497	115	0
5498	114	0
5499	115	0
5500	115	0
5501	115	0
5502	115	0
5503	115	0
5504	115	0
5505	115	0
5506	115	0
5507	115	0
5508	115	0
5509	115	0
5510	115	0
5511	115	0
5512	115	0
5513	115	0
5514	115	0
5515	115	0
5516	115	0
5517	115	0
5518	115	0
5519	115	0
5520	115	0
5521	115	0
5522	115	0
5523	115	0
5524	115	0
5525	115	0
5526	115	0
5527	115	0
5528	115	0
5529	115	0
5530	115	0
5531	115	0
5532	114	0
5533	115	0
5534	115	0
5535	115	0
5536	115	0
5537	116	0
5538	115	0
5539	115	0
5540	115	0
5541	115	0
5542	115	0
5543	115	0
5544	115	0
5545	115	0
5546	115	0
5547	115	0
5548	115	0
5549	115	0
5550	115	0
5551	115	0
5552	115	0
5553	116	0
5554	115	0
5555	115	0
5556	115	0
5557	114	0
5558	115	0
5559	115	0
5560	115	0
5561	115	0
5562	115	0
5563	115	0
5564	116	0
5565	115	0
5566	115	0
5567	115	0
5568	115	0
5569	116	0
5570	115	0
5571	115	0
5572	116	0
5573	115	0
5574	115	0
5575	116	0
5576	115	0
5577	116	0
5578	116	0
5579	115	0
5580	116	0
5581	115	0
5582	115	0
5583	114	0
5584	115	0
5585	116	0
5586	115	0
5587	115	0
5588	115	0
5589	115	0
5590	115	0
5591	115	0
5592	115	0
5593	115	0
5594	115	0
5595	115	0
5596	115	0
5597	115	0
5598	115	0
5599	115	0
5600	115	0
5601	115	0
5602	115	0
5603	115	0
5604	115	0
5605	115	0
5606	115	0
5607	115	0
5608	115	0
5609	114	0
5610	115	0
5611	115	0
5612	115	0
5613	115	0
5614	115	0
5615	115	0
5616	114	0
5617	115	0
5618	115	0
5619	115	0
5620	115	0
5621	115	0
5622	115	0
5623	115	0
5624	115	0
5625	115	0
5626	115	0
5627	114	0
5628	115	0
5629	115	0
5630	115	0
5631	114	0
5632	116	0
5633	115	0
5634	115	0
5635	115	0
5636	115	0
5637	116	0
5638	115	0
5639	115	0
5640	115	0
5641	115	0
5642	115	0
5643	116	0
5644	115	0
5645	115	0
5646	115	0
5647	114	0
5648	115	0
5649	115	0
5650	115	0
5651	115	0
5652	115	0
5653	115	0
5654	115	0
5655	115	0
5656	116	0
5657	115	0
5658	115	0
5659	115	0
5660	115	0
5661	115	0
5662	116	0
5663	115	0
5664	115	0
5665	115	0
5666	115	0
5667	115	0
5668	115	0
5669	115	0
5670	115	0
5671	115	0
5672	115	0
5673	115	0
5674	115	0
5675	114	0
5676	115	0
5677	116	0
5678	116	0
5679	117	0
5680	117	0
5681	116	0
5682	116	0
5683	116	0
5684	115	0
5685	115	0
5686	115	0
5687	115	0
5688	115	0
5689	116	0
5690	115	0
5691	115	0
5692	115	0
5693	115	0
5694	115	0
5695	115	0
5696	114	0
5697	115	0
5698	115	0
5699	115	0
5700	115	0
5701	115	0
5702	115	0
5703	115	0
5704	115	0
5705	115	0
5706	115	0
5707	115	0
5708	115	0
5709	114	0
5710	115	0
5711	115	0
5712	115	0
5713	115	0
5714	116	0
5715	131	0
5716	158	0
5717	182	0
5718	199	0
5719	211	0
5720	213	0
5721	203	0
5722	185	0
5723	160	0
5724	130	0
5725	101	0
5726	74	0
5727	56	0
5728	49	0
5729	48	0
5730	51	0
5731	53	0
5732	55	0
5733	70	0
5734	99	0
5735	130	0
5736	159	0
5737	182	0
5738	201	0
5739	212	0
5740	216	0
5741	206	0
5742	187	0
5743	161	0
5744	131	0
5745	101	0
5746	72	0
5747	54	0
5748	48	0
5749	49	0
5750	51	0
5751	53	0
5752	54	0
5753	68	0
5754	97	0
5755	122	0
5756	122	0
5757	118	0
5758	118	0
5759	117	0
5760	117	0
5761	115	0
5762	116	0
5763	115	0
5764	115	0
5765	114	0
5766	115	0
5767	115	0
5768	115	0
5769	115	0
5770	115	0
5771	115	0
5772	115	0
5773	114	0
5774	115	0
5775	114	0
5776	115	0
5777	114	0
5778	115	0
5779	114	0
5780	115	0
5781	115	0
5782	115	0
5783	115	0
5784	114	0
5785	115	0
5786	114	0
5787	115	0
5788	114	0
5789	115	0
5790	115	0
5791	115	0
5792	115	0
5793	115	0
5794	115	0
5795	115	0
5796	115	0
5797	115	0
5798	115	0
5799	114	0
5800	114	0
5801	115	0
5802	115	0
5803	115	0
5804	115	0
5805	114	0
5806	115	0
5807	114	0
5808	115	0
5809	115	0
5810	115	0
5811	114	0
5812	115	0
5813	115	0
5814	115	0
5815	115	0
5816	115	0
5817	115	0
5818	115	0
5819	115	0
5820	114	0
5821	114	0
5822	115	0
5823	114	0
5824	115	0
5825	115	0
5826	115	0
5827	115	0
5828	115	0
5829	115	0
5830	115	0
5831	115	0
5832	115	0
5833	115	0
5834	115	0
5835	115	0
5836	115	0
5837	114	0
5838	114	0
5839	115	0
5840	115	0
5841	115	0
5842	115	0
5843	115	0
5844	115	0
5845	115	0
5846	115	0
5847	114	0
5848	115	0
5849	115	0
5850	115	0
5851	114	0
5852	115	0
5853	115	0
5854	115	0
5855	115	0
5856	116	0
5857	115	0
5858	115	0
5859	115	0
5860	115	0
5861	116	0
5862	115	0
5863	115	0
5864	115	0
5865	115	0
5866	116	0
5867	115	0
5868	114	0
5869	115	0
5870	115	0
5871	115	0
5872	116	0
5873	116	0
5874	115	0
5875	115	0
5876	115	0
5877	115	0
5878	114	0
5879	115	0
5880	115	0
5881	115	0
5882	115	0
5883	115	0
5884	115	0
5885	115	0
5886	115	0
5887	116	0
5888	115	0
5889	115	0
5890	115	0
5891	115	0
5892	116	0
5893	115	0
5894	115	0
5895	115	0
5896	115	0
5897	115	0
5898	115	0
5899	115	0
5900	116	0
5901	115	0
5902	115	0
5903	114	0
5904	115	0
5905	116	0
5906	115	0
5907	115	0
5908	115	0
5909	115	0
5910	115	0
5911	116	0
5912	115	0
5913	115	0
5914	114	0
5915	115	0
5916	115	0
5917	115	0
5918	115	0
5919	115	0
5920	115	0
5921	116	0
5922	115	0
5923	115	0
5924	115	0
5925	115	0
5926	115	0
5927	115	0
5928	115	0
5929	115	0
5930	115	0
5931	115	0
5932	115	0
5933	115	0
5934	114	0
5935	115	0
5936	114	0
5937	114	0
5938	114	0
5939	115	0
5940	115	0
5941	116	0
5942	115	0
5943	115	0
5944	115	0
5945	114	0
5946	115	0
5947	115	0
5948	115	0
5949	115	0
5950	115	0
5951	115	0
5952	115	0
5953	116	0
5954	115	0
5955	115	0
5956	115	0
5957	115	0
5958	115	0
5959	116	0
5960	115	0
5961	115	0
5962	115	0
5963	115	0
5964	116	0
5965	116	0
5966	115	0
5967	115	0
5968	115	0
5969	115	0
5970	115	0
5971	116	0
5972	115	0
5973	114	0
5974	115	0
5975	115	0
5976	115	0
5977	115	0
5978	115	0
5979	116	0
5980	115	0
5981	115	0
5982	115	0
5983	115	0
5984	115	0
5985	115	0
5986	115	0
5987	115	0
5988	115	0
5989	115	0
5990	115	0
5991	114	0
5992	115	0
5993	115	0
5994	115	0
5995	115	0
5996	115	0
5997	115	0
5998	115	0
5999	115	0
6000	114	0
6001	115	0
6002	114	0
6003	115	0
6004	115	0
6005	114	0
6006	115	0
6007	115	0
6008	115	0
6009	115	0
6010	115	0
6011	114	0
6012	114	0
6013	114	0
6014	115	0
6015	115	0
6016	115	0
6017	115	0
6018	115	0
6019	115	0
6020	115	0
6021	115	0
6022	115	0
6023	115	0
6024	115	0
6025	115	0
6026	115	0
6027	115	0
6028	115	0
6029	116	0
6030	115	0
6031	115	0
6032	115	0
6033	115	0
6034	116	0
6035	115	0
6036	115	0
6037	115	0
6038	115	0
6039	116	0
6040	115	0
6041	115	0
6042	115	0
6043	115	0
6044	116	0
6045	115	0
6046	115	0
6047	115	0
6048	115	0
6049	115	0
6050	116	0
6051	115	0
6052	115	0
6053	115	0
6054	115	0
6055	116	0
6056	116	0
6057	115	0
6058	115	0
6059	115	0
6060	115	0
6061	115	0
6062	115	0
6063	114	0
6064	115	0
6065	115	0
6066	115	0
6067	115	0
6068	115	0
6069	115	0
6070	115	0
6071	115	0
6072	115	0
6073	115	0
6074	115	0
6075	115	0
6076	115	0
6077	115	0
6078	115	0
6079	115	0
6080	115	0
6081	115	0
6082	115	0
6083	115	0
6084	115	0
6085	115	0
6086	115	0
6087	115	0
6088	115	0
6089	115	0
6090	115	0
6091	115	0
6092	114	0
6093	115	0
6094	115	0
6095	115	0
6096	115	0
6097	115	0
6098	115	0
6099	115	0
6100	115	0
6101	115	0
6102	115	0
6103	115	0
6104	115	0
6105	115	0
6106	115	0
6107	115	0
6108	115	0
6109	115	0
6110	115	0
6111	115	0
6112	114	0
6113	114	0
6114	115	0
6115	116	0
6116	115	0
6117	115	0
6118	115	0
6119	115	0
6120	116	0
6121	115	0
6122	115	0
6123	115	0
6124	115	0
6125	115	0
6126	115	0
6127	115	0
6128	115	0
6129	115	0
6130	115	0
6131	115	0
6132	115	0
6133	115	0
6134	115	0
6135	116	0
6136	115	0
6137	115	0
6138	115	0
6139	115	0
6140	116	0
6141	115	0
6142	115	0
6143	115	0
6144	115	0
6145	116	0
6146	115	0
6147	115	0
6148	115	0
6149	115	0
6150	116	0
6151	116	0
6152	115	0
6153	116	0
6154	115	0
6155	116	0
6156	115	0
6157	115	0
6158	115	0
6159	115	0
6160	115	0
6161	116	0
6162	115	0
6163	115	0
6164	115	0
6165	115	0
6166	116	0
6167	115	0
6168	115	0
6169	115	0
6170	115	0
6171	115	0
6172	115	0
6173	115	0
6174	115	0
6175	116	0
6176	115	0
6177	115	0
6178	115	0
6179	115	0
6180	116	0
6181	115	0
6182	114	0
6183	114	0
6184	115	0
6185	115	0
6186	115	0
6187	116	0
6188	115	0
6189	115	0
6190	115	0
6191	116	0
6192	117	0
6193	117	0
6194	115	0
6195	115	0
6196	116	0
6197	115	0
6198	115	0
6199	115	0
6200	115	0
6201	115	0
6202	116	0
6203	115	0
6204	115	0
6205	115	0
6206	115	0
6207	117	0
6208	116	0
6209	115	0
6210	115	0
6211	115	0
6212	115	0
6213	115	0
6214	116	0
6215	115	0
6216	115	0
6217	115	0
6218	114	0
6219	115	0
6220	116	0
6221	115	0
6222	115	0
6223	115	0
6224	115	0
6225	116	0
6226	115	0
6227	115	0
6228	115	0
6229	116	0
6230	116	0
6231	115	0
6232	115	0
6233	115	0
6234	115	0
6235	115	0
6236	116	0
6237	114	0
6238	114	0
6239	115	0
6240	114	0
6241	113	0
6242	113	0
6243	113	0
6244	113	0
6245	113	0
6246	115	0
6247	113	0
6248	113	0
6249	115	0
6250	115	0
6251	115	0
6252	115	0
6253	115	0
6254	115	0
6255	115	0
6256	115	0
6257	115	0
6258	115	0
6259	115	0
6260	115	0
6261	115	0
6262	115	0
6263	115	0
6264	115	0
6265	116	0
6266	116	0
6267	115	0
6268	115	0
6269	115	0
6270	116	0
6271	115	0
6272	115	0
6273	115	0
6274	115	0
6275	116	0
6276	115	0
6277	115	0
6278	115	0
6279	115	0
6280	116	0
6281	116	0
6282	115	0
6283	115	0
6284	115	0
6285	115	0
6286	115	0
6287	116	0
6288	115	0
6289	115	0
6290	115	0
6291	115	0
6292	116	0
6293	116	0
6294	115	0
6295	115	0
6296	115	0
6297	116	0
6298	115	0
6299	115	0
6300	115	0
6301	115	0
6302	116	0
6303	115	0
6304	115	0
6305	115	0
6306	115	0
6307	116	0
6308	115	0
6309	115	0
6310	115	0
6311	115	0
6312	115	0
6313	115	0
6314	115	0
6315	115	0
6316	115	0
6317	115	0
6318	115	0
6319	115	0
6320	114	0
6321	115	0
6322	115	0
6323	115	0
6324	115	0
6325	115	0
6326	115	0
6327	115	0
6328	114	0
6329	114	0
6330	116	0
6331	116	0
6332	115	0
6333	115	0
6334	115	0
6335	116	0
6336	115	0
6337	116	0
6338	115	0
6339	115	0
6340	115	0
6341	115	0
6342	116	0
6343	117	0
6344	115	0
6345	115	0
6346	116	0
6347	116	0
6348	115	0
6349	115	0
6350	116	0
6351	116	0
6352	115	0
6353	115	0
6354	115	0
6355	116	0
6356	115	0
6357	115	0
6358	114	0
6359	115	0
6360	115	0
6361	116	0
6362	115	0
6363	115	0
6364	115	0
6365	115	0
6366	115	0
6367	115	0
6368	115	0
6369	115	0
6370	115	0
6371	115	0
6372	115	0
6373	115	0
6374	115	0
6375	115	0
6376	115	0
6377	115	0
6378	114	0
6379	115	0
6380	115	0
6381	114	0
6382	115	0
6383	115	0
6384	115	0
6385	115	0
6386	116	0
6387	115	0
6388	115	0
6389	115	0
6390	115	0
6391	115	0
6392	115	0
6393	115	0
6394	115	0
6395	115	0
6396	115	0
6397	115	0
6398	115	0
6399	115	0
6400	115	0
6401	115	0
6402	115	0
6403	115	0
6404	115	0
6405	115	0
6406	115	0
6407	115	0
6408	115	0
6409	115	0
6410	115	0
6411	115	0
6412	115	0
6413	114	0
6414	114	0
6415	115	0
6416	115	0
6417	115	0
6418	115	0
6419	115	0
6420	115	0
6421	115	0
6422	115	0
6423	115	0
6424	115	0
6425	115	0
6426	114	0
6427	115	0
6428	115	0
6429	115	0
6430	115	0
6431	116	0
6432	115	0
6433	114	0
6434	116	0
6435	115	0
6436	115	0
6437	115	0
6438	115	0
6439	115	0
6440	115	0
6441	115	0
6442	115	0
6443	115	0
6444	115	0
6445	116	0
6446	115	0
6447	115	0
6448	115	0
6449	115	0
6450	115	0
6451	116	0
6452	115	0
6453	115	0
6454	115	0
6455	115	0
6456	115	0
6457	116	0
6458	115	0
6459	114	0
6460	114	0
6461	114	0
6462	116	0
6463	115	0
6464	115	0
6465	115	0
6466	115	0
6467	116	0
6468	115	0
6469	114	0
6470	115	0
6471	115	0
6472	116	0
6473	115	0
6474	115	0
6475	115	0
6476	115	0
6477	115	0
6478	116	0
6479	115	0
6480	115	0
6481	115	0
6482	115	0
6483	116	0
6484	115	0
6485	114	0
6486	115	0
6487	115	0
6488	115	0
6489	115	0
6490	115	0
6491	115	0
6492	115	0
6493	115	0
6494	115	0
6495	115	0
6496	115	0
6497	115	0
6498	114	0
6499	115	0
6500	115	0
6501	115	0
6502	115	0
6503	115	0
6504	115	0
6505	114	0
6506	115	0
6507	115	0
6508	115	0
6509	115	0
6510	115	0
6511	115	0
6512	115	0
6513	115	0
6514	115	0
6515	115	0
6516	115	0
6517	114	0
6518	115	0
6519	115	0
6520	115	0
6521	114	0
6522	115	0
6523	115	0
6524	115	0
6525	115	0
6526	114	0
6527	115	0
6528	115	0
6529	115	0
6530	115	0
6531	115	0
6532	115	0
6533	116	0
6534	115	0
6535	115	0
6536	114	0
6537	115	0
6538	115	0
6539	115	0
6540	115	0
6541	115	0
6542	115	0
6543	115	0
6544	115	0
6545	115	0
6546	115	0
6547	115	0
6548	115	0
6549	115	0
6550	115	0
6551	115	0
6552	115	0
6553	115	0
6554	115	0
6555	115	0
6556	115	0
6557	115	0
6558	115	0
6559	116	0
6560	115	0
6561	115	0
6562	114	0
6563	114	0
6564	115	0
6565	115	0
6566	115	0
6567	115	0
6568	115	0
6569	115	0
6570	115	0
6571	115	0
6572	115	0
6573	115	0
6574	115	0
6575	115	0
6576	115	0
6577	115	0
6578	115	0
6579	115	0
6580	115	0
6581	115	0
6582	115	0
6583	114	0
6584	115	0
6585	115	0
6586	115	0
6587	115	0
6588	115	0
6589	116	0
6590	115	0
6591	116	0
6592	115	0
6593	115	0
6594	115	0
6595	116	0
6596	115	0
6597	116	0
6598	115	0
6599	115	0
6600	115	0
6601	115	0
6602	115	0
6603	116	0
6604	115	0
6605	115	0
6606	115	0
6607	115	0
6608	115	0
6609	115	0
6610	114	0
6611	115	0
6612	115	0
6613	115	0
6614	115	0
6615	115	0
6616	115	0
6617	115	0
6618	115	0
6619	115	0
6620	115	0
6621	115	0
6622	114	0
6623	115	0
6624	114	0
6625	115	0
6626	115	0
6627	115	0
6628	115	0
6629	115	0
6630	116	0
6631	116	0
6632	115	0
6633	116	0
6634	116	0
6635	116	0
6636	116	0
6637	116	0
6638	116	0
6639	115	0
6640	115	0
6641	116	0
6642	115	0
6643	115	0
6644	116	0
6645	115	0
6646	115	0
6647	115	0
6648	115	0
6649	115	0
6650	115	0
6651	115	0
6652	115	0
6653	114	0
6654	115	0
6655	114	0
6656	115	0
6657	115	0
6658	115	0
6659	115	0
6660	115	0
6661	115	0
6662	115	0
6663	115	0
6664	115	0
6665	115	0
6666	115	0
6667	114	0
6668	118	0
6669	138	0
6670	165	0
6671	187	0
6672	202	0
6673	211	0
6674	210	0
6675	200	0
6676	179	0
6677	153	0
6678	123	0
6679	93	0
6680	67	0
6681	53	0
6682	49	0
6683	50	0
6684	52	0
6685	53	0
6686	57	0
6687	77	0
6688	107	0
6689	138	0
6690	166	0
6691	189	0
6692	205	0
6693	214	0
6694	214	0
6695	202	0
6696	181	0
6697	154	0
6698	124	0
6699	93	0
6700	67	0
6701	52	0
6702	49	0
6703	50	0
6704	51	0
6705	53	0
6706	57	0
6707	75	0
6708	105	0
6709	125	0
6710	121	0
6711	118	0
6712	117	0
6713	117	0
6714	116	0
6715	115	0
6716	116	0
6717	115	0
6718	115	0
6719	115	0
6720	115	0
6721	115	0
6722	115	0
6723	115	0
6724	115	0
6725	115	0
6726	114	0
6727	115	0
6728	115	0
6729	115	0
6730	115	0
6731	115	0
6732	114	0
6733	115	0
6734	115	0
6735	114	0
6736	115	0
6737	115	0
6738	115	0
6739	115	0
6740	115	0
6741	115	0
6742	115	0
6743	114	0
6744	115	0
6745	115	0
6746	114	0
6747	115	0
6748	115	0
6749	115	0
6750	114	0
6751	115	0
6752	115	0
6753	115	0
6754	115	0
6755	115	0
6756	115	0
6757	115	0
6758	115	0
6759	115	0
6760	115	0
6761	115	0
6762	115	0
6763	115	0
6764	115	0
6765	114	0
6766	114	0
6767	115	0
6768	115	0
6769	115	0
6770	115	0
6771	115	0
6772	115	0
6773	115	0
6774	114	0
6775	115	0
6776	115	0
6777	115	0
6778	114	0
6779	115	0
6780	115	0
6781	115	0
6782	115	0
6783	115	0
6784	115	0
6785	114	0
6786	114	0
6787	115	0
6788	114	0
6789	115	0
6790	115	0
6791	115	0
6792	115	0
6793	114	0
6794	114	0
6795	115	0
6796	115	0
6797	115	0
6798	115	0
6799	114	0
6800	115	0
6801	114	0
6802	114	0
6803	114	0
6804	115	0
6805	115	0
6806	115	0
6807	115	0
6808	115	0
6809	115	0
6810	115	0
6811	114	0
6812	115	0
6813	115	0
6814	115	0
6815	115	0
6816	115	0
6817	115	0
6818	115	0
6819	115	0
6820	115	0
6821	115	0
6822	115	0
6823	115	0
6824	115	0
6825	115	0
6826	115	0
6827	115	0
6828	115	0
6829	114	0
6830	115	0
6831	115	0
6832	115	0
6833	115	0
6834	116	0
6835	115	0
6836	114	0
6837	115	0
6838	115	0
6839	115	0
6840	115	0
6841	115	0
6842	115	0
6843	115	0
6844	115	0
6845	115	0
6846	115	0
6847	116	0
6848	115	0
6849	115	0
6850	115	0
6851	114	0
6852	115	0
6853	116	0
6854	115	0
6855	115	0
6856	116	0
6857	115	0
6858	115	0
6859	115	0
6860	115	0
6861	115	0
6862	116	0
6863	115	0
6864	115	0
6865	115	0
6866	115	0
6867	115	0
6868	115	0
6869	115	0
6870	115	0
6871	115	0
6872	115	0
6873	115	0
6874	115	0
6875	115	0
6876	116	0
6877	115	0
6878	114	0
6879	115	0
6880	115	0
6881	115	0
6882	115	0
6883	115	0
6884	115	0
6885	115	0
6886	114	0
6887	114	0
6888	115	0
6889	115	0
6890	115	0
6891	115	0
6892	115	0
6893	114	0
6894	115	0
6895	115	0
6896	115	0
6897	115	0
6898	115	0
6899	115	0
6900	114	0
6901	115	0
6902	115	0
6903	115	0
6904	115	0
6905	117	0
6906	116	0
6907	115	0
6908	115	0
6909	115	0
6910	116	0
6911	115	0
6912	115	0
6913	115	0
6914	115	0
6915	115	0
6916	115	0
6917	115	0
6918	115	0
6919	115	0
6920	115	0
6921	115	0
6922	115	0
6923	115	0
6924	115	0
6925	115	0
6926	115	0
6927	115	0
6928	114	0
6929	115	0
6930	115	0
6931	115	0
6932	115	0
6933	115	0
6934	116	0
6935	115	0
6936	115	0
6937	115	0
6938	115	0
6939	116	0
6940	115	0
6941	115	0
6942	115	0
6943	115	0
6944	116	0
6945	115	0
6946	115	0
6947	115	0
6948	115	0
6949	115	0
6950	116	0
6951	115	0
6952	115	0
6953	115	0
6954	114	0
6955	115	0
6956	115	0
6957	114	0
6958	115	0
6959	115	0
6960	115	0
6961	114	0
6962	115	0
6963	114	0
6964	115	0
6965	116	0
6966	115	0
6967	116	0
6968	115	0
6969	115	0
6970	115	0
6971	115	0
6972	115	0
6973	115	0
6974	115	0
6975	114	0
6976	115	0
6977	115	0
6978	115	0
6979	115	0
6980	114	0
6981	114	0
6982	114	0
6983	115	0
6984	115	0
6985	115	0
6986	115	0
6987	115	0
6988	115	0
6989	116	0
6990	116	0
6991	115	0
6992	115	0
6993	115	0
6994	115	0
6995	115	0
6996	116	0
6997	115	0
6998	115	0
6999	115	0
7000	114	0
7001	115	0
7002	115	0
7003	114	0
7004	114	0
7005	115	0
7006	115	0
7007	115	0
7008	116	0
7009	115	0
7010	115	0
7011	116	0
7012	115	0
7013	116	0
7014	115	0
7015	114	0
7016	115	0
7017	115	0
7018	115	0
7019	115	0
7020	115	0
7021	115	0
7022	115	0
7023	115	0
7024	115	0
7025	116	0
7026	115	0
7027	115	0
7028	115	0
7029	115	0
7030	115	0
7031	115	0
7032	115	0
7033	115	0
7034	115	0
7035	115	0
7036	115	0
7037	115	0
7038	115	0
7039	115	0
7040	115	0
7041	115	0
7042	115	0
7043	115	0
7044	115	0
7045	115	0
7046	115	0
7047	115	0
7048	114	0
7049	114	0
7050	115	0
7051	114	0
7052	115	0
7053	115	0
7054	115	0
7055	115	0
7056	115	0
7057	114	0
7058	115	0
7059	114	0
7060	115	0
7061	115	0
7062	116	0
7063	115	0
7064	115	0
7065	115	0
7066	115	0
7067	115	0
7068	116	0
7069	115	0
7070	115	0
7071	115	0
7072	115	0
7073	116	0
7074	116	0
7075	115	0
7076	115	0
7077	115	0
7078	115	0
7079	115	0
7080	115	0
7081	115	0
7082	115	0
7083	116	0
7084	115	0
7085	116	0
7086	115	0
7087	115	0
7088	115	0
7089	116	0
7090	116	0
7091	115	0
7092	114	0
7093	115	0
7094	115	0
7095	115	0
7096	115	0
7097	115	0
7098	115	0
7099	115	0
7100	115	0
7101	115	0
7102	115	0
7103	115	0
7104	115	0
7105	115	0
7106	116	0
7107	115	0
7108	115	0
7109	115	0
7110	115	0
7111	116	0
7112	116	0
7113	115	0
7114	115	0
7115	115	0
7116	115	0
7117	115	0
7118	115	0
7119	115	0
7120	115	0
7121	115	0
7122	115	0
7123	115	0
7124	115	0
7125	115	0
7126	116	0
7127	115	0
7128	115	0
7129	115	0
7130	115	0
7131	115	0
7132	115	0
7133	115	0
7134	115	0
7135	115	0
7136	116	0
7137	115	0
7138	114	0
7139	115	0
7140	115	0
7141	115	0
7142	115	0
7143	115	0
7144	116	0
7145	116	0
7146	116	0
7147	116	0
7148	115	0
7149	116	0
7150	115	0
7151	115	0
7152	115	0
7153	116	0
7154	116	0
7155	115	0
7156	114	0
7157	115	0
7158	116	0
7159	114	0
7160	115	0
7161	115	0
7162	115	0
7163	115	0
7164	115	0
7165	115	0
7166	115	0
7167	115	0
7168	115	0
7169	115	0
7170	115	0
7171	115	0
7172	115	0
7173	115	0
7174	115	0
7175	115	0
7176	115	0
7177	115	0
7178	115	0
7179	115	0
7180	115	0
7181	115	0
7182	115	0
7183	115	0
7184	115	0
7185	115	0
7186	115	0
7187	115	0
7188	115	0
7189	115	0
7190	115	0
7191	115	0
7192	115	0
7193	114	0
7194	114	0
7195	113	0
7196	114	0
7197	114	0
7198	114	0
7199	114	0
7200	115	0
7201	115	0
7202	115	0
7203	114	0
7204	114	0
7205	115	0
7206	115	0
7207	115	0
7208	116	0
7209	116	0
7210	115	0
7211	115	0
7212	115	0
7213	116	0
7214	115	0
7215	115	0
7216	115	0
7217	116	0
7218	115	0
7219	115	0
7220	115	0
7221	115	0
7222	116	0
7223	116	0
7224	115	0
7225	115	0
7226	115	0
7227	116	0
7228	115	0
7229	115	0
7230	115	0
7231	114	0
7232	116	0
7233	115	0
7234	116	0
7235	115	0
7236	115	0
7237	115	0
7238	116	0
7239	116	0
7240	116	0
7241	115	0
7242	115	0
7243	116	0
7244	115	0
7245	115	0
7246	116	0
7247	115	0
7248	116	0
7249	115	0
7250	115	0
7251	116	0
7252	116	0
7253	115	0
7254	116	0
7255	115	0
7256	115	0
7257	114	0
7258	115	0
7259	115	0
7260	116	0
7261	115	0
7262	115	0
7263	115	0
7264	116	0
7265	116	0
7266	115	0
7267	115	0
7268	115	0
7269	116	0
7270	115	0
7271	115	0
7272	115	0
7273	115	0
7274	115	0
7275	115	0
7276	115	0
7277	115	0
7278	115	0
7279	115	0
7280	115	0
7281	116	0
7282	115	0
7283	115	0
7284	115	0
7285	115	0
7286	115	0
7287	115	0
7288	115	0
7289	115	0
7290	117	0
7291	115	0
7292	115	0
7293	115	0
7294	115	0
7295	115	0
7296	115	0
7297	116	0
7298	115	0
7299	115	0
7300	115	0
7301	115	0
7302	117	0
7303	116	0
7304	115	0
7305	115	0
7306	115	0
7307	115	0
7308	116	0
7309	116	0
7310	115	0
7311	115	0
7312	115	0
7313	116	0
7314	115	0
7315	115	0
7316	115	0
7317	115	0
7318	116	0
7319	115	0
7320	115	0
7321	115	0
7322	114	0
7323	115	0
7324	115	0
7325	115	0
7326	115	0
7327	115	0
7328	115	0
7329	115	0
7330	115	0
7331	115	0
7332	115	0
7333	115	0
7334	115	0
7335	115	0
7336	115	0
7337	115	0
7338	115	0
7339	114	0
7340	114	0
7341	115	0
7342	116	0
7343	115	0
7344	115	0
7345	115	0
7346	115	0
7347	116	0
7348	116	0
7349	115	0
7350	115	0
7351	115	0
7352	115	0
7353	115	0
7354	115	0
7355	115	0
7356	115	0
7357	115	0
7358	115	0
7359	115	0
7360	115	0
7361	115	0
7362	115	0
7363	115	0
7364	115	0
7365	115	0
7366	115	0
7367	115	0
7368	115	0
7369	114	0
7370	115	0
7371	115	0
7372	115	0
7373	115	0
7374	115	0
7375	115	0
7376	114	0
7377	115	0
7378	115	0
7379	115	0
7380	115	0
7381	115	0
7382	115	0
7383	115	0
7384	115	0
7385	115	0
7386	115	0
7387	115	0
7388	115	0
7389	115	0
7390	115	0
7391	115	0
7392	115	0
7393	115	0
7394	115	0
7395	115	0
7396	115	0
7397	115	0
7398	115	0
7399	115	0
7400	115	0
7401	114	0
7402	115	0
7403	115	0
7404	115	0
7405	114	0
7406	115	0
7407	116	0
7408	115	0
7409	115	0
7410	115	0
7411	115	0
7412	116	0
7413	116	0
7414	115	0
7415	115	0
7416	115	0
7417	115	0
7418	115	0
7419	115	0
7420	115	0
7421	115	0
7422	115	0
7423	115	0
7424	115	0
7425	115	0
7426	114	0
7427	115	0
7428	115	0
7429	114	0
7430	115	0
7431	115	0
7432	115	0
7433	116	0
7434	115	0
7435	115	0
7436	115	0
7437	114	0
7438	115	0
7439	115	0
7440	114	0
7441	115	0
7442	115	0
7443	115	0
7444	115	0
7445	115	0
7446	115	0
7447	115	0
7448	115	0
7449	115	0
7450	114	0
7451	115	0
7452	115	0
7453	115	0
7454	115	0
7455	115	0
7456	115	0
7457	115	0
7458	115	0
7459	115	0
7460	115	0
7461	115	0
7462	115	0
7463	115	0
7464	115	0
7465	115	0
7466	115	0
7467	115	0
7468	114	0
7469	115	0
7470	115	0
7471	115	0
7472	115	0
7473	115	0
7474	115	0
7475	116	0
7476	115	0
7477	115	0
7478	115	0
7479	115	0
7480	115	0
7481	115	0
7482	115	0
7483	115	0
7484	115	0
7485	115	0
7486	115	0
7487	115	0
7488	115	0
7489	115	0
7490	115	0
7491	116	0
7492	115	0
7493	115	0
7494	115	0
7495	114	0
7496	115	0
7497	115	0
7498	114	0
7499	115	0
7500	115	0
7501	116	0
7502	115	0
7503	115	0
7504	115	0
7505	115	0
7506	116	0
7507	115	0
7508	115	0
7509	115	0
7510	115	0
7511	115	0
7512	115	0
7513	115	0
7514	115	0
7515	115	0
7516	115	0
7517	115	0
7518	115	0
7519	115	0
7520	115	0
7521	115	0
7522	115	0
7523	115	0
7524	116	0
7525	115	0
7526	115	0
7527	114	0
7528	115	0
7529	115	0
7530	116	0
7531	115	0
7532	115	0
7533	115	0
7534	115	0
7535	116	0
7536	115	0
7537	115	0
7538	115	0
7539	115	0
7540	116	0
7541	115	0
7542	115	0
7543	115	0
7544	115	0
7545	116	0
7546	116	0
7547	115	0
7548	115	0
7549	115	0
7550	115	0
7551	115	0
7552	115	0
7553	115	0
7554	115	0
7555	115	0
7556	115	0
7557	115	0
7558	115	0
7559	115	0
7560	115	0
7561	115	0
7562	115	0
7563	115	0
7564	114	0
7565	115	0
7566	115	0
7567	115	0
7568	115	0
7569	115	0
7570	115	0
7571	115	0
7572	115	0
7573	115	0
7574	115	0
7575	115	0
7576	115	0
7577	115	0
7578	115	0
7579	115	0
7580	115	0
7581	116	0
7582	115	0
7583	116	0
7584	117	0
7585	117	0
7586	117	0
7587	117	0
7588	117	0
7589	117	0
7590	115	0
7591	116	0
7592	116	0
7593	115	0
7594	115	0
7595	116	0
7596	116	0
7597	115	0
7598	115	0
7599	115	0
7600	115	0
7601	114	0
7602	116	0
7603	115	0
7604	115	0
7605	115	0
7606	116	0
7607	115	0
7608	115	0
7609	115	0
7610	115	0
7611	115	0
7612	115	0
7613	115	0
7614	115	0
7615	115	0
7616	115	0
7617	115	0
7618	115	0
7619	115	0
7620	115	0
7621	123	0
7622	148	0
7623	174	0
7624	193	0
7625	206	0
7626	212	0
7627	209	0
7628	193	0
7629	172	0
7630	142	0
7631	113	0
7632	84	0
7633	61	0
7634	50	0
7635	49	0
7636	51	0
7637	51	0
7638	54	0
7639	62	0
7640	87	0
7641	118	0
7642	149	0
7643	174	0
7644	195	0
7645	208	0
7646	214	0
7647	212	0
7648	196	0
7649	172	0
7650	143	0
7651	112	0
7652	83	0
7653	61	0
7654	50	0
7655	49	0
7656	51	0
7657	51	0
7658	54	0
7659	61	0
7660	86	0
7661	115	0
7662	125	0
7663	118	0
7664	118	0
7665	117	0
7666	117	0
7667	115	0
7668	115	0
7669	114	0
7670	115	0
7671	114	0
7672	115	0
7673	115	0
7674	115	0
7675	115	0
7676	115	0
7677	114	0
7678	113	0
7679	115	0
7680	114	0
7681	114	0
7682	115	0
7683	115	0
7684	114	0
7685	115	0
7686	115	0
7687	115	0
7688	115	0
7689	114	0
7690	115	0
7691	114	0
7692	115	0
7693	115	0
7694	115	0
7695	114	0
7696	114	0
7697	115	0
7698	115	0
7699	115	0
7700	115	0
7701	115	0
7702	115	0
7703	115	0
7704	114	0
7705	115	0
7706	114	0
7707	114	0
7708	114	0
7709	115	0
7710	115	0
7711	115	0
7712	115	0
7713	115	0
7714	115	0
7715	114	0
7716	115	0
7717	115	0
7718	115	0
7719	115	0
7720	115	0
7721	115	0
7722	115	0
7723	114	0
7724	115	0
7725	115	0
7726	115	0
7727	115	0
7728	115	0
7729	115	0
7730	115	0
7731	115	0
7732	115	0
7733	115	0
7734	115	0
7735	114	0
7736	115	0
7737	115	0
7738	115	0
7739	114	0
7740	115	0
7741	115	0
7742	115	0
7743	115	0
7744	115	0
7745	115	0
7746	115	0
7747	115	0
7748	115	0
7749	114	0
7750	115	0
7751	115	0
7752	115	0
7753	115	0
7754	115	0
7755	115	0
7756	115	0
7757	115	0
7758	115	0
7759	115	0
7760	115	0
7761	115	0
7762	115	0
7763	115	0
7764	115	0
7765	115	0
7766	115	0
7767	115	0
7768	115	0
7769	115	0
7770	115	0
7771	115	0
7772	116	0
7773	115	0
7774	115	0
7775	115	0
7776	114	0
7777	115	0
7778	115	0
7779	115	0
7780	115	0
7781	115	0
7782	115	0
7783	114	0
7784	115	0
7785	115	0
7786	114	0
7787	114	0
7788	115	0
7789	115	0
7790	115	0
7791	115	0
7792	115	0
7793	115	0
7794	115	0
7795	115	0
7796	115	0
7797	115	0
7798	115	0
7799	115	0
7800	115	0
7801	114	0
7802	115	0
7803	115	0
7804	115	0
7805	115	0
7806	115	0
7807	114	0
7808	114	0
7809	115	0
7810	115	0
7811	115	0
7812	115	0
7813	115	0
7814	115	0
7815	115	0
7816	115	0
7817	115	0
7818	114	0
7819	114	0
7820	114	0
7821	115	0
7822	115	0
7823	115	0
7824	115	0
7825	115	0
7826	115	0
7827	115	0
7828	114	0
7829	115	0
7830	115	0
7831	115	0
7832	115	0
7833	115	0
7834	115	0
7835	115	0
7836	116	0
7837	115	0
7838	115	0
7839	115	0
7840	115	0
7841	115	0
7842	115	0
7843	115	0
7844	115	0
7845	115	0
7846	115	0
7847	115	0
7848	115	0
7849	115	0
7850	115	0
7851	115	0
7852	115	0
7853	115	0
7854	115	0
7855	115	0
7856	115	0
7857	115	0
7858	115	0
7859	115	0
7860	114	0
7861	115	0
7862	114	0
7863	115	0
7864	115	0
7865	115	0
7866	115	0
7867	115	0
7868	115	0
7869	114	0
7870	115	0
7871	115	0
7872	115	0
7873	115	0
7874	115	0
7875	115	0
7876	115	0
7877	115	0
7878	115	0
7879	115	0
7880	115	0
7881	115	0
7882	115	0
7883	115	0
7884	115	0
7885	115	0
7886	115	0
7887	115	0
7888	115	0
7889	114	0
7890	115	0
7891	115	0
7892	115	0
7893	115	0
7894	115	0
7895	116	0
7896	115	0
7897	115	0
7898	115	0
7899	114	0
7900	115	0
7901	115	0
7902	114	0
7903	115	0
7904	115	0
7905	114	0
7906	114	0
7907	115	0
7908	115	0
7909	115	0
7910	115	0
7911	115	0
7912	115	0
7913	115	0
7914	115	0
7915	115	0
7916	115	0
7917	115	0
7918	115	0
7919	115	0
7920	115	0
7921	115	0
7922	115	0
7923	115	0
7924	115	0
7925	115	0
7926	115	0
7927	115	0
7928	116	0
7929	115	0
7930	115	0
7931	115	0
7932	115	0
7933	116	0
7934	115	0
7935	114	0
7936	115	0
7937	115	0
7938	115	0
7939	116	0
7940	115	0
7941	115	0
7942	115	0
7943	115	0
7944	115	0
7945	116	0
7946	116	0
7947	115	0
7948	114	0
7949	114	0
7950	115	0
7951	115	0
7952	115	0
7953	115	0
7954	115	0
7955	115	0
7956	115	0
7957	115	0
7958	115	0
7959	115	0
7960	114	0
7961	115	0
7962	115	0
7963	115	0
7964	115	0
7965	115	0
7966	116	0
7967	115	0
7968	115	0
7969	115	0
7970	115	0
7971	115	0
7972	115	0
7973	115	0
7974	115	0
7975	115	0
7976	115	0
7977	115	0
7978	115	0
7979	115	0
7980	115	0
7981	115	0
7982	115	0
7983	115	0
7984	115	0
7985	115	0
7986	115	0
7987	115	0
7988	115	0
7989	116	0
7990	115	0
7991	115	0
7992	115	0
7993	115	0
7994	115	0
7995	115	0
7996	115	0
7997	115	0
7998	115	0
7999	114	0
