Oscilloscope data. 
Time step = 10,00 nS
Voltage step = 1,563 mV
Zero level = 94

N 	Smpl.	Trig

0	123	0
1	150	0
2	174	0
3	193	0
4	204	0
5	208	0
6	200	0
7	185	0
8	161	0
9	132	0
10	102	0
11	74	0
12	54	0
13	46	0
14	46	0
15	49	0
16	49	0
17	52	0
18	65	0
19	93	0
20	120	0
21	122	0
22	117	0
23	115	0
24	114	0
25	114	0
26	112	0
27	112	0
28	112	0
29	112	0
30	111	0
31	111	0
32	111	0
33	112	0
34	111	0
35	112	0
36	112	0
37	111	0
38	113	0
39	111	0
40	112	0
41	112	0
42	112	0
43	113	0
44	111	0
45	112	0
46	112	0
47	111	0
48	112	0
49	111	0
50	113	0
51	112	0
52	112	0
53	113	0
54	112	0
55	112	0
56	113	0
57	112	0
58	111	0
59	111	0
60	111	0
61	111	0
62	111	0
63	113	0
64	112	0
65	111	0
66	112	0
67	111	0
68	113	0
69	112	0
70	113	0
71	112	0
72	112	0
73	112	0
74	111	0
75	112	0
76	111	0
77	112	0
78	113	0
79	112	0
80	113	0
81	112	0
82	113	0
83	111	0
84	112	0
85	111	0
86	112	0
87	113	0
88	112	0
89	113	0
90	111	0
91	113	0
92	111	0
93	112	0
94	112	0
95	112	0
96	113	0
97	111	0
98	112	0
99	112	0
100	111	0
101	112	0
102	111	0
103	113	0
104	112	0
105	112	0
106	113	0
107	112	0
108	112	0
109	112	0
110	112	0
111	112	0
112	112	0
113	111	0
114	111	0
115	112	0
116	111	0
117	111	0
118	113	0
119	112	0
120	113	0
121	113	0
122	111	0
123	112	0
124	112	0
125	112	0
126	112	0
127	113	0
128	113	0
129	111	0
130	112	0
131	111	0
132	111	0
133	111	0
134	112	0
135	112	0
136	112	0
137	112	0
138	112	0
139	113	0
140	111	0
141	111	0
142	112	0
143	112	0
144	112	0
145	112	0
146	111	0
147	113	0
148	111	0
149	111	0
150	112	0
151	113	0
152	112	0
153	113	0
154	111	0
155	112	0
156	111	0
157	112	0
158	112	0
159	113	0
160	112	0
161	112	0
162	112	0
163	111	0
164	111	0
165	112	0
166	111	0
167	111	0
168	113	0
169	112	0
170	112	0
171	112	0
172	112	0
173	113	0
174	111	0
175	111	0
176	111	0
177	112	0
178	111	0
179	112	0
180	112	0
181	112	0
182	113	0
183	112	0
184	113	0
185	112	0
186	112	0
187	111	0
188	112	0
189	111	0
190	113	0
191	113	0
192	112	0
193	112	0
194	112	0
195	113	0
196	111	0
197	112	0
198	112	0
199	112	0
200	112	0
201	112	0
202	113	0
203	111	0
204	112	0
205	111	0
206	112	0
207	112	0
208	113	0
209	113	0
210	112	0
211	113	0
212	112	0
213	112	0
214	111	0
215	112	0
216	111	0
217	112	0
218	112	0
219	112	0
220	113	0
221	112	0
222	112	0
223	113	0
224	112	0
225	112	0
226	112	0
227	111	0
228	111	0
229	111	0
230	111	0
231	112	0
232	112	0
233	111	0
234	112	0
235	112	0
236	113	0
237	111	0
238	113	0
239	113	0
240	113	0
241	112	0
242	112	0
243	112	0
244	111	0
245	112	0
246	112	0
247	112	0
248	111	0
249	112	0
250	113	0
251	111	0
252	112	0
253	112	0
254	113	0
255	112	0
256	112	0
257	113	0
258	112	0
259	111	0
260	112	0
261	112	0
262	112	0
263	113	0
264	113	0
265	113	0
266	111	0
267	111	0
268	112	0
269	112	0
270	112	0
271	113	0
272	112	0
273	112	0
274	112	0
275	112	0
276	112	0
277	112	0
278	111	0
279	112	0
280	112	0
281	112	0
282	113	0
283	113	0
284	113	0
285	111	0
286	112	0
287	112	0
288	113	0
289	113	0
290	112	0
291	112	0
292	112	0
293	112	0
294	112	0
295	112	0
296	111	0
297	111	0
298	111	0
299	112	0
300	111	0
301	112	0
302	112	0
303	112	0
304	112	0
305	113	0
306	112	0
307	112	0
308	111	0
309	111	0
310	112	0
311	113	0
312	112	0
313	113	0
314	112	0
315	113	0
316	112	0
317	113	0
318	113	0
319	112	0
320	111	0
321	112	0
322	112	0
323	113	0
324	113	0
325	112	0
326	113	0
327	112	0
328	112	0
329	112	0
330	112	0
331	112	0
332	112	0
333	111	0
334	113	0
335	111	0
336	112	0
337	112	0
338	112	0
339	113	0
340	112	0
341	113	0
342	112	0
343	112	0
344	112	0
345	111	0
346	111	0
347	112	0
348	112	0
349	111	0
350	113	0
351	112	0
352	112	0
353	113	0
354	112	0
355	112	0
356	112	0
357	112	0
358	112	0
359	112	0
360	112	0
361	111	0
362	111	0
363	111	0
364	112	0
365	111	0
366	113	0
367	112	0
368	112	0
369	113	0
370	113	0
371	113	0
372	112	0
373	111	0
374	111	0
375	111	0
376	112	0
377	112	0
378	113	0
379	112	0
380	112	0
381	112	0
382	112	0
383	112	0
384	113	0
385	111	0
386	111	0
387	112	0
388	112	0
389	111	0
390	112	0
391	111	0
392	112	0
393	112	0
394	113	0
395	113	0
396	113	0
397	113	0
398	112	0
399	112	0
400	111	0
401	112	0
402	111	0
403	112	0
404	113	0
405	113	0
406	113	0
407	112	0
408	113	0
409	112	0
410	112	0
411	112	0
412	112	0
413	112	0
414	111	0
415	112	0
416	111	0
417	111	0
418	112	0
419	112	0
420	113	0
421	112	0
422	111	0
423	113	0
424	112	0
425	113	0
426	112	0
427	112	0
428	113	0
429	112	0
430	112	0
431	112	0
432	112	0
433	112	0
434	112	0
435	112	0
436	111	0
437	111	0
438	111	0
439	111	0
440	111	0
441	113	0
442	112	0
443	112	0
444	111	0
445	111	0
446	112	0
447	111	0
448	111	0
449	112	0
450	111	0
451	113	0
452	113	0
453	112	0
454	112	0
455	113	0
456	113	0
457	112	0
458	112	0
459	112	0
460	112	0
461	111	0
462	112	0
463	111	0
464	111	0
465	112	0
466	113	0
467	112	0
468	112	0
469	111	0
470	112	0
471	112	0
472	112	0
473	112	0
474	113	0
475	113	0
476	113	0
477	112	0
478	112	0
479	112	0
480	112	0
481	111	0
482	112	0
483	111	0
484	113	0
485	112	0
486	112	0
487	113	0
488	112	0
489	113	0
490	111	0
491	112	0
492	113	0
493	112	0
494	112	0
495	112	0
496	112	0
497	111	0
498	112	0
499	112	0
500	112	0
501	112	0
502	113	0
503	113	0
504	112	0
505	111	0
506	112	0
507	112	0
508	111	0
509	112	0
510	113	0
511	113	0
512	112	0
513	112	0
514	112	0
515	112	0
516	111	0
517	112	0
518	111	0
519	112	0
520	111	0
521	112	0
522	112	0
523	112	0
524	111	0
525	110	0
526	110	0
527	110	0
528	110	0
529	111	0
530	110	0
531	110	0
532	110	0
533	111	0
534	111	0
535	112	0
536	111	0
537	112	0
538	113	0
539	111	0
540	113	0
541	112	0
542	112	0
543	113	0
544	112	0
545	112	0
546	112	0
547	112	0
548	111	0
549	113	0
550	112	0
551	112	0
552	112	0
553	113	0
554	112	0
555	111	0
556	113	0
557	113	0
558	113	0
559	112	0
560	112	0
561	113	0
562	112	0
563	112	0
564	112	0
565	112	0
566	112	0
567	113	0
568	112	0
569	111	0
570	112	0
571	112	0
572	111	0
573	112	0
574	112	0
575	112	0
576	112	0
577	113	0
578	113	0
579	112	0
580	112	0
581	112	0
582	112	0
583	111	0
584	112	0
585	111	0
586	112	0
587	111	0
588	113	0
589	113	0
590	112	0
591	113	0
592	112	0
593	112	0
594	111	0
595	112	0
596	112	0
597	112	0
598	112	0
599	112	0
600	112	0
601	112	0
602	111	0
603	112	0
604	112	0
605	112	0
606	112	0
607	113	0
608	113	0
609	112	0
610	112	0
611	112	0
612	112	0
613	111	0
614	112	0
615	111	0
616	111	0
617	112	0
618	112	0
619	113	0
620	113	0
621	111	0
622	112	0
623	111	0
624	113	0
625	112	0
626	113	0
627	113	0
628	112	0
629	113	0
630	112	0
631	112	0
632	111	0
633	112	0
634	112	0
635	112	0
636	112	0
637	112	0
638	113	0
639	111	0
640	111	0
641	111	0
642	112	0
643	111	0
644	113	0
645	113	0
646	111	0
647	112	0
648	113	0
649	113	0
650	113	0
651	112	0
652	113	0
653	111	0
654	112	0
655	112	0
656	112	0
657	112	0
658	112	0
659	112	0
660	113	0
661	112	0
662	111	0
663	111	0
664	112	0
665	112	0
666	111	0
667	113	0
668	111	0
669	113	0
670	112	0
671	112	0
672	112	0
673	112	0
674	113	0
675	111	0
676	112	0
677	112	0
678	111	0
679	112	0
680	112	0
681	113	0
682	113	0
683	112	0
684	113	0
685	111	0
686	111	0
687	112	0
688	112	0
689	112	0
690	113	0
691	112	0
692	113	0
693	111	0
694	112	0
695	111	0
696	112	0
697	112	0
698	112	0
699	113	0
700	113	0
701	113	0
702	111	0
703	110	0
704	111	0
705	111	0
706	111	0
707	112	0
708	111	0
709	111	0
710	112	0
711	112	0
712	112	0
713	113	0
714	110	0
715	112	0
716	111	0
717	112	0
718	112	0
719	112	0
720	113	0
721	111	0
722	112	0
723	112	0
724	112	0
725	113	0
726	112	0
727	112	0
728	112	0
729	111	0
730	111	0
731	112	0
732	112	0
733	111	0
734	112	0
735	110	0
736	113	0
737	112	0
738	112	0
739	112	0
740	112	0
741	112	0
742	112	0
743	111	0
744	111	0
745	111	0
746	112	0
747	111	0
748	111	0
749	112	0
750	112	0
751	112	0
752	113	0
753	111	0
754	112	0
755	111	0
756	112	0
757	113	0
758	112	0
759	112	0
760	113	0
761	112	0
762	111	0
763	111	0
764	112	0
765	112	0
766	111	0
767	113	0
768	111	0
769	113	0
770	111	0
771	112	0
772	113	0
773	112	0
774	113	0
775	112	0
776	112	0
777	111	0
778	111	0
779	111	0
780	112	0
781	111	0
782	112	0
783	112	0
784	112	0
785	113	0
786	112	0
787	112	0
788	112	0
789	111	0
790	112	0
791	111	0
792	112	0
793	112	0
794	112	0
795	113	0
796	112	0
797	112	0
798	111	0
799	111	0
800	111	0
801	112	0
802	111	0
803	112	0
804	111	0
805	111	0
806	113	0
807	112	0
808	112	0
809	113	0
810	110	0
811	112	0
812	111	0
813	111	0
814	111	0
815	112	0
816	112	0
817	112	0
818	112	0
819	111	0
820	112	0
821	111	0
822	111	0
823	112	0
824	113	0
825	113	0
826	113	0
827	111	0
828	112	0
829	111	0
830	110	0
831	111	0
832	112	0
833	112	0
834	112	0
835	112	0
836	111	0
837	112	0
838	111	0
839	112	0
840	112	0
841	111	0
842	113	0
843	112	0
844	113	0
845	112	0
846	113	0
847	112	0
848	112	0
849	112	0
850	112	0
851	111	0
852	112	0
853	111	0
854	112	0
855	112	0
856	113	0
857	112	0
858	112	0
859	113	0
860	111	0
861	111	0
862	111	0
863	111	0
864	112	0
865	112	0
866	111	0
867	112	0
868	110	0
869	112	0
870	112	0
871	113	0
872	113	0
873	112	0
874	112	0
875	111	0
876	112	0
877	112	0
878	113	0
879	113	0
880	113	0
881	112	0
882	110	0
883	111	0
884	111	0
885	110	0
886	111	0
887	112	0
888	112	0
889	111	0
890	113	0
891	112	0
892	113	0
893	112	0
894	112	0
895	112	0
896	111	0
897	112	0
898	112	0
899	111	0
900	111	0
901	112	0
902	113	0
903	111	0
904	112	0
905	112	0
906	113	0
907	112	0
908	111	0
909	112	0
910	112	0
911	112	0
912	112	0
913	112	0
914	112	0
915	112	0
916	112	0
917	113	0
918	112	0
919	113	0
920	112	0
921	113	0
922	112	0
923	112	0
924	112	0
925	111	0
926	111	0
927	111	0
928	112	0
929	111	0
930	113	0
931	111	0
932	112	0
933	113	0
934	113	0
935	113	0
936	112	0
937	113	0
938	111	0
939	110	0
940	111	0
941	111	0
942	112	0
943	113	0
944	111	0
945	113	0
946	111	0
947	113	0
948	112	0
949	112	0
950	112	0
951	112	0
952	117	0
953	137	0
954	163	0
955	185	0
956	199	0
957	206	0
958	205	0
959	192	0
960	171	0
961	144	0
962	114	0
963	86	0
964	61	0
965	48	0
966	46	0
967	47	0
968	49	0
969	50	0
970	55	0
971	79	0
972	109	0
973	124	0
974	118	0
975	115	0
976	115	0
977	113	0
978	113	0
979	112	0
980	112	0
981	111	0
982	112	0
983	111	0
984	111	0
985	111	0
986	112	0
987	112	0
988	112	0
989	111	0
990	110	0
991	112	0
992	110	0
993	110	0
994	112	0
995	111	0
996	111	0
997	112	0
998	110	0
999	112	0
1000	112	0
1001	110	0
1002	113	0
1003	111	0
1004	112	0
1005	111	0
1006	111	0
1007	112	0
1008	111	0
1009	111	0
1010	112	0
1011	110	0
1012	112	0
1013	113	0
1014	111	0
1015	112	0
1016	111	0
1017	111	0
1018	111	0
1019	112	0
1020	112	0
1021	113	0
1022	112	0
1023	111	0
1024	113	0
1025	111	0
1026	111	0
1027	112	0
1028	113	0
1029	111	0
1030	112	0
1031	111	0
1032	113	0
1033	111	0
1034	112	0
1035	113	0
1036	112	0
1037	112	0
1038	111	0
1039	112	0
1040	111	0
1041	111	0
1042	111	0
1043	112	0
1044	112	0
1045	112	0
1046	111	0
1047	111	0
1048	113	0
1049	112	0
1050	111	0
1051	113	0
1052	112	0
1053	112	0
1054	111	0
1055	112	0
1056	111	0
1057	112	0
1058	112	0
1059	112	0
1060	112	0
1061	112	0
1062	112	0
1063	110	0
1064	110	0
1065	110	0
1066	110	0
1067	110	0
1068	112	0
1069	111	0
1070	112	0
1071	112	0
1072	112	0
1073	113	0
1074	112	0
1075	112	0
1076	111	0
1077	111	0
1078	110	0
1079	111	0
1080	110	0
1081	112	0
1082	110	0
1083	111	0
1084	112	0
1085	111	0
1086	112	0
1087	112	0
1088	111	0
1089	113	0
1090	112	0
1091	113	0
1092	111	0
1093	112	0
1094	113	0
1095	113	0
1096	112	0
1097	112	0
1098	112	0
1099	111	0
1100	110	0
1101	112	0
1102	111	0
1103	111	0
1104	113	0
1105	112	0
1106	112	0
1107	112	0
1108	111	0
1109	113	0
1110	112	0
1111	111	0
1112	111	0
1113	113	0
1114	113	0
1115	111	0
1116	113	0
1117	111	0
1118	112	0
1119	112	0
1120	112	0
1121	113	0
1122	112	0
1123	113	0
1124	112	0
1125	111	0
1126	112	0
1127	111	0
1128	111	0
1129	112	0
1130	113	0
1131	112	0
1132	112	0
1133	111	0
1134	113	0
1135	111	0
1136	112	0
1137	112	0
1138	112	0
1139	113	0
1140	111	0
1141	113	0
1142	112	0
1143	112	0
1144	112	0
1145	112	0
1146	112	0
1147	112	0
1148	111	0
1149	110	0
1150	111	0
1151	112	0
1152	111	0
1153	112	0
1154	112	0
1155	112	0
1156	112	0
1157	112	0
1158	112	0
1159	111	0
1160	111	0
1161	112	0
1162	112	0
1163	111	0
1164	113	0
1165	111	0
1166	113	0
1167	112	0
1168	113	0
1169	113	0
1170	112	0
1171	112	0
1172	112	0
1173	112	0
1174	111	0
1175	111	0
1176	113	0
1177	112	0
1178	111	0
1179	113	0
1180	111	0
1181	112	0
1182	112	0
1183	113	0
1184	113	0
1185	111	0
1186	112	0
1187	111	0
1188	112	0
1189	112	0
1190	112	0
1191	113	0
1192	112	0
1193	112	0
1194	112	0
1195	112	0
1196	111	0
1197	112	0
1198	111	0
1199	112	0
1200	112	0
1201	112	0
1202	113	0
1203	112	0
1204	113	0
1205	111	0
1206	113	0
1207	111	0
1208	111	0
1209	112	0
1210	113	0
1211	112	0
1212	112	0
1213	111	0
1214	113	0
1215	111	0
1216	112	0
1217	112	0
1218	112	0
1219	112	0
1220	112	0
1221	112	0
1222	110	0
1223	112	0
1224	111	0
1225	112	0
1226	112	0
1227	112	0
1228	113	0
1229	112	0
1230	112	0
1231	112	0
1232	111	0
1233	112	0
1234	112	0
1235	111	0
1236	111	0
1237	112	0
1238	112	0
1239	111	0
1240	113	0
1241	111	0
1242	113	0
1243	112	0
1244	113	0
1245	113	0
1246	112	0
1247	111	0
1248	111	0
1249	113	0
1250	112	0
1251	113	0
1252	112	0
1253	111	0
1254	112	0
1255	112	0
1256	112	0
1257	112	0
1258	113	0
1259	112	0
1260	112	0
1261	112	0
1262	110	0
1263	112	0
1264	111	0
1265	112	0
1266	112	0
1267	112	0
1268	112	0
1269	113	0
1270	112	0
1271	112	0
1272	111	0
1273	111	0
1274	111	0
1275	112	0
1276	111	0
1277	112	0
1278	112	0
1279	111	0
1280	113	0
1281	113	0
1282	112	0
1283	113	0
1284	112	0
1285	113	0
1286	113	0
1287	112	0
1288	112	0
1289	113	0
1290	112	0
1291	111	0
1292	112	0
1293	111	0
1294	112	0
1295	112	0
1296	113	0
1297	112	0
1298	112	0
1299	113	0
1300	111	0
1301	111	0
1302	112	0
1303	112	0
1304	113	0
1305	113	0
1306	112	0
1307	113	0
1308	111	0
1309	113	0
1310	111	0
1311	112	0
1312	111	0
1313	113	0
1314	112	0
1315	112	0
1316	113	0
1317	113	0
1318	113	0
1319	112	0
1320	111	0
1321	112	0
1322	111	0
1323	111	0
1324	112	0
1325	113	0
1326	113	0
1327	113	0
1328	110	0
1329	113	0
1330	112	0
1331	111	0
1332	113	0
1333	113	0
1334	113	0
1335	112	0
1336	112	0
1337	112	0
1338	112	0
1339	112	0
1340	111	0
1341	112	0
1342	112	0
1343	112	0
1344	112	0
1345	112	0
1346	112	0
1347	111	0
1348	112	0
1349	112	0
1350	112	0
1351	113	0
1352	112	0
1353	112	0
1354	111	0
1355	111	0
1356	112	0
1357	112	0
1358	111	0
1359	113	0
1360	110	0
1361	112	0
1362	112	0
1363	113	0
1364	113	0
1365	112	0
1366	112	0
1367	111	0
1368	112	0
1369	111	0
1370	112	0
1371	112	0
1372	113	0
1373	113	0
1374	113	0
1375	113	0
1376	112	0
1377	112	0
1378	111	0
1379	113	0
1380	112	0
1381	112	0
1382	112	0
1383	112	0
1384	113	0
1385	112	0
1386	112	0
1387	111	0
1388	112	0
1389	111	0
1390	113	0
1391	112	0
1392	112	0
1393	113	0
1394	112	0
1395	111	0
1396	111	0
1397	110	0
1398	111	0
1399	112	0
1400	113	0
1401	111	0
1402	112	0
1403	111	0
1404	113	0
1405	112	0
1406	113	0
1407	113	0
1408	112	0
1409	112	0
1410	112	0
1411	111	0
1412	110	0
1413	110	0
1414	111	0
1415	110	0
1416	111	0
1417	111	0
1418	112	0
1419	111	0
1420	111	0
1421	113	0
1422	112	0
1423	113	0
1424	112	0
1425	110	0
1426	113	0
1427	112	0
1428	112	0
1429	113	0
1430	112	0
1431	112	0
1432	112	0
1433	112	0
1434	112	0
1435	113	0
1436	112	0
1437	111	0
1438	112	0
1439	112	0
1440	112	0
1441	112	0
1442	113	0
1443	112	0
1444	110	0
1445	112	0
1446	111	0
1447	112	0
1448	112	0
1449	112	0
1450	112	0
1451	112	0
1452	113	0
1453	111	0
1454	112	0
1455	112	0
1456	111	0
1457	113	0
1458	112	0
1459	112	0
1460	112	0
1461	113	0
1462	112	0
1463	112	0
1464	111	0
1465	112	0
1466	112	0
1467	112	0
1468	111	0
1469	112	0
1470	112	0
1471	112	0
1472	111	0
1473	110	0
1474	110	0
1475	110	0
1476	110	0
1477	110	0
1478	111	0
1479	110	0
1480	111	0
1481	111	0
1482	111	0
1483	110	0
1484	111	0
1485	110	0
1486	112	0
1487	112	0
1488	113	0
1489	112	0
1490	113	0
1491	113	0
1492	112	0
1493	112	0
1494	112	0
1495	112	0
1496	111	0
1497	113	0
1498	112	0
1499	112	0
1500	113	0
1501	112	0
1502	112	0
1503	112	0
1504	112	0
1505	113	0
1506	112	0
1507	112	0
1508	112	0
1509	112	0
1510	112	0
1511	112	0
1512	111	0
1513	111	0
1514	111	0
1515	112	0
1516	112	0
1517	112	0
1518	112	0
1519	112	0
1520	113	0
1521	111	0
1522	111	0
1523	112	0
1524	113	0
1525	112	0
1526	112	0
1527	112	0
1528	112	0
1529	111	0
1530	112	0
1531	112	0
1532	112	0
1533	112	0
1534	112	0
1535	113	0
1536	112	0
1537	111	0
1538	112	0
1539	113	0
1540	112	0
1541	112	0
1542	112	0
1543	112	0
1544	111	0
1545	112	0
1546	112	0
1547	111	0
1548	113	0
1549	113	0
1550	112	0
1551	112	0
1552	113	0
1553	113	0
1554	112	0
1555	112	0
1556	112	0
1557	112	0
1558	111	0
1559	112	0
1560	112	0
1561	112	0
1562	112	0
1563	113	0
1564	113	0
1565	112	0
1566	112	0
1567	111	0
1568	112	0
1569	111	0
1570	112	0
1571	112	0
1572	112	0
1573	112	0
1574	112	0
1575	113	0
1576	112	0
1577	111	0
1578	112	0
1579	112	0
1580	112	0
1581	112	0
1582	112	0
1583	113	0
1584	111	0
1585	111	0
1586	111	0
1587	111	0
1588	111	0
1589	113	0
1590	111	0
1591	111	0
1592	111	0
1593	111	0
1594	112	0
1595	113	0
1596	112	0
1597	111	0
1598	110	0
1599	112	0
1600	112	0
1601	112	0
1602	113	0
1603	112	0
1604	113	0
1605	112	0
1606	112	0
1607	112	0
1608	112	0
1609	111	0
1610	112	0
1611	112	0
1612	111	0
1613	113	0
1614	113	0
1615	113	0
1616	112	0
1617	113	0
1618	112	0
1619	111	0
1620	112	0
1621	112	0
1622	111	0
1623	113	0
1624	113	0
1625	112	0
1626	112	0
1627	113	0
1628	112	0
1629	112	0
1630	113	0
1631	112	0
1632	112	0
1633	112	0
1634	112	0
1635	110	0
1636	111	0
1637	112	0
1638	112	0
1639	111	0
1640	112	0
1641	112	0
1642	113	0
1643	111	0
1644	113	0
1645	113	0
1646	111	0
1647	112	0
1648	113	0
1649	112	0
1650	113	0
1651	113	0
1652	112	0
1653	112	0
1654	112	0
1655	112	0
1656	112	0
1657	112	0
1658	111	0
1659	112	0
1660	111	0
1661	111	0
1662	112	0
1663	112	0
1664	112	0
1665	112	0
1666	112	0
1667	113	0
1668	112	0
1669	112	0
1670	111	0
1671	112	0
1672	112	0
1673	111	0
1674	112	0
1675	113	0
1676	113	0
1677	113	0
1678	112	0
1679	112	0
1680	111	0
1681	112	0
1682	111	0
1683	112	0
1684	113	0
1685	113	0
1686	112	0
1687	112	0
1688	112	0
1689	111	0
1690	112	0
1691	113	0
1692	111	0
1693	112	0
1694	113	0
1695	113	0
1696	112	0
1697	112	0
1698	113	0
1699	112	0
1700	111	0
1701	113	0
1702	112	0
1703	113	0
1704	113	0
1705	112	0
1706	113	0
1707	111	0
1708	112	0
1709	111	0
1710	113	0
1711	112	0
1712	112	0
1713	113	0
1714	112	0
1715	112	0
1716	111	0
1717	112	0
1718	112	0
1719	112	0
1720	112	0
1721	112	0
1722	113	0
1723	111	0
1724	111	0
1725	111	0
1726	112	0
1727	112	0
1728	112	0
1729	111	0
1730	112	0
1731	113	0
1732	112	0
1733	113	0
1734	112	0
1735	113	0
1736	112	0
1737	111	0
1738	112	0
1739	112	0
1740	112	0
1741	112	0
1742	112	0
1743	112	0
1744	111	0
1745	111	0
1746	112	0
1747	111	0
1748	112	0
1749	112	0
1750	112	0
1751	113	0
1752	112	0
1753	113	0
1754	112	0
1755	112	0
1756	111	0
1757	112	0
1758	112	0
1759	112	0
1760	112	0
1761	112	0
1762	113	0
1763	111	0
1764	112	0
1765	111	0
1766	111	0
1767	112	0
1768	112	0
1769	113	0
1770	112	0
1771	112	0
1772	112	0
1773	111	0
1774	112	0
1775	112	0
1776	113	0
1777	112	0
1778	112	0
1779	113	0
1780	112	0
1781	112	0
1782	112	0
1783	111	0
1784	111	0
1785	111	0
1786	112	0
1787	110	0
1788	112	0
1789	112	0
1790	112	0
1791	112	0
1792	112	0
1793	112	0
1794	111	0
1795	111	0
1796	112	0
1797	111	0
1798	111	0
1799	113	0
1800	112	0
1801	113	0
1802	113	0
1803	112	0
1804	112	0
1805	112	0
1806	112	0
1807	112	0
1808	112	0
1809	112	0
1810	111	0
1811	112	0
1812	111	0
1813	112	0
1814	113	0
1815	113	0
1816	113	0
1817	112	0
1818	113	0
1819	111	0
1820	112	0
1821	111	0
1822	113	0
1823	111	0
1824	113	0
1825	113	0
1826	112	0
1827	112	0
1828	113	0
1829	112	0
1830	111	0
1831	111	0
1832	112	0
1833	112	0
1834	111	0
1835	113	0
1836	111	0
1837	112	0
1838	112	0
1839	113	0
1840	113	0
1841	111	0
1842	113	0
1843	110	0
1844	111	0
1845	112	0
1846	113	0
1847	112	0
1848	113	0
1849	111	0
1850	112	0
1851	112	0
1852	112	0
1853	113	0
1854	112	0
1855	113	0
1856	112	0
1857	112	0
1858	112	0
1859	113	0
1860	112	0
1861	112	0
1862	113	0
1863	112	0
1864	112	0
1865	113	0
1866	113	0
1867	113	0
1868	113	0
1869	113	0
1870	113	0
1871	112	0
1872	113	0
1873	111	0
1874	112	0
1875	111	0
1876	112	0
1877	112	0
1878	113	0
1879	113	0
1880	112	0
1881	113	0
1882	111	0
1883	111	0
1884	111	0
1885	112	0
1886	112	0
1887	112	0
1888	112	0
1889	111	0
1890	112	0
1891	111	0
1892	111	0
1893	112	0
1894	112	0
1895	112	0
1896	113	0
1897	111	0
1898	112	0
1899	111	0
1900	115	0
1901	134	0
1902	161	0
1903	182	0
1904	197	0
1905	206	0
1906	206	0
1907	194	0
1908	174	0
1909	149	0
1910	118	0
1911	89	0
1912	64	0
1913	49	0
1914	45	0
1915	46	0
1916	49	0
1917	50	0
1918	54	0
1919	76	0
1920	106	0
1921	124	0
1922	118	0
1923	115	0
1924	115	0
1925	113	0
1926	113	0
1927	112	0
1928	112	0
1929	112	0
1930	112	0
1931	111	0
1932	111	0
1933	111	0
1934	110	0
1935	110	0
1936	112	0
1937	111	0
1938	111	0
1939	111	0
1940	111	0
1941	111	0
1942	112	0
1943	111	0
1944	111	0
1945	111	0
1946	110	0
1947	112	0
1948	111	0
1949	111	0
1950	112	0
1951	111	0
1952	112	0
1953	112	0
1954	111	0
1955	113	0
1956	111	0
1957	112	0
1958	112	0
1959	112	0
1960	113	0
1961	112	0
1962	112	0
1963	111	0
1964	110	0
1965	110	0
1966	111	0
1967	112	0
1968	112	0
1969	110	0
1970	111	0
1971	112	0
1972	112	0
1973	111	0
1974	112	0
1975	111	0
1976	112	0
1977	112	0
1978	112	0
1979	113	0
1980	112	0
1981	112	0
1982	111	0
1983	111	0
1984	111	0
1985	111	0
1986	111	0
1987	112	0
1988	110	0
1989	111	0
1990	111	0
1991	111	0
1992	113	0
1993	112	0
1994	111	0
1995	111	0
1996	111	0
1997	112	0
1998	111	0
1999	112	0
2000	112	0
2001	111	0
2002	113	0
2003	112	0
2004	112	0
2005	111	0
2006	112	0
2007	112	0
2008	112	0
2009	112	0
2010	112	0
2011	112	0
2012	111	0
2013	110	0
2014	111	0
2015	111	0
2016	112	0
2017	112	0
2018	111	0
2019	112	0
2020	110	0
2021	113	0
2022	112	0
2023	113	0
2024	113	0
2025	112	0
2026	113	0
2027	111	0
2028	111	0
2029	110	0
2030	111	0
2031	111	0
2032	112	0
2033	110	0
2034	111	0
2035	112	0
2036	111	0
2037	112	0
2038	113	0
2039	111	0
2040	113	0
2041	110	0
2042	112	0
2043	111	0
2044	112	0
2045	112	0
2046	113	0
2047	112	0
2048	113	0
2049	112	0
2050	111	0
2051	111	0
2052	111	0
2053	112	0
2054	111	0
2055	112	0
2056	112	0
2057	112	0
2058	112	0
2059	112	0
2060	111	0
2061	111	0
2062	112	0
2063	111	0
2064	111	0
2065	112	0
2066	110	0
2067	112	0
2068	113	0
2069	112	0
2070	112	0
2071	112	0
2072	112	0
2073	111	0
2074	112	0
2075	111	0
2076	112	0
2077	112	0
2078	112	0
2079	113	0
2080	112	0
2081	112	0
2082	112	0
2083	111	0
2084	112	0
2085	110	0
2086	112	0
2087	112	0
2088	113	0
2089	112	0
2090	112	0
2091	113	0
2092	111	0
2093	112	0
2094	111	0
2095	112	0
2096	112	0
2097	112	0
2098	112	0
2099	112	0
2100	112	0
2101	111	0
2102	111	0
2103	111	0
2104	111	0
2105	112	0
2106	112	0
2107	111	0
2108	112	0
2109	111	0
2110	113	0
2111	112	0
2112	112	0
2113	113	0
2114	112	0
2115	111	0
2116	111	0
2117	112	0
2118	112	0
2119	110	0
2120	112	0
2121	110	0
2122	113	0
2123	112	0
2124	113	0
2125	112	0
2126	112	0
2127	112	0
2128	111	0
2129	110	0
2130	112	0
2131	110	0
2132	111	0
2133	112	0
2134	112	0
2135	113	0
2136	113	0
2137	112	0
2138	113	0
2139	111	0
2140	111	0
2141	111	0
2142	112	0
2143	113	0
2144	113	0
2145	111	0
2146	111	0
2147	111	0
2148	111	0
2149	111	0
2150	112	0
2151	112	0
2152	112	0
2153	112	0
2154	111	0
2155	113	0
2156	112	0
2157	112	0
2158	113	0
2159	113	0
2160	113	0
2161	112	0
2162	112	0
2163	112	0
2164	112	0
2165	113	0
2166	112	0
2167	112	0
2168	112	0
2169	112	0
2170	112	0
2171	111	0
2172	112	0
2173	111	0
2174	112	0
2175	112	0
2176	113	0
2177	113	0
2178	112	0
2179	113	0
2180	112	0
2181	112	0
2182	112	0
2183	112	0
2184	112	0
2185	112	0
2186	112	0
2187	112	0
2188	112	0
2189	111	0
2190	111	0
2191	112	0
2192	111	0
2193	112	0
2194	112	0
2195	111	0
2196	113	0
2197	113	0
2198	113	0
2199	113	0
2200	113	0
2201	113	0
2202	113	0
2203	112	0
2204	111	0
2205	112	0
2206	112	0
2207	112	0
2208	112	0
2209	113	0
2210	113	0
2211	112	0
2212	110	0
2213	111	0
2214	112	0
2215	111	0
2216	111	0
2217	113	0
2218	111	0
2219	111	0
2220	113	0
2221	112	0
2222	112	0
2223	113	0
2224	112	0
2225	112	0
2226	111	0
2227	112	0
2228	111	0
2229	112	0
2230	111	0
2231	113	0
2232	113	0
2233	113	0
2234	112	0
2235	112	0
2236	113	0
2237	111	0
2238	112	0
2239	112	0
2240	111	0
2241	112	0
2242	112	0
2243	112	0
2244	111	0
2245	112	0
2246	112	0
2247	112	0
2248	112	0
2249	113	0
2250	113	0
2251	111	0
2252	113	0
2253	112	0
2254	112	0
2255	111	0
2256	112	0
2257	112	0
2258	112	0
2259	112	0
2260	111	0
2261	113	0
2262	112	0
2263	112	0
2264	113	0
2265	113	0
2266	112	0
2267	112	0
2268	110	0
2269	111	0
2270	112	0
2271	112	0
2272	111	0
2273	113	0
2274	112	0
2275	113	0
2276	112	0
2277	112	0
2278	112	0
2279	112	0
2280	111	0
2281	110	0
2282	111	0
2283	111	0
2284	112	0
2285	112	0
2286	112	0
2287	112	0
2288	112	0
2289	113	0
2290	111	0
2291	111	0
2292	111	0
2293	112	0
2294	111	0
2295	112	0
2296	111	0
2297	111	0
2298	113	0
2299	113	0
2300	112	0
2301	113	0
2302	111	0
2303	113	0
2304	111	0
2305	113	0
2306	111	0
2307	113	0
2308	113	0
2309	112	0
2310	113	0
2311	112	0
2312	111	0
2313	111	0
2314	111	0
2315	111	0
2316	111	0
2317	112	0
2318	111	0
2319	111	0
2320	112	0
2321	111	0
2322	112	0
2323	112	0
2324	111	0
2325	113	0
2326	111	0
2327	113	0
2328	112	0
2329	113	0
2330	113	0
2331	112	0
2332	113	0
2333	111	0
2334	111	0
2335	110	0
2336	111	0
2337	112	0
2338	112	0
2339	111	0
2340	113	0
2341	112	0
2342	112	0
2343	112	0
2344	113	0
2345	112	0
2346	112	0
2347	110	0
2348	111	0
2349	112	0
2350	112	0
2351	111	0
2352	113	0
2353	112	0
2354	113	0
2355	112	0
2356	112	0
2357	112	0
2358	111	0
2359	111	0
2360	111	0
2361	111	0
2362	111	0
2363	113	0
2364	112	0
2365	111	0
2366	112	0
2367	112	0
2368	113	0
2369	112	0
2370	112	0
2371	112	0
2372	112	0
2373	112	0
2374	112	0
2375	112	0
2376	113	0
2377	112	0
2378	112	0
2379	113	0
2380	112	0
2381	111	0
2382	111	0
2383	112	0
2384	112	0
2385	111	0
2386	112	0
2387	111	0
2388	113	0
2389	111	0
2390	112	0
2391	112	0
2392	113	0
2393	113	0
2394	113	0
2395	112	0
2396	112	0
2397	111	0
2398	110	0
2399	112	0
2400	112	0
2401	111	0
2402	113	0
2403	112	0
2404	113	0
2405	112	0
2406	112	0
2407	112	0
2408	112	0
2409	111	0
2410	112	0
2411	112	0
2412	111	0
2413	113	0
2414	113	0
2415	112	0
2416	112	0
2417	112	0
2418	112	0
2419	112	0
2420	112	0
2421	110	0
2422	111	0
2423	112	0
2424	110	0
2425	110	0
2426	110	0
2427	110	0
2428	110	0
2429	111	0
2430	110	0
2431	110	0
2432	110	0
2433	110	0
2434	110	0
2435	112	0
2436	111	0
2437	111	0
2438	112	0
2439	112	0
2440	112	0
2441	113	0
2442	111	0
2443	112	0
2444	112	0
2445	110	0
2446	112	0
2447	111	0
2448	113	0
2449	113	0
2450	113	0
2451	113	0
2452	112	0
2453	112	0
2454	111	0
2455	111	0
2456	111	0
2457	112	0
2458	111	0
2459	113	0
2460	111	0
2461	112	0
2462	112	0
2463	112	0
2464	112	0
2465	113	0
2466	113	0
2467	111	0
2468	110	0
2469	112	0
2470	112	0
2471	112	0
2472	113	0
2473	111	0
2474	112	0
2475	112	0
2476	112	0
2477	112	0
2478	112	0
2479	113	0
2480	112	0
2481	112	0
2482	111	0
2483	112	0
2484	112	0
2485	112	0
2486	113	0
2487	112	0
2488	113	0
2489	112	0
2490	112	0
2491	112	0
2492	112	0
2493	111	0
2494	112	0
2495	112	0
2496	111	0
2497	112	0
2498	112	0
2499	112	0
2500	113	0
2501	112	0
2502	112	0
2503	112	0
2504	113	0
2505	112	0
2506	112	0
2507	112	0
2508	112	0
2509	111	0
2510	112	0
2511	111	0
2512	112	0
2513	112	0
2514	112	0
2515	113	0
2516	111	0
2517	113	0
2518	112	0
2519	112	0
2520	113	0
2521	112	0
2522	112	0
2523	112	0
2524	111	0
2525	112	0
2526	112	0
2527	112	0
2528	113	0
2529	112	0
2530	113	0
2531	111	0
2532	111	0
2533	112	0
2534	112	0
2535	112	0
2536	112	0
2537	111	0
2538	113	0
2539	110	0
2540	112	0
2541	112	0
2542	112	0
2543	113	0
2544	113	0
2545	112	0
2546	110	0
2547	111	0
2548	111	0
2549	112	0
2550	112	0
2551	112	0
2552	113	0
2553	111	0
2554	112	0
2555	112	0
2556	111	0
2557	112	0
2558	113	0
2559	113	0
2560	113	0
2561	113	0
2562	113	0
2563	112	0
2564	111	0
2565	112	0
2566	112	0
2567	112	0
2568	113	0
2569	113	0
2570	113	0
2571	111	0
2572	111	0
2573	112	0
2574	111	0
2575	110	0
2576	112	0
2577	111	0
2578	113	0
2579	112	0
2580	112	0
2581	113	0
2582	113	0
2583	112	0
2584	111	0
2585	111	0
2586	111	0
2587	111	0
2588	112	0
2589	112	0
2590	111	0
2591	112	0
2592	110	0
2593	112	0
2594	112	0
2595	111	0
2596	113	0
2597	112	0
2598	113	0
2599	111	0
2600	112	0
2601	112	0
2602	112	0
2603	112	0
2604	112	0
2605	113	0
2606	111	0
2607	111	0
2608	111	0
2609	112	0
2610	112	0
2611	113	0
2612	112	0
2613	112	0
2614	113	0
2615	112	0
2616	113	0
2617	112	0
2618	112	0
2619	112	0
2620	111	0
2621	112	0
2622	111	0
2623	111	0
2624	112	0
2625	112	0
2626	112	0
2627	112	0
2628	111	0
2629	112	0
2630	111	0
2631	111	0
2632	112	0
2633	113	0
2634	112	0
2635	113	0
2636	111	0
2637	112	0
2638	111	0
2639	112	0
2640	112	0
2641	112	0
2642	113	0
2643	113	0
2644	112	0
2645	112	0
2646	111	0
2647	112	0
2648	111	0
2649	111	0
2650	112	0
2651	112	0
2652	112	0
2653	113	0
2654	111	0
2655	113	0
2656	111	0
2657	111	0
2658	112	0
2659	112	0
2660	112	0
2661	113	0
2662	111	0
2663	112	0
2664	110	0
2665	111	0
2666	112	0
2667	112	0
2668	112	0
2669	112	0
2670	111	0
2671	113	0
2672	111	0
2673	112	0
2674	112	0
2675	112	0
2676	113	0
2677	111	0
2678	111	0
2679	112	0
2680	111	0
2681	112	0
2682	113	0
2683	112	0
2684	113	0
2685	112	0
2686	113	0
2687	113	0
2688	112	0
2689	112	0
2690	112	0
2691	112	0
2692	110	0
2693	112	0
2694	111	0
2695	112	0
2696	112	0
2697	112	0
2698	113	0
2699	112	0
2700	112	0
2701	112	0
2702	112	0
2703	112	0
2704	111	0
2705	111	0
2706	111	0
2707	113	0
2708	110	0
2709	112	0
2710	112	0
2711	112	0
2712	113	0
2713	112	0
2714	113	0
2715	112	0
2716	112	0
2717	111	0
2718	111	0
2719	111	0
2720	112	0
2721	111	0
2722	112	0
2723	112	0
2724	112	0
2725	112	0
2726	112	0
2727	113	0
2728	112	0
2729	112	0
2730	112	0
2731	112	0
2732	112	0
2733	111	0
2734	111	0
2735	111	0
2736	112	0
2737	112	0
2738	113	0
2739	111	0
2740	110	0
2741	113	0
2742	112	0
2743	112	0
2744	113	0
2745	112	0
2746	112	0
2747	112	0
2748	111	0
2749	111	0
2750	112	0
2751	113	0
2752	111	0
2753	113	0
2754	112	0
2755	113	0
2756	112	0
2757	113	0
2758	112	0
2759	113	0
2760	112	0
2761	112	0
2762	111	0
2763	112	0
2764	111	0
2765	113	0
2766	112	0
2767	113	0
2768	113	0
2769	112	0
2770	112	0
2771	112	0
2772	111	0
2773	110	0
2774	111	0
2775	111	0
2776	112	0
2777	113	0
2778	112	0
2779	113	0
2780	111	0
2781	112	0
2782	111	0
2783	112	0
2784	112	0
2785	112	0
2786	112	0
2787	113	0
2788	112	0
2789	111	0
2790	111	0
2791	112	0
2792	112	0
2793	112	0
2794	113	0
2795	110	0
2796	112	0
2797	112	0
2798	112	0
2799	111	0
2800	112	0
2801	112	0
2802	111	0
2803	112	0
2804	113	0
2805	112	0
2806	113	0
2807	113	0
2808	112	0
2809	111	0
2810	112	0
2811	113	0
2812	111	0
2813	113	0
2814	113	0
2815	113	0
2816	113	0
2817	113	0
2818	113	0
2819	113	0
2820	113	0
2821	112	0
2822	111	0
2823	112	0
2824	112	0
2825	112	0
2826	112	0
2827	112	0
2828	113	0
2829	111	0
2830	112	0
2831	111	0
2832	111	0
2833	112	0
2834	111	0
2835	112	0
2836	113	0
2837	111	0
2838	113	0
2839	112	0
2840	112	0
2841	112	0
2842	112	0
2843	112	0
2844	111	0
2845	111	0
2846	112	0
2847	111	0
2848	111	0
2849	112	0
2850	112	0
2851	113	0
2852	116	0
2853	134	0
2854	162	0
2855	182	0
2856	198	0
2857	206	0
2858	205	0
2859	193	0
2860	174	0
2861	148	0
2862	117	0
2863	89	0
2864	62	0
2865	48	0
2866	46	0
2867	46	0
2868	49	0
2869	51	0
2870	54	0
2871	77	0
2872	106	0
2873	123	0
2874	118	0
2875	115	0
2876	115	0
2877	113	0
2878	113	0
2879	113	0
2880	112	0
2881	111	0
2882	112	0
2883	111	0
2884	112	0
2885	112	0
2886	112	0
2887	113	0
2888	110	0
2889	111	0
2890	110	0
2891	111	0
2892	112	0
2893	113	0
2894	110	0
2895	111	0
2896	111	0
2897	113	0
2898	110	0
2899	113	0
2900	112	0
2901	112	0
2902	112	0
2903	111	0
2904	112	0
2905	112	0
2906	111	0
2907	112	0
2908	112	0
2909	112	0
2910	111	0
2911	112	0
2912	112	0
2913	111	0
2914	112	0
2915	112	0
2916	112	0
2917	111	0
2918	111	0
2919	112	0
2920	111	0
2921	111	0
2922	113	0
2923	112	0
2924	112	0
2925	113	0
2926	111	0
2927	112	0
2928	110	0
2929	111	0
2930	112	0
2931	112	0
2932	111	0
2933	112	0
2934	110	0
2935	113	0
2936	112	0
2937	112	0
2938	112	0
2939	112	0
2940	112	0
2941	111	0
2942	111	0
2943	111	0
2944	111	0
2945	110	0
2946	112	0
2947	111	0
2948	112	0
2949	110	0
2950	111	0
2951	113	0
2952	112	0
2953	112	0
2954	112	0
2955	111	0
2956	112	0
2957	111	0
2958	111	0
2959	111	0
2960	112	0
2961	112	0
2962	112	0
2963	111	0
2964	110	0
2965	112	0
2966	111	0
2967	111	0
2968	112	0
2969	112	0
2970	112	0
2971	112	0
2972	110	0
2973	112	0
2974	111	0
2975	112	0
2976	111	0
2977	112	0
2978	113	0
2979	112	0
2980	113	0
2981	112	0
2982	113	0
2983	112	0
2984	112	0
2985	112	0
2986	112	0
2987	111	0
2988	112	0
2989	111	0
2990	111	0
2991	112	0
2992	112	0
2993	112	0
2994	113	0
2995	110	0
2996	112	0
2997	111	0
2998	112	0
2999	113	0
3000	113	0
3001	113	0
3002	112	0
3003	113	0
3004	111	0
3005	112	0
3006	111	0
3007	112	0
3008	113	0
3009	113	0
3010	112	0
3011	112	0
3012	113	0
3013	112	0
3014	112	0
3015	111	0
3016	112	0
3017	113	0
3018	112	0
3019	112	0
3020	112	0
3021	113	0
3022	111	0
3023	112	0
3024	111	0
3025	112	0
3026	113	0
3027	112	0
3028	113	0
3029	112	0
3030	113	0
3031	111	0
3032	112	0
3033	112	0
3034	112	0
3035	113	0
3036	112	0
3037	113	0
3038	111	0
3039	111	0
3040	111	0
3041	112	0
3042	110	0
3043	112	0
3044	112	0
3045	111	0
3046	113	0
3047	112	0
3048	112	0
3049	111	0
3050	112	0
3051	112	0
3052	113	0
3053	112	0
3054	113	0
3055	112	0
3056	112	0
3057	112	0
3058	111	0
3059	112	0
3060	112	0
3061	112	0
3062	112	0
3063	113	0
3064	112	0
3065	112	0
3066	111	0
3067	111	0
3068	111	0
3069	112	0
3070	112	0
3071	111	0
3072	112	0
3073	111	0
3074	112	0
3075	112	0
3076	113	0
3077	112	0
3078	112	0
3079	112	0
3080	112	0
3081	111	0
3082	111	0
3083	111	0
3084	112	0
3085	112	0
3086	113	0
3087	112	0
3088	111	0
3089	112	0
3090	111	0
3091	112	0
3092	113	0
3093	112	0
3094	113	0
3095	112	0
3096	113	0
3097	112	0
3098	112	0
3099	111	0
3100	112	0
3101	111	0
3102	111	0
3103	112	0
3104	112	0
3105	113	0
3106	113	0
3107	110	0
3108	113	0
3109	111	0
3110	113	0
3111	112	0
3112	112	0
3113	112	0
3114	112	0
3115	111	0
3116	112	0
3117	111	0
3118	111	0
3119	112	0
3120	113	0
3121	112	0
3122	113	0
3123	111	0
3124	112	0
3125	112	0
3126	112	0
3127	112	0
3128	111	0
3129	112	0
3130	111	0
3131	112	0
3132	112	0
3133	113	0
3134	112	0
3135	111	0
3136	112	0
3137	111	0
3138	112	0
3139	113	0
3140	112	0
3141	112	0
3142	113	0
3143	112	0
3144	112	0
3145	112	0
3146	112	0
3147	112	0
3148	112	0
3149	112	0
3150	111	0
3151	111	0
3152	111	0
3153	111	0
3154	111	0
3155	112	0
3156	112	0
3157	112	0
3158	112	0
3159	111	0
3160	112	0
3161	112	0
3162	111	0
3163	112	0
3164	112	0
3165	112	0
3166	112	0
3167	113	0
3168	113	0
3169	111	0
3170	111	0
3171	111	0
3172	111	0
3173	110	0
3174	111	0
3175	110	0
3176	112	0
3177	112	0
3178	112	0
3179	113	0
3180	112	0
3181	112	0
3182	112	0
3183	111	0
3184	112	0
3185	111	0
3186	111	0
3187	112	0
3188	113	0
3189	112	0
3190	112	0
3191	111	0
3192	112	0
3193	112	0
3194	112	0
3195	112	0
3196	112	0
3197	112	0
3198	111	0
3199	110	0
3200	112	0
3201	113	0
3202	112	0
3203	113	0
3204	112	0
3205	113	0
3206	112	0
3207	112	0
3208	111	0
3209	111	0
3210	112	0
3211	113	0
3212	111	0
3213	112	0
3214	111	0
3215	113	0
3216	113	0
3217	112	0
3218	113	0
3219	112	0
3220	112	0
3221	112	0
3222	111	0
3223	110	0
3224	112	0
3225	112	0
3226	111	0
3227	112	0
3228	112	0
3229	112	0
3230	112	0
3231	112	0
3232	113	0
3233	111	0
3234	110	0
3235	111	0
3236	111	0
3237	111	0
3238	112	0
3239	112	0
3240	112	0
3241	113	0
3242	111	0
3243	112	0
3244	111	0
3245	112	0
3246	112	0
3247	112	0
3248	113	0
3249	113	0
3250	113	0
3251	112	0
3252	112	0
3253	112	0
3254	111	0
3255	112	0
3256	112	0
3257	111	0
3258	111	0
3259	112	0
3260	112	0
3261	111	0
3262	113	0
3263	111	0
3264	113	0
3265	112	0
3266	112	0
3267	113	0
3268	112	0
3269	112	0
3270	111	0
3271	112	0
3272	112	0
3273	112	0
3274	113	0
3275	112	0
3276	113	0
3277	112	0
3278	112	0
3279	112	0
3280	112	0
3281	111	0
3282	112	0
3283	110	0
3284	111	0
3285	112	0
3286	112	0
3287	113	0
3288	113	0
3289	111	0
3290	112	0
3291	111	0
3292	111	0
3293	112	0
3294	112	0
3295	113	0
3296	112	0
3297	111	0
3298	113	0
3299	112	0
3300	111	0
3301	112	0
3302	112	0
3303	113	0
3304	112	0
3305	113	0
3306	113	0
3307	112	0
3308	113	0
3309	112	0
3310	112	0
3311	111	0
3312	112	0
3313	112	0
3314	112	0
3315	113	0
3316	113	0
3317	113	0
3318	111	0
3319	111	0
3320	112	0
3321	112	0
3322	111	0
3323	112	0
3324	111	0
3325	113	0
3326	113	0
3327	113	0
3328	113	0
3329	112	0
3330	113	0
3331	113	0
3332	112	0
3333	112	0
3334	112	0
3335	112	0
3336	112	0
3337	112	0
3338	111	0
3339	112	0
3340	111	0
3341	112	0
3342	113	0
3343	113	0
3344	112	0
3345	112	0
3346	112	0
3347	112	0
3348	111	0
3349	111	0
3350	111	0
3351	112	0
3352	110	0
3353	112	0
3354	111	0
3355	111	0
3356	113	0
3357	113	0
3358	112	0
3359	113	0
3360	112	0
3361	112	0
3362	111	0
3363	113	0
3364	112	0
3365	112	0
3366	111	0
3367	111	0
3368	113	0
3369	112	0
3370	112	0
3371	112	0
3372	111	0
3373	112	0
3374	111	0
3375	111	0
3376	110	0
3377	110	0
3378	110	0
3379	110	0
3380	110	0
3381	110	0
3382	110	0
3383	110	0
3384	111	0
3385	111	0
3386	111	0
3387	111	0
3388	111	0
3389	112	0
3390	112	0
3391	111	0
3392	112	0
3393	111	0
3394	113	0
3395	112	0
3396	113	0
3397	112	0
3398	113	0
3399	113	0
3400	113	0
3401	112	0
3402	113	0
3403	112	0
3404	111	0
3405	112	0
3406	112	0
3407	111	0
3408	112	0
3409	111	0
3410	113	0
3411	112	0
3412	113	0
3413	112	0
3414	113	0
3415	112	0
3416	112	0
3417	112	0
3418	112	0
3419	112	0
3420	111	0
3421	111	0
3422	111	0
3423	111	0
3424	111	0
3425	113	0
3426	112	0
3427	112	0
3428	112	0
3429	112	0
3430	113	0
3431	112	0
3432	112	0
3433	112	0
3434	112	0
3435	111	0
3436	112	0
3437	111	0
3438	112	0
3439	112	0
3440	113	0
3441	113	0
3442	112	0
3443	113	0
3444	111	0
3445	112	0
3446	111	0
3447	112	0
3448	112	0
3449	113	0
3450	112	0
3451	113	0
3452	113	0
3453	112	0
3454	112	0
3455	112	0
3456	113	0
3457	110	0
3458	112	0
3459	111	0
3460	112	0
3461	113	0
3462	113	0
3463	113	0
3464	112	0
3465	113	0
3466	111	0
3467	112	0
3468	112	0
3469	112	0
3470	112	0
3471	112	0
3472	112	0
3473	112	0
3474	111	0
3475	111	0
3476	111	0
3477	113	0
3478	113	0
3479	113	0
3480	112	0
3481	112	0
3482	112	0
3483	112	0
3484	112	0
3485	112	0
3486	112	0
3487	112	0
3488	111	0
3489	112	0
3490	111	0
3491	111	0
3492	111	0
3493	112	0
3494	112	0
3495	112	0
3496	112	0
3497	111	0
3498	113	0
3499	111	0
3500	113	0
3501	112	0
3502	113	0
3503	112	0
3504	113	0
3505	113	0
3506	112	0
3507	112	0
3508	112	0
3509	112	0
3510	111	0
3511	112	0
3512	111	0
3513	112	0
3514	113	0
3515	112	0
3516	112	0
3517	112	0
3518	112	0
3519	111	0
3520	112	0
3521	111	0
3522	112	0
3523	112	0
3524	113	0
3525	113	0
3526	113	0
3527	112	0
3528	112	0
3529	112	0
3530	112	0
3531	111	0
3532	111	0
3533	112	0
3534	112	0
3535	112	0
3536	113	0
3537	112	0
3538	113	0
3539	113	0
3540	112	0
3541	112	0
3542	111	0
3543	112	0
3544	111	0
3545	113	0
3546	112	0
3547	112	0
3548	113	0
3549	113	0
3550	112	0
3551	112	0
3552	111	0
3553	111	0
3554	111	0
3555	112	0
3556	111	0
3557	113	0
3558	112	0
3559	112	0
3560	113	0
3561	112	0
3562	112	0
3563	112	0
3564	112	0
3565	112	0
3566	111	0
3567	112	0
3568	112	0
3569	111	0
3570	112	0
3571	112	0
3572	112	0
3573	112	0
3574	113	0
3575	113	0
3576	112	0
3577	112	0
3578	112	0
3579	113	0
3580	112	0
3581	112	0
3582	112	0
3583	112	0
3584	112	0
3585	111	0
3586	112	0
3587	111	0
3588	112	0
3589	112	0
3590	113	0
3591	112	0
3592	112	0
3593	112	0
3594	111	0
3595	111	0
3596	112	0
3597	112	0
3598	111	0
3599	113	0
3600	112	0
3601	113	0
3602	112	0
3603	112	0
3604	113	0
3605	113	0
3606	112	0
3607	111	0
3608	111	0
3609	112	0
3610	111	0
3611	112	0
3612	113	0
3613	112	0
3614	113	0
3615	112	0
3616	113	0
3617	111	0
3618	111	0
3619	111	0
3620	112	0
3621	111	0
3622	112	0
3623	112	0
3624	111	0
3625	113	0
3626	112	0
3627	112	0
3628	112	0
3629	112	0
3630	113	0
3631	112	0
3632	112	0
3633	111	0
3634	112	0
3635	112	0
3636	112	0
3637	112	0
3638	112	0
3639	112	0
3640	111	0
3641	110	0
3642	111	0
3643	111	0
3644	111	0
3645	112	0
3646	111	0
3647	111	0
3648	112	0
3649	112	0
3650	113	0
3651	113	0
3652	112	0
3653	112	0
3654	112	0
3655	112	0
3656	112	0
3657	112	0
3658	112	0
3659	111	0
3660	112	0
3661	112	0
3662	112	0
3663	112	0
3664	112	0
3665	113	0
3666	112	0
3667	112	0
3668	111	0
3669	111	0
3670	112	0
3671	113	0
3672	111	0
3673	112	0
3674	112	0
3675	113	0
3676	113	0
3677	112	0
3678	113	0
3679	112	0
3680	112	0
3681	112	0
3682	112	0
3683	112	0
3684	111	0
3685	112	0
3686	112	0
3687	112	0
3688	113	0
3689	113	0
3690	113	0
3691	112	0
3692	112	0
3693	111	0
3694	112	0
3695	112	0
3696	112	0
3697	111	0
3698	112	0
3699	113	0
3700	112	0
3701	113	0
3702	112	0
3703	113	0
3704	111	0
3705	112	0
3706	112	0
3707	111	0
3708	112	0
3709	113	0
3710	112	0
3711	112	0
3712	113	0
3713	112	0
3714	112	0
3715	112	0
3716	112	0
3717	112	0
3718	112	0
3719	112	0
3720	111	0
3721	111	0
3722	111	0
3723	112	0
3724	111	0
3725	112	0
3726	113	0
3727	112	0
3728	113	0
3729	113	0
3730	113	0
3731	111	0
3732	111	0
3733	112	0
3734	113	0
3735	111	0
3736	113	0
3737	112	0
3738	113	0
3739	112	0
3740	112	0
3741	113	0
3742	112	0
3743	112	0
3744	112	0
3745	112	0
3746	112	0
3747	112	0
3748	111	0
3749	112	0
3750	111	0
3751	112	0
3752	113	0
3753	113	0
3754	112	0
3755	112	0
3756	112	0
3757	112	0
3758	112	0
3759	112	0
3760	113	0
3761	112	0
3762	112	0
3763	112	0
3764	112	0
3765	113	0
3766	112	0
3767	112	0
3768	112	0
3769	113	0
3770	112	0
3771	113	0
3772	113	0
3773	112	0
3774	112	0
3775	113	0
3776	112	0
3777	111	0
3778	111	0
3779	112	0
3780	112	0
3781	111	0
3782	112	0
3783	112	0
3784	113	0
3785	112	0
3786	113	0
3787	112	0
3788	112	0
3789	111	0
3790	112	0
3791	112	0
3792	113	0
3793	112	0
3794	112	0
3795	113	0
3796	112	0
3797	111	0
3798	112	0
3799	112	0
3800	111	0
3801	112	0
3802	113	0
3803	113	0
3804	118	0
3805	141	0
3806	166	0
3807	187	0
3808	201	0
3809	207	0
3810	204	0
3811	190	0
3812	169	0
3813	141	0
3814	110	0
3815	82	0
3816	60	0
3817	47	0
3818	45	0
3819	47	0
3820	48	0
3821	51	0
3822	58	0
3823	81	0
3824	112	0
3825	124	0
3826	117	0
3827	115	0
3828	115	0
3829	113	0
3830	113	0
3831	113	0
3832	113	0
3833	112	0
3834	111	0
3835	110	0
3836	111	0
3837	112	0
3838	111	0
3839	112	0
3840	112	0
3841	112	0
3842	113	0
3843	112	0
3844	113	0
3845	112	0
3846	111	0
3847	111	0
3848	112	0
3849	110	0
3850	111	0
3851	113	0
3852	110	0
3853	112	0
3854	112	0
3855	112	0
3856	112	0
3857	112	0
3858	112	0
3859	111	0
3860	111	0
3861	111	0
3862	110	0
3863	111	0
3864	112	0
3865	111	0
3866	111	0
3867	112	0
3868	112	0
3869	112	0
3870	113	0
3871	111	0
3872	112	0
3873	111	0
3874	111	0
3875	112	0
3876	112	0
3877	112	0
3878	113	0
3879	111	0
3880	112	0
3881	111	0
3882	111	0
3883	112	0
3884	112	0
3885	112	0
3886	113	0
3887	112	0
3888	113	0
3889	112	0
3890	112	0
3891	113	0
3892	111	0
3893	111	0
3894	112	0
3895	111	0
3896	112	0
3897	113	0
3898	111	0
3899	112	0
3900	112	0
3901	113	0
3902	112	0
3903	113	0
3904	113	0
3905	112	0
3906	111	0
3907	110	0
3908	112	0
3909	110	0
3910	113	0
3911	113	0
3912	112	0
3913	113	0
3914	112	0
3915	113	0
3916	110	0
3917	112	0
3918	112	0
3919	112	0
3920	112	0
3921	112	0
3922	113	0
3923	111	0
3924	111	0
3925	111	0
3926	111	0
3927	111	0
3928	112	0
3929	112	0
3930	111	0
3931	112	0
3932	112	0
3933	113	0
3934	112	0
3935	112	0
3936	113	0
3937	111	0
3938	112	0
3939	112	0
3940	112	0
3941	112	0
3942	112	0
3943	113	0
3944	111	0
3945	111	0
3946	112	0
3947	111	0
3948	113	0
3949	113	0
3950	112	0
3951	113	0
3952	113	0
3953	113	0
3954	112	0
3955	111	0
3956	111	0
3957	112	0
3958	111	0
3959	111	0
3960	113	0
3961	112	0
3962	113	0
3963	113	0
3964	111	0
3965	111	0
3966	110	0
3967	112	0
3968	111	0
3969	113	0
3970	112	0
3971	111	0
3972	112	0
3973	112	0
3974	113	0
3975	113	0
3976	113	0
3977	113	0
3978	111	0
3979	111	0
3980	111	0
3981	112	0
3982	111	0
3983	113	0
3984	112	0
3985	111	0
3986	113	0
3987	113	0
3988	112	0
3989	112	0
3990	112	0
3991	112	0
3992	112	0
3993	112	0
3994	111	0
3995	111	0
3996	111	0
3997	112	0
3998	111	0
3999	113	0
4000	113	0
4001	112	0
4002	113	0
4003	112	0
4004	112	0
4005	111	0
4006	112	0
4007	112	0
4008	112	0
4009	112	0
4010	113	0
4011	112	0
4012	111	0
4013	111	0
4014	112	0
4015	112	0
4016	111	0
4017	113	0
4018	112	0
4019	113	0
4020	111	0
4021	112	0
4022	113	0
4023	112	0
4024	113	0
4025	112	0
4026	112	0
4027	113	0
4028	112	0
4029	111	0
4030	112	0
4031	112	0
4032	112	0
4033	113	0
4034	113	0
4035	112	0
4036	112	0
4037	112	0
4038	112	0
4039	111	0
4040	113	0
4041	111	0
4042	112	0
4043	111	0
4044	113	0
4045	113	0
4046	113	0
4047	113	0
4048	112	0
4049	112	0
4050	111	0
4051	112	0
4052	113	0
4053	113	0
4054	112	0
4055	113	0
4056	112	0
4057	111	0
4058	112	0
4059	112	0
4060	112	0
4061	112	0
4062	113	0
4063	113	0
4064	112	0
4065	111	0
4066	111	0
4067	112	0
4068	111	0
4069	111	0
4070	113	0
4071	111	0
4072	112	0
4073	113	0
4074	111	0
4075	113	0
4076	112	0
4077	112	0
4078	112	0
4079	112	0
4080	113	0
4081	112	0
4082	112	0
4083	112	0
4084	111	0
4085	112	0
4086	112	0
4087	111	0
4088	112	0
4089	112	0
4090	113	0
4091	113	0
4092	113	0
4093	112	0
4094	111	0
4095	112	0
4096	111	0
4097	112	0
4098	113	0
4099	112	0
4100	112	0
4101	112	0
4102	112	0
4103	112	0
4104	112	0
4105	111	0
4106	111	0
4107	111	0
4108	112	0
4109	111	0
4110	112	0
4111	112	0
4112	112	0
4113	113	0
4114	112	0
4115	113	0
4116	111	0
4117	112	0
4118	112	0
4119	111	0
4120	113	0
4121	113	0
4122	112	0
4123	112	0
4124	112	0
4125	113	0
4126	112	0
4127	111	0
4128	112	0
4129	112	0
4130	112	0
4131	112	0
4132	113	0
4133	112	0
4134	112	0
4135	110	0
4136	111	0
4137	112	0
4138	112	0
4139	111	0
4140	113	0
4141	111	0
4142	112	0
4143	112	0
4144	112	0
4145	113	0
4146	112	0
4147	112	0
4148	112	0
4149	112	0
4150	112	0
4151	112	0
4152	111	0
4153	112	0
4154	112	0
4155	113	0
4156	112	0
4157	112	0
4158	112	0
4159	112	0
4160	112	0
4161	112	0
4162	112	0
4163	112	0
4164	111	0
4165	111	0
4166	111	0
4167	113	0
4168	113	0
4169	113	0
4170	112	0
4171	111	0
4172	112	0
4173	112	0
4174	113	0
4175	112	0
4176	112	0
4177	112	0
4178	112	0
4179	112	0
4180	112	0
4181	111	0
4182	112	0
4183	112	0
4184	112	0
4185	112	0
4186	112	0
4187	113	0
4188	111	0
4189	111	0
4190	112	0
4191	112	0
4192	111	0
4193	113	0
4194	112	0
4195	113	0
4196	113	0
4197	113	0
4198	112	0
4199	112	0
4200	111	0
4201	111	0
4202	112	0
4203	112	0
4204	111	0
4205	113	0
4206	111	0
4207	113	0
4208	112	0
4209	113	0
4210	113	0
4211	112	0
4212	113	0
4213	112	0
4214	112	0
4215	111	0
4216	112	0
4217	112	0
4218	112	0
4219	113	0
4220	112	0
4221	113	0
4222	111	0
4223	112	0
4224	111	0
4225	112	0
4226	113	0
4227	112	0
4228	113	0
4229	112	0
4230	113	0
4231	111	0
4232	112	0
4233	112	0
4234	112	0
4235	113	0
4236	112	0
4237	111	0
4238	111	0
4239	112	0
4240	112	0
4241	112	0
4242	113	0
4243	112	0
4244	112	0
4245	111	0
4246	112	0
4247	110	0
4248	111	0
4249	112	0
4250	112	0
4251	113	0
4252	113	0
4253	112	0
4254	113	0
4255	112	0
4256	112	0
4257	111	0
4258	112	0
4259	112	0
4260	112	0
4261	113	0
4262	113	0
4263	112	0
4264	112	0
4265	112	0
4266	112	0
4267	112	0
4268	112	0
4269	112	0
4270	112	0
4271	112	0
4272	111	0
4273	112	0
4274	112	0
4275	113	0
4276	112	0
4277	113	0
4278	113	0
4279	113	0
4280	113	0
4281	113	0
4282	112	0
4283	111	0
4284	112	0
4285	112	0
4286	112	0
4287	112	0
4288	113	0
4289	113	0
4290	112	0
4291	112	0
4292	111	0
4293	111	0
4294	111	0
4295	112	0
4296	112	0
4297	113	0
4298	113	0
4299	111	0
4300	113	0
4301	111	0
4302	112	0
4303	112	0
4304	112	0
4305	113	0
4306	111	0
4307	112	0
4308	111	0
4309	112	0
4310	113	0
4311	113	0
4312	112	0
4313	113	0
4314	113	0
4315	111	0
4316	111	0
4317	112	0
4318	112	0
4319	111	0
4320	113	0
4321	111	0
4322	112	0
4323	111	0
4324	113	0
4325	113	0
4326	112	0
4327	111	0
4328	110	0
4329	110	0
4330	110	0
4331	110	0
4332	111	0
4333	110	0
4334	110	0
4335	111	0
4336	111	0
4337	111	0
4338	112	0
4339	111	0
4340	112	0
4341	112	0
4342	113	0
4343	113	0
4344	112	0
4345	113	0
4346	111	0
4347	112	0
4348	111	0
4349	112	0
4350	113	0
4351	112	0
4352	112	0
4353	113	0
4354	113	0
4355	112	0
4356	112	0
4357	112	0
4358	112	0
4359	113	0
4360	112	0
4361	111	0
4362	111	0
4363	112	0
4364	112	0
4365	111	0
4366	113	0
4367	112	0
4368	112	0
4369	112	0
4370	113	0
4371	112	0
4372	112	0
4373	111	0
4374	111	0
4375	112	0
4376	112	0
4377	111	0
4378	113	0
4379	112	0
4380	112	0
4381	112	0
4382	113	0
4383	112	0
4384	112	0
4385	112	0
4386	112	0
4387	111	0
4388	112	0
4389	112	0
4390	111	0
4391	112	0
4392	113	0
4393	112	0
4394	112	0
4395	113	0
4396	112	0
4397	112	0
4398	112	0
4399	112	0
4400	111	0
4401	112	0
4402	111	0
4403	112	0
4404	113	0
4405	112	0
4406	113	0
4407	112	0
4408	113	0
4409	112	0
4410	111	0
4411	112	0
4412	112	0
4413	112	0
4414	113	0
4415	112	0
4416	113	0
4417	111	0
4418	112	0
4419	111	0
4420	112	0
4421	113	0
4422	112	0
4423	112	0
4424	112	0
4425	113	0
4426	112	0
4427	112	0
4428	112	0
4429	112	0
4430	111	0
4431	112	0
4432	112	0
4433	112	0
4434	112	0
4435	113	0
4436	113	0
4437	111	0
4438	112	0
4439	112	0
4440	112	0
4441	111	0
4442	112	0
4443	112	0
4444	112	0
4445	112	0
4446	113	0
4447	113	0
4448	112	0
4449	111	0
4450	111	0
4451	112	0
4452	112	0
4453	112	0
4454	113	0
4455	111	0
4456	113	0
4457	111	0
4458	111	0
4459	112	0
4460	112	0
4461	112	0
4462	113	0
4463	111	0
4464	113	0
4465	112	0
4466	112	0
4467	112	0
4468	113	0
4469	113	0
4470	112	0
4471	111	0
4472	111	0
4473	111	0
4474	112	0
4475	112	0
4476	112	0
4477	112	0
4478	111	0
4479	112	0
4480	111	0
4481	112	0
4482	112	0
4483	112	0
4484	113	0
4485	113	0
4486	112	0
4487	112	0
4488	111	0
4489	112	0
4490	112	0
4491	112	0
4492	113	0
4493	112	0
4494	113	0
4495	111	0
4496	110	0
4497	111	0
4498	112	0
4499	112	0
4500	112	0
4501	112	0
4502	111	0
4503	113	0
4504	112	0
4505	112	0
4506	112	0
4507	113	0
4508	112	0
4509	112	0
4510	111	0
4511	112	0
4512	112	0
4513	112	0
4514	112	0
4515	112	0
4516	111	0
4517	112	0
4518	110	0
4519	111	0
4520	112	0
4521	112	0
4522	112	0
4523	113	0
4524	111	0
4525	112	0
4526	111	0
4527	110	0
4528	111	0
4529	112	0
4530	113	0
4531	112	0
4532	112	0
4533	112	0
4534	112	0
4535	112	0
4536	111	0
4537	112	0
4538	111	0
4539	111	0
4540	112	0
4541	112	0
4542	113	0
4543	112	0
4544	111	0
4545	112	0
4546	111	0
4547	112	0
4548	112	0
4549	113	0
4550	113	0
4551	112	0
4552	113	0
4553	111	0
4554	111	0
4555	111	0
4556	112	0
4557	112	0
4558	111	0
4559	113	0
4560	111	0
4561	112	0
4562	112	0
4563	113	0
4564	113	0
4565	112	0
4566	113	0
4567	112	0
4568	111	0
4569	110	0
4570	112	0
4571	112	0
4572	112	0
4573	113	0
4574	111	0
4575	113	0
4576	111	0
4577	111	0
4578	112	0
4579	112	0
4580	113	0
4581	112	0
4582	111	0
4583	113	0
4584	112	0
4585	110	0
4586	113	0
4587	113	0
4588	113	0
4589	112	0
4590	112	0
4591	112	0
4592	112	0
4593	112	0
4594	112	0
4595	111	0
4596	111	0
4597	111	0
4598	111	0
4599	111	0
4600	112	0
4601	111	0
4602	111	0
4603	112	0
4604	111	0
4605	112	0
4606	112	0
4607	112	0
4608	113	0
4609	112	0
4610	112	0
4611	111	0
4612	112	0
4613	112	0
4614	112	0
4615	112	0
4616	112	0
4617	113	0
4618	111	0
4619	111	0
4620	112	0
4621	111	0
4622	112	0
4623	112	0
4624	111	0
4625	113	0
4626	112	0
4627	112	0
4628	112	0
4629	113	0
4630	112	0
4631	111	0
4632	112	0
4633	112	0
4634	112	0
4635	113	0
4636	112	0
4637	112	0
4638	112	0
4639	112	0
4640	111	0
4641	112	0
4642	111	0
4643	112	0
4644	111	0
4645	112	0
4646	112	0
4647	113	0
4648	113	0
4649	113	0
4650	113	0
4651	111	0
4652	112	0
4653	111	0
4654	112	0
4655	112	0
4656	112	0
4657	113	0
4658	112	0
4659	112	0
4660	112	0
4661	112	0
4662	112	0
4663	113	0
4664	112	0
4665	111	0
4666	111	0
4667	112	0
4668	112	0
4669	112	0
4670	112	0
4671	112	0
4672	113	0
4673	111	0
4674	112	0
4675	112	0
4676	112	0
4677	113	0
4678	112	0
4679	113	0
4680	111	0
4681	112	0
4682	111	0
4683	111	0
4684	112	0
4685	113	0
4686	112	0
4687	112	0
4688	111	0
4689	113	0
4690	112	0
4691	111	0
4692	112	0
4693	113	0
4694	112	0
4695	112	0
4696	111	0
4697	113	0
4698	112	0
4699	111	0
4700	111	0
4701	113	0
4702	113	0
4703	112	0
4704	113	0
4705	111	0
4706	113	0
4707	112	0
4708	113	0
4709	112	0
4710	112	0
4711	112	0
4712	113	0
4713	112	0
4714	112	0
4715	112	0
4716	112	0
4717	112	0
4718	113	0
4719	113	0
4720	113	0
4721	113	0
4722	112	0
4723	113	0
4724	113	0
4725	113	0
4726	113	0
4727	113	0
4728	112	0
4729	111	0
4730	112	0
4731	112	0
4732	112	0
4733	113	0
4734	112	0
4735	112	0
4736	112	0
4737	112	0
4738	112	0
4739	112	0
4740	112	0
4741	111	0
4742	111	0
4743	112	0
4744	112	0
4745	111	0
4746	112	0
4747	112	0
4748	112	0
4749	113	0
4750	112	0
4751	113	0
4752	111	0
4753	111	0
4754	111	0
4755	113	0
4756	128	0
4757	154	0
4758	178	0
4759	195	0
4760	205	0
4761	207	0
4762	198	0
4763	180	0
4764	156	0
4765	126	0
4766	96	0
4767	69	0
4768	52	0
4769	46	0
4770	46	0
4771	48	0
4772	49	0
4773	52	0
4774	70	0
4775	98	0
4776	122	0
4777	121	0
4778	116	0
4779	115	0
4780	113	0
4781	113	0
4782	113	0
4783	113	0
4784	112	0
4785	111	0
4786	111	0
4787	110	0
4788	111	0
4789	110	0
4790	113	0
4791	111	0
4792	111	0
4793	110	0
4794	110	0
4795	111	0
4796	112	0
4797	110	0
4798	111	0
4799	112	0
4800	111	0
4801	112	0
4802	112	0
4803	112	0
4804	112	0
4805	111	0
4806	111	0
4807	110	0
4808	111	0
4809	110	0
4810	113	0
4811	111	0
4812	110	0
4813	112	0
4814	111	0
4815	112	0
4816	112	0
4817	111	0
4818	113	0
4819	112	0
4820	113	0
4821	111	0
4822	112	0
4823	111	0
4824	111	0
4825	111	0
4826	112	0
4827	112	0
4828	112	0
4829	112	0
4830	111	0
4831	113	0
4832	111	0
4833	112	0
4834	111	0
4835	112	0
4836	112	0
4837	112	0
4838	113	0
4839	111	0
4840	112	0
4841	111	0
4842	111	0
4843	111	0
4844	112	0
4845	111	0
4846	111	0
4847	112	0
4848	110	0
4849	112	0
4850	112	0
4851	111	0
4852	112	0
4853	112	0
4854	112	0
4855	112	0
4856	112	0
4857	111	0
4858	110	0
4859	110	0
4860	111	0
4861	111	0
4862	112	0
4863	111	0
4864	111	0
4865	112	0
4866	113	0
4867	112	0
4868	113	0
4869	110	0
4870	113	0
4871	111	0
4872	112	0
4873	112	0
4874	112	0
4875	113	0
4876	112	0
4877	112	0
4878	111	0
4879	110	0
4880	111	0
4881	112	0
4882	111	0
4883	112	0
4884	112	0
4885	111	0
4886	113	0
4887	112	0
4888	113	0
4889	112	0
4890	112	0
4891	112	0
4892	112	0
4893	112	0
4894	111	0
4895	111	0
4896	111	0
4897	111	0
4898	111	0
4899	112	0
4900	111	0
4901	111	0
4902	112	0
4903	113	0
4904	112	0
4905	113	0
4906	111	0
4907	112	0
4908	111	0
4909	111	0
4910	112	0
4911	112	0
4912	112	0
4913	113	0
4914	110	0
4915	111	0
4916	111	0
4917	112	0
4918	111	0
4919	112	0
4920	112	0
4921	112	0
4922	113	0
4923	112	0
4924	112	0
4925	111	0
4926	110	0
4927	111	0
4928	111	0
4929	111	0
4930	112	0
4931	111	0
4932	111	0
4933	112	0
4934	111	0
4935	113	0
4936	112	0
4937	111	0
4938	112	0
4939	113	0
4940	112	0
4941	112	0
4942	112	0
4943	113	0
4944	111	0
4945	112	0
4946	112	0
4947	111	0
4948	112	0
4949	111	0
4950	112	0
4951	112	0
4952	113	0
4953	112	0
4954	112	0
4955	112	0
4956	111	0
4957	110	0
4958	111	0
4959	112	0
4960	111	0
4961	112	0
4962	112	0
4963	111	0
4964	113	0
4965	112	0
4966	112	0
4967	112	0
4968	112	0
4969	112	0
4970	110	0
4971	111	0
4972	112	0
4973	110	0
4974	111	0
4975	112	0
4976	111	0
4977	112	0
4978	112	0
4979	112	0
4980	112	0
4981	112	0
4982	112	0
4983	111	0
4984	111	0
4985	112	0
4986	112	0
4987	111	0
4988	113	0
4989	111	0
4990	113	0
4991	112	0
4992	112	0
4993	112	0
4994	112	0
4995	112	0
4996	112	0
4997	111	0
4998	112	0
4999	112	0
5000	112	0
5001	112	0
5002	112	0
5003	112	0
5004	111	0
5005	111	0
5006	111	0
5007	112	0
5008	111	0
5009	112	0
5010	111	0
5011	112	0
5012	112	0
5013	113	0
5014	113	0
5015	111	0
5016	113	0
5017	111	0
5018	111	0
5019	112	0
5020	113	0
5021	113	0
5022	113	0
5023	112	0
5024	112	0
5025	110	0
5026	112	0
5027	111	0
5028	112	0
5029	112	0
5030	113	0
5031	113	0
5032	112	0
5033	112	0
5034	112	0
5035	111	0
5036	111	0
5037	112	0
5038	110	0
5039	112	0
5040	112	0
5041	111	0
5042	113	0
5043	112	0
5044	113	0
5045	112	0
5046	112	0
5047	113	0
5048	111	0
5049	112	0
5050	112	0
5051	112	0
5052	112	0
5053	112	0
5054	113	0
5055	112	0
5056	111	0
5057	110	0
5058	111	0
5059	112	0
5060	112	0
5061	112	0
5062	111	0
5063	112	0
5064	112	0
5065	113	0
5066	112	0
5067	112	0
5068	113	0
5069	111	0
5070	112	0
5071	112	0
5072	111	0
5073	112	0
5074	112	0
5075	113	0
5076	112	0
5077	112	0
5078	113	0
5079	112	0
5080	111	0
5081	111	0
5082	112	0
5083	112	0
5084	112	0
5085	113	0
5086	110	0
5087	113	0
5088	112	0
5089	112	0
5090	112	0
5091	112	0
5092	112	0
5093	112	0
5094	111	0
5095	111	0
5096	110	0
5097	112	0
5098	111	0
5099	112	0
5100	113	0
5101	112	0
5102	112	0
5103	113	0
5104	113	0
5105	111	0
5106	111	0
5107	111	0
5108	112	0
5109	111	0
5110	111	0
5111	112	0
5112	111	0
5113	112	0
5114	112	0
5115	110	0
5116	113	0
5117	112	0
5118	113	0
5119	112	0
5120	113	0
5121	113	0
5122	112	0
5123	112	0
5124	112	0
5125	112	0
5126	111	0
5127	111	0
5128	112	0
5129	111	0
5130	112	0
5131	113	0
5132	111	0
5133	112	0
5134	112	0
5135	113	0
5136	112	0
5137	112	0
5138	113	0
5139	112	0
5140	111	0
5141	112	0
5142	111	0
5143	112	0
5144	112	0
5145	112	0
5146	112	0
5147	113	0
5148	113	0
5149	112	0
5150	112	0
5151	111	0
5152	111	0
5153	111	0
5154	111	0
5155	110	0
5156	112	0
5157	112	0
5158	112	0
5159	112	0
5160	111	0
5161	113	0
5162	112	0
5163	112	0
5164	111	0
5165	112	0
5166	112	0
5167	112	0
5168	111	0
5169	112	0
5170	113	0
5171	111	0
5172	112	0
5173	113	0
5174	112	0
5175	112	0
5176	112	0
5177	113	0
5178	111	0
5179	111	0
5180	112	0
5181	111	0
5182	111	0
5183	112	0
5184	112	0
5185	113	0
5186	112	0
5187	111	0
5188	112	0
5189	112	0
5190	112	0
5191	113	0
5192	112	0
5193	113	0
5194	111	0
5195	111	0
5196	111	0
5197	112	0
5198	111	0
5199	112	0
5200	113	0
5201	111	0
5202	113	0
5203	112	0
5204	113	0
5205	113	0
5206	113	0
5207	113	0
5208	111	0
5209	112	0
5210	111	0
5211	112	0
5212	112	0
5213	112	0
5214	112	0
5215	111	0
5216	112	0
5217	111	0
5218	112	0
5219	112	0
5220	112	0
5221	113	0
5222	111	0
5223	112	0
5224	112	0
5225	111	0
5226	112	0
5227	113	0
5228	113	0
5229	112	0
5230	113	0
5231	112	0
5232	113	0
5233	113	0
5234	113	0
5235	113	0
5236	112	0
5237	113	0
5238	112	0
5239	112	0
5240	112	0
5241	112	0
5242	112	0
5243	111	0
5244	111	0
5245	111	0
5246	111	0
5247	112	0
5248	113	0
5249	111	0
5250	112	0
5251	111	0
5252	112	0
5253	113	0
5254	112	0
5255	112	0
5256	112	0
5257	112	0
5258	112	0
5259	111	0
5260	111	0
5261	110	0
5262	111	0
5263	111	0
5264	112	0
5265	112	0
5266	112	0
5267	112	0
5268	111	0
5269	112	0
5270	110	0
5271	112	0
5272	112	0
5273	112	0
5274	112	0
5275	112	0
5276	112	0
5277	110	0
5278	111	0
5279	112	0
5280	110	0
5281	110	0
5282	110	0
5283	110	0
5284	110	0
5285	111	0
5286	110	0
5287	110	0
5288	110	0
5289	110	0
5290	111	0
5291	111	0
5292	111	0
5293	110	0
5294	111	0
5295	112	0
5296	111	0
5297	111	0
5298	113	0
5299	112	0
5300	112	0
5301	113	0
5302	112	0
5303	113	0
5304	112	0
5305	112	0
5306	112	0
5307	111	0
5308	112	0
5309	112	0
5310	111	0
5311	112	0
5312	112	0
5313	113	0
5314	113	0
5315	113	0
5316	113	0
5317	111	0
5318	111	0
5319	111	0
5320	112	0
5321	110	0
5322	112	0
5323	112	0
5324	112	0
5325	113	0
5326	112	0
5327	113	0
5328	112	0
5329	112	0
5330	112	0
5331	112	0
5332	112	0
5333	111	0
5334	112	0
5335	111	0
5336	111	0
5337	112	0
5338	113	0
5339	112	0
5340	113	0
5341	111	0
5342	112	0
5343	111	0
5344	112	0
5345	111	0
5346	112	0
5347	113	0
5348	113	0
5349	112	0
5350	112	0
5351	112	0
5352	112	0
5353	111	0
5354	112	0
5355	111	0
5356	110	0
5357	112	0
5358	113	0
5359	113	0
5360	112	0
5361	112	0
5362	113	0
5363	112	0
5364	112	0
5365	111	0
5366	111	0
5367	112	0
5368	112	0
5369	110	0
5370	112	0
5371	111	0
5372	113	0
5373	112	0
5374	113	0
5375	112	0
5376	113	0
5377	112	0
5378	111	0
5379	112	0
5380	111	0
5381	111	0
5382	112	0
5383	112	0
5384	112	0
5385	113	0
5386	111	0
5387	112	0
5388	111	0
5389	111	0
5390	112	0
5391	112	0
5392	113	0
5393	113	0
5394	111	0
5395	113	0
5396	112	0
5397	112	0
5398	112	0
5399	112	0
5400	111	0
5401	111	0
5402	111	0
5403	111	0
5404	112	0
5405	113	0
5406	111	0
5407	112	0
5408	110	0
5409	112	0
5410	111	0
5411	112	0
5412	113	0
5413	112	0
5414	112	0
5415	112	0
5416	113	0
5417	112	0
5418	112	0
5419	112	0
5420	112	0
5421	111	0
5422	112	0
5423	112	0
5424	111	0
5425	111	0
5426	112	0
5427	113	0
5428	111	0
5429	113	0
5430	112	0
5431	113	0
5432	112	0
5433	112	0
5434	113	0
5435	112	0
5436	111	0
5437	112	0
5438	112	0
5439	112	0
5440	112	0
5441	112	0
5442	112	0
5443	110	0
5444	111	0
5445	111	0
5446	112	0
5447	111	0
5448	112	0
5449	112	0
5450	112	0
5451	113	0
5452	112	0
5453	113	0
5454	111	0
5455	111	0
5456	113	0
5457	111	0
5458	111	0
5459	112	0
5460	112	0
5461	113	0
5462	112	0
5463	111	0
5464	113	0
5465	112	0
5466	113	0
5467	113	0
5468	113	0
5469	113	0
5470	112	0
5471	112	0
5472	112	0
5473	112	0
5474	111	0
5475	112	0
5476	112	0
5477	112	0
5478	112	0
5479	113	0
5480	112	0
5481	112	0
5482	111	0
5483	112	0
5484	111	0
5485	111	0
5486	112	0
5487	113	0
5488	113	0
5489	113	0
5490	111	0
5491	112	0
5492	111	0
5493	111	0
5494	112	0
5495	113	0
5496	112	0
5497	113	0
5498	111	0
5499	113	0
5500	111	0
5501	112	0
5502	112	0
5503	112	0
5504	112	0
5505	112	0
5506	113	0
5507	112	0
5508	111	0
5509	111	0
5510	112	0
5511	112	0
5512	111	0
5513	113	0
5514	110	0
5515	112	0
5516	112	0
5517	113	0
5518	113	0
5519	112	0
5520	112	0
5521	111	0
5522	112	0
5523	111	0
5524	111	0
5525	112	0
5526	113	0
5527	112	0
5528	113	0
5529	112	0
5530	112	0
5531	111	0
5532	112	0
5533	112	0
5534	112	0
5535	112	0
5536	112	0
5537	112	0
5538	111	0
5539	111	0
5540	112	0
5541	111	0
5542	111	0
5543	112	0
5544	111	0
5545	113	0
5546	113	0
5547	111	0
5548	112	0
5549	112	0
5550	112	0
5551	112	0
5552	112	0
5553	113	0
5554	112	0
5555	111	0
5556	112	0
5557	111	0
5558	111	0
5559	112	0
5560	112	0
5561	113	0
5562	113	0
5563	111	0
5564	113	0
5565	111	0
5566	112	0
5567	111	0
5568	112	0
5569	112	0
5570	112	0
5571	113	0
5572	112	0
5573	112	0
5574	112	0
5575	112	0
5576	112	0
5577	111	0
5578	112	0
5579	112	0
5580	112	0
5581	112	0
5582	112	0
5583	112	0
5584	112	0
5585	111	0
5586	112	0
5587	111	0
5588	111	0
5589	112	0
5590	111	0
5591	113	0
5592	113	0
5593	112	0
5594	113	0
5595	113	0
5596	113	0
5597	111	0
5598	111	0
5599	111	0
5600	111	0
5601	112	0
5602	112	0
5603	112	0
5604	112	0
5605	112	0
5606	112	0
5607	112	0
5608	112	0
5609	111	0
5610	112	0
5611	111	0
5612	112	0
5613	112	0
5614	113	0
5615	113	0
5616	113	0
5617	112	0
5618	112	0
5619	111	0
5620	112	0
5621	111	0
5622	113	0
5623	113	0
5624	112	0
5625	113	0
5626	112	0
5627	113	0
5628	111	0
5629	112	0
5630	113	0
5631	112	0
5632	111	0
5633	112	0
5634	113	0
5635	112	0
5636	112	0
5637	112	0
5638	112	0
5639	112	0
5640	111	0
5641	111	0
5642	112	0
5643	111	0
5644	111	0
5645	113	0
5646	111	0
5647	112	0
5648	113	0
5649	112	0
5650	112	0
5651	112	0
5652	113	0
5653	111	0
5654	111	0
5655	112	0
5656	112	0
5657	112	0
5658	113	0
5659	111	0
5660	112	0
5661	111	0
5662	111	0
5663	113	0
5664	113	0
5665	113	0
5666	113	0
5667	112	0
5668	113	0
5669	112	0
5670	113	0
5671	112	0
5672	113	0
5673	113	0
5674	113	0
5675	112	0
5676	113	0
5677	113	0
5678	113	0
5679	112	0
5680	112	0
5681	112	0
5682	113	0
5683	112	0
5684	112	0
5685	111	0
5686	112	0
5687	111	0
5688	112	0
5689	112	0
5690	112	0
5691	113	0
5692	113	0
5693	113	0
5694	111	0
5695	112	0
5696	112	0
5697	112	0
5698	112	0
5699	112	0
5700	113	0
5701	111	0
5702	112	0
5703	111	0
5704	110	0
5705	112	0
5706	112	0
5707	112	0
5708	113	0
5709	123	0
5710	149	0
5711	173	0
5712	191	0
5713	203	0
5714	207	0
5715	201	0
5716	184	0
5717	160	0
5718	132	0
5719	101	0
5720	74	0
5721	54	0
5722	46	0
5723	45	0
5724	47	0
5725	49	0
5726	52	0
5727	64	0
5728	91	0
5729	118	0
5730	122	0
5731	116	0
5732	115	0
5733	114	0
5734	113	0
5735	112	0
5736	113	0
5737	112	0
5738	112	0
5739	110	0
5740	111	0
5741	112	0
5742	112	0
5743	111	0
5744	113	0
5745	111	0
5746	113	0
5747	112	0
5748	112	0
5749	112	0
5750	112	0
5751	112	0
5752	110	0
5753	111	0
5754	111	0
5755	111	0
5756	111	0
5757	112	0
5758	111	0
5759	110	0
5760	112	0
5761	111	0
5762	113	0
5763	112	0
5764	111	0
5765	112	0
5766	111	0
5767	111	0
5768	112	0
5769	112	0
5770	112	0
5771	112	0
5772	111	0
5773	112	0
5774	110	0
5775	112	0
5776	111	0
5777	113	0
5778	112	0
5779	112	0
5780	113	0
5781	112	0
5782	112	0
5783	112	0
5784	111	0
5785	112	0
5786	112	0
5787	111	0
5788	112	0
5789	112	0
5790	112	0
5791	112	0
5792	112	0
5793	112	0
5794	111	0
5795	111	0
5796	111	0
5797	112	0
5798	111	0
5799	111	0
5800	112	0
5801	111	0
5802	113	0
5803	112	0
5804	112	0
5805	112	0
5806	112	0
5807	113	0
5808	111	0
5809	111	0
5810	112	0
5811	113	0
5812	112	0
5813	113	0
5814	112	0
5815	112	0
5816	111	0
5817	112	0
5818	112	0
5819	111	0
5820	111	0
5821	112	0
5822	113	0
5823	112	0
5824	113	0
5825	111	0
5826	112	0
5827	111	0
5828	112	0
5829	112	0
5830	112	0
5831	113	0
5832	111	0
5833	113	0
5834	111	0
5835	112	0
5836	112	0
5837	111	0
5838	113	0
5839	112	0
5840	112	0
5841	112	0
5842	112	0
5843	112	0
5844	111	0
5845	111	0
5846	111	0
5847	111	0
5848	110	0
5849	112	0
5850	111	0
5851	112	0
5852	112	0
5853	112	0
5854	113	0
5855	111	0
5856	112	0
5857	110	0
5858	112	0
5859	112	0
5860	111	0
5861	113	0
5862	112	0
5863	112	0
5864	111	0
5865	113	0
5866	112	0
5867	112	0
5868	112	0
5869	113	0
5870	112	0
5871	112	0
5872	111	0
5873	112	0
5874	112	0
5875	112	0
5876	112	0
5877	113	0
5878	112	0
5879	111	0
5880	112	0
5881	111	0
5882	111	0
5883	111	0
5884	113	0
5885	113	0
5886	113	0
5887	112	0
5888	111	0
5889	113	0
5890	112	0
5891	112	0
5892	112	0
5893	112	0
5894	113	0
5895	112	0
5896	111	0
5897	112	0
5898	112	0
5899	112	0
5900	112	0
5901	112	0
5902	112	0
5903	111	0
5904	111	0
5905	111	0
5906	111	0
5907	111	0
5908	112	0
5909	110	0
5910	111	0
5911	112	0
5912	112	0
5913	112	0
5914	113	0
5915	111	0
5916	112	0
5917	111	0
5918	112	0
5919	113	0
5920	112	0
5921	113	0
5922	113	0
5923	113	0
5924	112	0
5925	112	0
5926	112	0
5927	111	0
5928	111	0
5929	112	0
5930	111	0
5931	110	0
5932	112	0
5933	111	0
5934	113	0
5935	113	0
5936	111	0
5937	112	0
5938	112	0
5939	113	0
5940	113	0
5941	112	0
5942	113	0
5943	111	0
5944	111	0
5945	112	0
5946	113	0
5947	112	0
5948	112	0
5949	112	0
5950	113	0
5951	113	0
5952	112	0
5953	112	0
5954	111	0
5955	111	0
5956	110	0
5957	112	0
5958	111	0
5959	112	0
5960	112	0
5961	112	0
5962	113	0
5963	112	0
5964	112	0
5965	112	0
5966	112	0
5967	113	0
5968	112	0
5969	111	0
5970	112	0
5971	111	0
5972	111	0
5973	112	0
5974	112	0
5975	113	0
5976	112	0
5977	111	0
5978	112	0
5979	111	0
5980	112	0
5981	112	0
5982	112	0
5983	113	0
5984	113	0
5985	112	0
5986	112	0
5987	112	0
5988	112	0
5989	112	0
5990	112	0
5991	112	0
5992	112	0
5993	111	0
5994	112	0
5995	111	0
5996	111	0
5997	112	0
5998	113	0
5999	113	0
6000	112	0
6001	111	0
6002	112	0
6003	111	0
6004	112	0
6005	111	0
6006	112	0
6007	113	0
6008	112	0
6009	113	0
6010	112	0
6011	113	0
6012	112	0
6013	111	0
6014	112	0
6015	113	0
6016	113	0
6017	112	0
6018	112	0
6019	113	0
6020	112	0
6021	112	0
6022	112	0
6023	112	0
6024	112	0
6025	111	0
6026	111	0
6027	111	0
6028	112	0
6029	111	0
6030	113	0
6031	112	0
6032	111	0
6033	113	0
6034	112	0
6035	112	0
6036	113	0
6037	113	0
6038	113	0
6039	112	0
6040	113	0
6041	111	0
6042	111	0
6043	112	0
6044	112	0
6045	112	0
6046	112	0
6047	112	0
6048	112	0
6049	111	0
6050	111	0
6051	111	0
6052	112	0
6053	112	0
6054	113	0
6055	112	0
6056	112	0
6057	113	0
6058	112	0
6059	112	0
6060	112	0
6061	112	0
6062	112	0
6063	112	0
6064	112	0
6065	111	0
6066	112	0
6067	112	0
6068	112	0
6069	113	0
6070	113	0
6071	112	0
6072	112	0
6073	111	0
6074	111	0
6075	112	0
6076	112	0
6077	112	0
6078	113	0
6079	112	0
6080	113	0
6081	111	0
6082	111	0
6083	112	0
6084	112	0
6085	112	0
6086	113	0
6087	111	0
6088	113	0
6089	111	0
6090	112	0
6091	112	0
6092	112	0
6093	113	0
6094	112	0
6095	113	0
6096	112	0
6097	111	0
6098	110	0
6099	112	0
6100	112	0
6101	111	0
6102	112	0
6103	112	0
6104	112	0
6105	112	0
6106	112	0
6107	113	0
6108	110	0
6109	112	0
6110	112	0
6111	111	0
6112	113	0
6113	112	0
6114	112	0
6115	112	0
6116	113	0
6117	112	0
6118	112	0
6119	111	0
6120	112	0
6121	112	0
6122	113	0
6123	113	0
6124	113	0
6125	112	0
6126	112	0
6127	112	0
6128	111	0
6129	112	0
6130	112	0
6131	112	0
6132	112	0
6133	113	0
6134	113	0
6135	112	0
6136	112	0
6137	111	0
6138	113	0
6139	110	0
6140	112	0
6141	113	0
6142	112	0
6143	113	0
6144	113	0
6145	112	0
6146	112	0
6147	111	0
6148	112	0
6149	111	0
6150	111	0
6151	112	0
6152	113	0
6153	112	0
6154	113	0
6155	111	0
6156	112	0
6157	110	0
6158	112	0
6159	112	0
6160	112	0
6161	112	0
6162	112	0
6163	113	0
6164	112	0
6165	112	0
6166	111	0
6167	111	0
6168	112	0
6169	111	0
6170	110	0
6171	113	0
6172	111	0
6173	113	0
6174	112	0
6175	111	0
6176	113	0
6177	112	0
6178	112	0
6179	112	0
6180	112	0
6181	113	0
6182	112	0
6183	112	0
6184	113	0
6185	113	0
6186	112	0
6187	112	0
6188	112	0
6189	112	0
6190	112	0
6191	113	0
6192	112	0
6193	112	0
6194	113	0
6195	112	0
6196	112	0
6197	112	0
6198	111	0
6199	112	0
6200	112	0
6201	112	0
6202	112	0
6203	113	0
6204	112	0
6205	112	0
6206	111	0
6207	111	0
6208	112	0
6209	111	0
6210	112	0
6211	113	0
6212	112	0
6213	113	0
6214	112	0
6215	112	0
6216	112	0
6217	112	0
6218	112	0
6219	112	0
6220	112	0
6221	111	0
6222	112	0
6223	112	0
6224	113	0
6225	112	0
6226	112	0
6227	113	0
6228	111	0
6229	110	0
6230	110	0
6231	110	0
6232	110	0
6233	110	0
6234	110	0
6235	110	0
6236	110	0
6237	110	0
6238	111	0
6239	111	0
6240	111	0
6241	111	0
6242	112	0
6243	113	0
6244	112	0
6245	113	0
6246	112	0
6247	112	0
6248	112	0
6249	112	0
6250	112	0
6251	112	0
6252	112	0
6253	112	0
6254	111	0
6255	111	0
6256	112	0
6257	112	0
6258	111	0
6259	112	0
6260	112	0
6261	113	0
6262	113	0
6263	112	0
6264	113	0
6265	112	0
6266	113	0
6267	112	0
6268	111	0
6269	112	0
6270	111	0
6271	112	0
6272	112	0
6273	113	0
6274	113	0
6275	112	0
6276	113	0
6277	111	0
6278	112	0
6279	112	0
6280	112	0
6281	112	0
6282	112	0
6283	113	0
6284	112	0
6285	112	0
6286	111	0
6287	112	0
6288	112	0
6289	112	0
6290	111	0
6291	112	0
6292	112	0
6293	112	0
6294	113	0
6295	113	0
6296	113	0
6297	112	0
6298	112	0
6299	111	0
6300	112	0
6301	112	0
6302	112	0
6303	113	0
6304	112	0
6305	112	0
6306	112	0
6307	112	0
6308	112	0
6309	112	0
6310	112	0
6311	112	0
6312	112	0
6313	111	0
6314	111	0
6315	111	0
6316	111	0
6317	111	0
6318	113	0
6319	111	0
6320	111	0
6321	111	0
6322	112	0
6323	113	0
6324	112	0
6325	113	0
6326	112	0
6327	113	0
6328	112	0
6329	112	0
6330	113	0
6331	112	0
6332	112	0
6333	113	0
6334	112	0
6335	113	0
6336	113	0
6337	112	0
6338	112	0
6339	112	0
6340	112	0
6341	112	0
6342	111	0
6343	112	0
6344	112	0
6345	113	0
6346	113	0
6347	112	0
6348	112	0
6349	111	0
6350	112	0
6351	112	0
6352	112	0
6353	112	0
6354	112	0
6355	112	0
6356	112	0
6357	111	0
6358	112	0
6359	112	0
6360	112	0
6361	112	0
6362	112	0
6363	112	0
6364	112	0
6365	110	0
6366	111	0
6367	112	0
6368	112	0
6369	112	0
6370	113	0
6371	111	0
6372	112	0
6373	112	0
6374	112	0
6375	112	0
6376	112	0
6377	112	0
6378	112	0
6379	112	0
6380	112	0
6381	111	0
6382	112	0
6383	112	0
6384	112	0
6385	112	0
6386	112	0
6387	112	0
6388	111	0
6389	112	0
6390	111	0
6391	112	0
6392	112	0
6393	113	0
6394	113	0
6395	112	0
6396	112	0
6397	111	0
6398	113	0
6399	112	0
6400	112	0
6401	112	0
6402	113	0
6403	113	0
6404	112	0
6405	111	0
6406	111	0
6407	112	0
6408	113	0
6409	111	0
6410	112	0
6411	112	0
6412	113	0
6413	112	0
6414	113	0
6415	113	0
6416	111	0
6417	112	0
6418	112	0
6419	111	0
6420	113	0
6421	113	0
6422	112	0
6423	113	0
6424	113	0
6425	113	0
6426	112	0
6427	112	0
6428	112	0
6429	111	0
6430	112	0
6431	112	0
6432	112	0
6433	113	0
6434	112	0
6435	112	0
6436	112	0
6437	112	0
6438	112	0
6439	112	0
6440	112	0
6441	111	0
6442	111	0
6443	112	0
6444	112	0
6445	111	0
6446	113	0
6447	111	0
6448	112	0
6449	111	0
6450	112	0
6451	113	0
6452	112	0
6453	113	0
6454	113	0
6455	113	0
6456	112	0
6457	112	0
6458	112	0
6459	113	0
6460	111	0
6461	112	0
6462	111	0
6463	112	0
6464	112	0
6465	113	0
6466	113	0
6467	111	0
6468	113	0
6469	111	0
6470	111	0
6471	112	0
6472	112	0
6473	112	0
6474	112	0
6475	111	0
6476	113	0
6477	111	0
6478	112	0
6479	112	0
6480	113	0
6481	112	0
6482	113	0
6483	113	0
6484	112	0
6485	112	0
6486	112	0
6487	113	0
6488	112	0
6489	112	0
6490	111	0
6491	112	0
6492	112	0
6493	112	0
6494	113	0
6495	113	0
6496	113	0
6497	112	0
6498	113	0
6499	112	0
6500	112	0
6501	112	0
6502	112	0
6503	111	0
6504	112	0
6505	113	0
6506	112	0
6507	113	0
6508	113	0
6509	112	0
6510	111	0
6511	112	0
6512	112	0
6513	112	0
6514	112	0
6515	113	0
6516	113	0
6517	112	0
6518	111	0
6519	111	0
6520	112	0
6521	111	0
6522	112	0
6523	112	0
6524	111	0
6525	113	0
6526	112	0
6527	113	0
6528	112	0
6529	112	0
6530	113	0
6531	112	0
6532	112	0
6533	112	0
6534	112	0
6535	112	0
6536	113	0
6537	111	0
6538	111	0
6539	111	0
6540	111	0
6541	112	0
6542	112	0
6543	111	0
6544	112	0
6545	112	0
6546	112	0
6547	113	0
6548	113	0
6549	113	0
6550	112	0
6551	112	0
6552	112	0
6553	112	0
6554	112	0
6555	112	0
6556	111	0
6557	112	0
6558	113	0
6559	112	0
6560	112	0
6561	113	0
6562	113	0
6563	112	0
6564	112	0
6565	113	0
6566	112	0
6567	111	0
6568	112	0
6569	112	0
6570	112	0
6571	112	0
6572	113	0
6573	113	0
6574	113	0
6575	112	0
6576	111	0
6577	113	0
6578	112	0
6579	112	0
6580	113	0
6581	112	0
6582	113	0
6583	112	0
6584	112	0
6585	112	0
6586	111	0
6587	112	0
6588	112	0
6589	112	0
6590	112	0
6591	113	0
6592	112	0
6593	113	0
6594	112	0
6595	112	0
6596	113	0
6597	112	0
6598	112	0
6599	112	0
6600	112	0
6601	111	0
6602	113	0
6603	112	0
6604	112	0
6605	113	0
6606	113	0
6607	113	0
6608	112	0
6609	112	0
6610	113	0
6611	113	0
6612	112	0
6613	112	0
6614	111	0
6615	113	0
6616	111	0
6617	113	0
6618	113	0
6619	113	0
6620	114	0
6621	113	0
6622	114	0
6623	113	0
6624	113	0
6625	113	0
6626	112	0
6627	113	0
6628	113	0
6629	113	0
6630	112	0
6631	112	0
6632	113	0
6633	113	0
6634	112	0
6635	113	0
6636	112	0
6637	113	0
6638	112	0
6639	112	0
6640	112	0
6641	112	0
6642	112	0
6643	113	0
6644	110	0
6645	112	0
6646	112	0
6647	112	0
6648	112	0
6649	112	0
6650	113	0
6651	111	0
6652	113	0
6653	112	0
6654	111	0
6655	112	0
6656	112	0
6657	114	0
6658	132	0
6659	158	0
6660	181	0
6661	197	0
6662	206	0
6663	206	0
6664	196	0
6665	177	0
6666	152	0
6667	122	0
6668	92	0
6669	66	0
6670	51	0
6671	46	0
6672	46	0
6673	49	0
6674	50	0
6675	54	0
6676	73	0
6677	102	0
6678	124	0
6679	120	0
6680	115	0
6681	115	0
6682	114	0
6683	113	0
6684	113	0
6685	113	0
6686	112	0
6687	110	0
6688	112	0
6689	112	0
6690	111	0
6691	113	0
6692	112	0
6693	112	0
6694	111	0
6695	112	0
6696	112	0
6697	111	0
6698	112	0
6699	113	0
6700	112	0
6701	111	0
6702	112	0
6703	113	0
6704	112	0
6705	113	0
6706	113	0
6707	112	0
6708	111	0
6709	113	0
6710	111	0
6711	112	0
6712	112	0
6713	113	0
6714	112	0
6715	112	0
6716	113	0
6717	111	0
6718	111	0
6719	111	0
6720	111	0
6721	112	0
6722	112	0
6723	112	0
6724	112	0
6725	112	0
6726	112	0
6727	111	0
6728	111	0
6729	112	0
6730	112	0
6731	110	0
6732	112	0
6733	110	0
6734	113	0
6735	111	0
6736	112	0
6737	112	0
6738	112	0
6739	113	0
6740	111	0
6741	113	0
6742	111	0
6743	111	0
6744	112	0
6745	112	0
6746	112	0
6747	113	0
6748	110	0
6749	112	0
6750	111	0
6751	111	0
6752	111	0
6753	113	0
6754	112	0
6755	113	0
6756	113	0
6757	111	0
6758	113	0
6759	111	0
6760	112	0
6761	112	0
6762	112	0
6763	113	0
6764	112	0
6765	112	0
6766	111	0
6767	112	0
6768	112	0
6769	112	0
6770	112	0
6771	112	0
6772	112	0
6773	111	0
6774	112	0
6775	111	0
6776	111	0
6777	112	0
6778	113	0
6779	113	0
6780	113	0
6781	111	0
6782	113	0
6783	112	0
6784	111	0
6785	113	0
6786	113	0
6787	112	0
6788	113	0
6789	112	0
6790	112	0
6791	111	0
6792	112	0
6793	112	0
6794	112	0
6795	112	0
6796	112	0
6797	112	0
6798	112	0
6799	111	0
6800	112	0
6801	112	0
6802	112	0
6803	112	0
6804	113	0
6805	113	0
6806	112	0
6807	112	0
6808	112	0
6809	112	0
6810	111	0
6811	112	0
6812	111	0
6813	111	0
6814	112	0
6815	113	0
6816	112	0
6817	113	0
6818	112	0
6819	113	0
6820	111	0
6821	112	0
6822	112	0
6823	112	0
6824	112	0
6825	113	0
6826	112	0
6827	112	0
6828	112	0
6829	112	0
6830	111	0
6831	112	0
6832	111	0
6833	112	0
6834	112	0
6835	113	0
6836	113	0
6837	112	0
6838	112	0
6839	111	0
6840	111	0
6841	112	0
6842	112	0
6843	111	0
6844	113	0
6845	111	0
6846	113	0
6847	112	0
6848	111	0
6849	113	0
6850	112	0
6851	113	0
6852	112	0
6853	113	0
6854	112	0
6855	111	0
6856	112	0
6857	112	0
6858	112	0
6859	113	0
6860	113	0
6861	113	0
6862	111	0
6863	112	0
6864	112	0
6865	111	0
6866	113	0
6867	112	0
6868	112	0
6869	112	0
6870	112	0
6871	112	0
6872	112	0
6873	111	0
6874	112	0
6875	112	0
6876	112	0
6877	112	0
6878	112	0
6879	112	0
6880	112	0
6881	111	0
6882	111	0
6883	111	0
6884	112	0
6885	111	0
6886	112	0
6887	112	0
6888	112	0
6889	113	0
6890	112	0
6891	112	0
6892	112	0
6893	112	0
6894	111	0
6895	112	0
6896	112	0
6897	111	0
6898	112	0
6899	113	0
6900	113	0
6901	113	0
6902	112	0
6903	113	0
6904	112	0
6905	112	0
6906	112	0
6907	113	0
6908	112	0
6909	112	0
6910	112	0
6911	112	0
6912	112	0
6913	113	0
6914	112	0
6915	112	0
6916	111	0
6917	112	0
6918	112	0
6919	112	0
6920	112	0
6921	113	0
6922	113	0
6923	112	0
6924	112	0
6925	112	0
6926	113	0
6927	112	0
6928	113	0
6929	111	0
6930	111	0
6931	112	0
6932	113	0
6933	113	0
6934	112	0
6935	111	0
6936	112	0
6937	112	0
6938	112	0
6939	112	0
6940	113	0
6941	112	0
6942	111	0
6943	112	0
6944	111	0
6945	113	0
6946	113	0
6947	112	0
6948	113	0
6949	112	0
6950	113	0
6951	112	0
6952	111	0
6953	112	0
6954	113	0
6955	112	0
6956	112	0
6957	112	0
6958	113	0
6959	112	0
6960	112	0
6961	112	0
6962	112	0
6963	112	0
6964	112	0
6965	112	0
6966	110	0
6967	112	0
6968	112	0
6969	113	0
6970	113	0
6971	113	0
6972	113	0
6973	113	0
6974	113	0
6975	112	0
6976	112	0
6977	112	0
6978	113	0
6979	112	0
6980	112	0
6981	112	0
6982	111	0
6983	112	0
6984	112	0
6985	112	0
6986	112	0
6987	113	0
6988	113	0
6989	111	0
6990	112	0
6991	111	0
6992	112	0
6993	112	0
6994	112	0
6995	113	0
6996	112	0
6997	113	0
6998	112	0
6999	112	0
7000	112	0
7001	113	0
7002	112	0
7003	112	0
7004	112	0
7005	112	0
7006	112	0
7007	111	0
7008	111	0
7009	112	0
7010	113	0
7011	111	0
7012	113	0
7013	111	0
7014	112	0
7015	112	0
7016	113	0
7017	113	0
7018	112	0
7019	113	0
7020	111	0
7021	111	0
7022	112	0
7023	113	0
7024	112	0
7025	112	0
7026	112	0
7027	112	0
7028	112	0
7029	112	0
7030	112	0
7031	112	0
7032	112	0
7033	112	0
7034	112	0
7035	112	0
7036	112	0
7037	111	0
7038	111	0
7039	112	0
7040	112	0
7041	111	0
7042	113	0
7043	112	0
7044	113	0
7045	112	0
7046	112	0
7047	112	0
7048	111	0
7049	112	0
7050	112	0
7051	112	0
7052	112	0
7053	113	0
7054	113	0
7055	111	0
7056	113	0
7057	112	0
7058	112	0
7059	112	0
7060	113	0
7061	112	0
7062	112	0
7063	113	0
7064	112	0
7065	113	0
7066	112	0
7067	112	0
7068	112	0
7069	113	0
7070	112	0
7071	112	0
7072	112	0
7073	111	0
7074	112	0
7075	112	0
7076	112	0
7077	113	0
7078	112	0
7079	113	0
7080	111	0
7081	110	0
7082	111	0
7083	112	0
7084	112	0
7085	113	0
7086	112	0
7087	112	0
7088	113	0
7089	112	0
7090	112	0
7091	112	0
7092	112	0
7093	112	0
7094	112	0
7095	112	0
7096	111	0
7097	110	0
7098	111	0
7099	112	0
7100	112	0
7101	113	0
7102	113	0
7103	112	0
7104	112	0
7105	112	0
7106	112	0
7107	112	0
7108	112	0
7109	111	0
7110	112	0
7111	112	0
7112	111	0
7113	113	0
7114	112	0
7115	112	0
7116	113	0
7117	112	0
7118	113	0
7119	112	0
7120	113	0
7121	112	0
7122	111	0
7123	111	0
7124	113	0
7125	112	0
7126	111	0
7127	113	0
7128	112	0
7129	112	0
7130	112	0
7131	113	0
7132	113	0
7133	112	0
7134	113	0
7135	112	0
7136	113	0
7137	112	0
7138	112	0
7139	113	0
7140	113	0
7141	112	0
7142	113	0
7143	112	0
7144	112	0
7145	111	0
7146	113	0
7147	112	0
7148	112	0
7149	113	0
7150	112	0
7151	112	0
7152	112	0
7153	112	0
7154	112	0
7155	113	0
7156	112	0
7157	112	0
7158	112	0
7159	112	0
7160	112	0
7161	113	0
7162	111	0
7163	112	0
7164	112	0
7165	112	0
7166	113	0
7167	112	0
7168	113	0
7169	112	0
7170	113	0
7171	112	0
7172	112	0
7173	112	0
7174	112	0
7175	112	0
7176	112	0
7177	111	0
7178	110	0
7179	111	0
7180	110	0
7181	110	0
7182	110	0
7183	110	0
7184	110	0
7185	110	0
7186	110	0
7187	110	0
7188	112	0
7189	112	0
7190	112	0
7191	111	0
7192	111	0
7193	113	0
7194	111	0
7195	112	0
7196	113	0
7197	112	0
7198	113	0
7199	112	0
7200	113	0
7201	112	0
7202	112	0
7203	113	0
7204	112	0
7205	113	0
7206	112	0
7207	112	0
7208	112	0
7209	112	0
7210	112	0
7211	112	0
7212	112	0
7213	111	0
7214	112	0
7215	112	0
7216	113	0
7217	112	0
7218	112	0
7219	113	0
7220	112	0
7221	112	0
7222	111	0
7223	112	0
7224	112	0
7225	112	0
7226	112	0
7227	113	0
7228	113	0
7229	111	0
7230	112	0
7231	111	0
7232	113	0
7233	112	0
7234	113	0
7235	112	0
7236	113	0
7237	112	0
7238	112	0
7239	112	0
7240	112	0
7241	112	0
7242	112	0
7243	111	0
7244	111	0
7245	112	0
7246	112	0
7247	112	0
7248	112	0
7249	111	0
7250	113	0
7251	111	0
7252	111	0
7253	111	0
7254	113	0
7255	112	0
7256	113	0
7257	113	0
7258	112	0
7259	113	0
7260	111	0
7261	112	0
7262	112	0
7263	112	0
7264	113	0
7265	113	0
7266	113	0
7267	111	0
7268	112	0
7269	112	0
7270	112	0
7271	113	0
7272	112	0
7273	113	0
7274	112	0
7275	112	0
7276	111	0
7277	113	0
7278	111	0
7279	112	0
7280	112	0
7281	113	0
7282	113	0
7283	113	0
7284	112	0
7285	112	0
7286	112	0
7287	112	0
7288	112	0
7289	112	0
7290	111	0
7291	111	0
7292	112	0
7293	112	0
7294	112	0
7295	112	0
7296	112	0
7297	113	0
7298	111	0
7299	111	0
7300	111	0
7301	111	0
7302	112	0
7303	111	0
7304	112	0
7305	113	0
7306	112	0
7307	113	0
7308	112	0
7309	113	0
7310	112	0
7311	113	0
7312	112	0
7313	112	0
7314	112	0
7315	113	0
7316	111	0
7317	111	0
7318	111	0
7319	111	0
7320	112	0
7321	113	0
7322	112	0
7323	113	0
7324	112	0
7325	113	0
7326	112	0
7327	111	0
7328	111	0
7329	112	0
7330	112	0
7331	111	0
7332	113	0
7333	111	0
7334	113	0
7335	112	0
7336	113	0
7337	113	0
7338	113	0
7339	113	0
7340	111	0
7341	112	0
7342	112	0
7343	112	0
7344	112	0
7345	112	0
7346	113	0
7347	111	0
7348	112	0
7349	112	0
7350	112	0
7351	113	0
7352	112	0
7353	112	0
7354	113	0
7355	112	0
7356	111	0
7357	112	0
7358	112	0
7359	112	0
7360	112	0
7361	112	0
7362	112	0
7363	111	0
7364	112	0
7365	111	0
7366	112	0
7367	112	0
7368	113	0
7369	113	0
7370	112	0
7371	113	0
7372	112	0
7373	112	0
7374	112	0
7375	112	0
7376	111	0
7377	111	0
7378	112	0
7379	112	0
7380	111	0
7381	113	0
7382	111	0
7383	113	0
7384	112	0
7385	113	0
7386	113	0
7387	111	0
7388	113	0
7389	112	0
7390	112	0
7391	112	0
7392	113	0
7393	113	0
7394	112	0
7395	112	0
7396	112	0
7397	112	0
7398	112	0
7399	113	0
7400	111	0
7401	111	0
7402	111	0
7403	112	0
7404	111	0
7405	113	0
7406	113	0
7407	111	0
7408	113	0
7409	113	0
7410	112	0
7411	113	0
7412	112	0
7413	113	0
7414	112	0
7415	112	0
7416	112	0
7417	112	0
7418	112	0
7419	110	0
7420	111	0
7421	111	0
7422	112	0
7423	112	0
7424	113	0
7425	113	0
7426	112	0
7427	113	0
7428	112	0
7429	113	0
7430	112	0
7431	112	0
7432	111	0
7433	112	0
7434	111	0
7435	113	0
7436	112	0
7437	112	0
7438	112	0
7439	113	0
7440	112	0
7441	112	0
7442	112	0
7443	112	0
7444	112	0
7445	112	0
7446	112	0
7447	112	0
7448	112	0
7449	112	0
7450	111	0
7451	111	0
7452	111	0
7453	111	0
7454	111	0
7455	112	0
7456	112	0
7457	112	0
7458	113	0
7459	111	0
7460	112	0
7461	111	0
7462	112	0
7463	113	0
7464	113	0
7465	113	0
7466	113	0
7467	112	0
7468	112	0
7469	111	0
7470	112	0
7471	112	0
7472	111	0
7473	111	0
7474	112	0
7475	112	0
7476	112	0
7477	112	0
7478	112	0
7479	112	0
7480	112	0
7481	112	0
7482	112	0
7483	112	0
7484	111	0
7485	110	0
7486	112	0
7487	112	0
7488	112	0
7489	113	0
7490	112	0
7491	113	0
7492	112	0
7493	112	0
7494	111	0
7495	112	0
7496	112	0
7497	112	0
7498	112	0
7499	112	0
7500	113	0
7501	112	0
7502	112	0
7503	111	0
7504	112	0
7505	113	0
7506	112	0
7507	113	0
7508	112	0
7509	113	0
7510	112	0
7511	112	0
7512	112	0
7513	113	0
7514	113	0
7515	112	0
7516	112	0
7517	113	0
7518	113	0
7519	112	0
7520	112	0
7521	112	0
7522	113	0
7523	112	0
7524	113	0
7525	112	0
7526	112	0
7527	113	0
7528	112	0
7529	111	0
7530	112	0
7531	111	0
7532	112	0
7533	113	0
7534	112	0
7535	112	0
7536	113	0
7537	113	0
7538	112	0
7539	112	0
7540	111	0
7541	112	0
7542	112	0
7543	113	0
7544	112	0
7545	113	0
7546	112	0
7547	112	0
7548	112	0
7549	113	0
7550	112	0
7551	112	0
7552	112	0
7553	112	0
7554	113	0
7555	111	0
7556	112	0
7557	112	0
7558	113	0
7559	113	0
7560	113	0
7561	112	0
7562	111	0
7563	112	0
7564	112	0
7565	112	0
7566	113	0
7567	113	0
7568	112	0
7569	113	0
7570	112	0
7571	112	0
7572	113	0
7573	113	0
7574	113	0
7575	113	0
7576	113	0
7577	113	0
7578	113	0
7579	112	0
7580	112	0
7581	112	0
7582	112	0
7583	111	0
7584	113	0
7585	112	0
7586	112	0
7587	112	0
7588	113	0
7589	112	0
7590	112	0
7591	111	0
7592	112	0
7593	111	0
7594	111	0
7595	112	0
7596	113	0
7597	113	0
7598	113	0
7599	110	0
7600	113	0
7601	111	0
7602	111	0
7603	111	0
7604	112	0
7605	113	0
7606	112	0
7607	113	0
7608	112	0
7609	128	0
7610	153	0
7611	177	0
7612	194	0
7613	205	0
7614	207	0
7615	198	0
7616	181	0
7617	157	0
7618	127	0
7619	97	0
7620	70	0
7621	52	0
7622	46	0
7623	46	0
7624	49	0
7625	49	0
7626	52	0
7627	68	0
7628	96	0
7629	121	0
7630	121	0
7631	116	0
7632	115	0
7633	113	0
7634	113	0
7635	113	0
7636	112	0
7637	112	0
7638	112	0
7639	112	0
7640	112	0
7641	111	0
7642	112	0
7643	111	0
7644	110	0
7645	111	0
7646	111	0
7647	112	0
7648	112	0
7649	111	0
7650	113	0
7651	112	0
7652	113	0
7653	112	0
7654	112	0
7655	112	0
7656	112	0
7657	111	0
7658	111	0
7659	112	0
7660	111	0
7661	112	0
7662	113	0
7663	111	0
7664	112	0
7665	112	0
7666	112	0
7667	113	0
7668	112	0
7669	113	0
7670	111	0
7671	111	0
7672	111	0
7673	110	0
7674	111	0
7675	112	0
7676	112	0
7677	111	0
7678	112	0
7679	112	0
7680	112	0
7681	113	0
7682	112	0
7683	113	0
7684	112	0
7685	112	0
7686	112	0
7687	112	0
7688	111	0
7689	112	0
7690	111	0
7691	112	0
7692	112	0
7693	113	0
7694	113	0
7695	112	0
7696	112	0
7697	112	0
7698	112	0
7699	112	0
7700	111	0
7701	111	0
7702	111	0
7703	112	0
7704	111	0
7705	113	0
7706	112	0
7707	111	0
7708	113	0
7709	112	0
7710	113	0
7711	113	0
7712	112	0
7713	113	0
7714	112	0
7715	112	0
7716	111	0
7717	111	0
7718	111	0
7719	111	0
7720	112	0
7721	113	0
7722	111	0
7723	112	0
7724	112	0
7725	112	0
7726	113	0
7727	112	0
7728	113	0
7729	112	0
7730	111	0
7731	112	0
7732	112	0
7733	112	0
7734	112	0
7735	113	0
7736	112	0
7737	111	0
7738	112	0
7739	112	0
7740	112	0
7741	111	0
7742	113	0
7743	112	0
7744	112	0
7745	112	0
7746	112	0
7747	113	0
7748	111	0
7749	112	0
7750	111	0
7751	112	0
7752	112	0
7753	112	0
7754	112	0
7755	112	0
7756	113	0
7757	112	0
7758	112	0
7759	112	0
7760	112	0
7761	112	0
7762	112	0
7763	111	0
7764	112	0
7765	111	0
7766	112	0
7767	112	0
7768	113	0
7769	113	0
7770	112	0
7771	112	0
7772	112	0
7773	112	0
7774	112	0
7775	112	0
7776	111	0
7777	112	0
7778	111	0
7779	112	0
7780	112	0
7781	113	0
7782	112	0
7783	113	0
7784	112	0
7785	112	0
7786	112	0
7787	113	0
7788	111	0
7789	111	0
7790	112	0
7791	112	0
7792	112	0
7793	112	0
7794	110	0
7795	113	0
7796	112	0
7797	111	0
7798	113	0
7799	113	0
7800	112	0
7801	113	0
7802	112	0
7803	113	0
7804	112	0
7805	112	0
7806	112	0
7807	111	0
7808	112	0
7809	112	0
7810	112	0
7811	112	0
7812	112	0
7813	112	0
7814	111	0
7815	112	0
7816	111	0
7817	112	0
7818	113	0
7819	113	0
7820	112	0
7821	113	0
7822	112	0
7823	112	0
7824	112	0
7825	112	0
7826	112	0
7827	112	0
7828	111	0
7829	111	0
7830	112	0
7831	112	0
7832	112	0
7833	112	0
7834	112	0
7835	112	0
7836	112	0
7837	111	0
7838	112	0
7839	111	0
7840	112	0
7841	113	0
7842	113	0
7843	112	0
7844	112	0
7845	112	0
7846	112	0
7847	111	0
7848	112	0
7849	112	0
7850	112	0
7851	112	0
7852	113	0
7853	113	0
7854	112	0
7855	111	0
7856	110	0
7857	111	0
7858	111	0
7859	112	0
7860	112	0
7861	112	0
7862	113	0
7863	111	0
7864	112	0
7865	112	0
7866	112	0
7867	113	0
7868	113	0
7869	112	0
7870	112	0
7871	111	0
7872	112	0
7873	111	0
7874	111	0
7875	112	0
7876	113	0
7877	113	0
7878	112	0
7879	111	0
7880	112	0
7881	112	0
7882	112	0
7883	113	0
7884	112	0
7885	112	0
7886	111	0
7887	112	0
7888	113	0
7889	112	0
7890	112	0
7891	112	0
7892	112	0
7893	112	0
7894	112	0
7895	112	0
7896	111	0
7897	112	0
7898	111	0
7899	112	0
7900	112	0
7901	113	0
7902	113	0
7903	112	0
7904	112	0
7905	111	0
7906	111	0
7907	112	0
7908	112	0
7909	111	0
7910	112	0
7911	112	0
7912	112	0
7913	112	0
7914	112	0
7915	113	0
7916	112	0
7917	110	0
7918	112	0
7919	111	0
7920	112	0
7921	112	0
7922	112	0
7923	113	0
7924	113	0
7925	112	0
7926	110	0
7927	111	0
7928	112	0
7929	111	0
7930	112	0
7931	113	0
7932	111	0
7933	113	0
7934	112	0
7935	112	0
7936	112	0
7937	112	0
7938	113	0
7939	111	0
7940	110	0
7941	112	0
7942	112	0
7943	112	0
7944	112	0
7945	112	0
7946	113	0
7947	110	0
7948	111	0
7949	112	0
7950	112	0
7951	111	0
7952	113	0
7953	111	0
7954	113	0
7955	112	0
7956	112	0
7957	112	0
7958	113	0
7959	112	0
7960	112	0
7961	111	0
7962	112	0
7963	112	0
7964	111	0
7965	112	0
7966	112	0
7967	112	0
7968	112	0
7969	112	0
7970	113	0
7971	111	0
7972	111	0
7973	111	0
7974	112	0
7975	111	0
7976	111	0
7977	111	0
7978	111	0
7979	112	0
7980	113	0
7981	112	0
7982	111	0
7983	111	0
7984	112	0
7985	112	0
7986	111	0
7987	113	0
7988	110	0
7989	113	0
7990	111	0
7991	113	0
7992	113	0
7993	111	0
7994	112	0
7995	112	0
7996	112	0
7997	112	0
7998	112	0
7999	113	0
