Oscilloscope data. 
Time step = 10,00 nS
Voltage step = 1,563 mV
Zero level = 94

N 	Smpl.	Trig

0	117	0
1	140	0
2	166	0
3	184	0
4	196	0
5	202	0
6	198	0
7	182	0
8	158	0
9	133	0
10	116	0
11	110	0
12	111	0
13	111	0
14	112	0
15	113	0
16	114	0
17	114	0
18	115	0
19	117	0
20	118	0
21	141	0
22	166	0
23	185	0
24	198	0
25	205	0
26	203	0
27	187	0
28	162	0
29	136	0
30	117	0
31	111	0
32	110	0
33	112	0
34	112	0
35	113	0
36	114	0
37	114	0
38	115	0
39	115	0
40	117	0
41	139	0
42	165	0
43	186	0
44	199	0
45	206	0
46	206	0
47	191	0
48	166	0
49	137	0
50	118	0
51	111	0
52	110	0
53	111	0
54	113	0
55	113	0
56	113	0
57	114	0
58	115	0
59	116	0
60	117	0
61	137	0
62	166	0
63	186	0
64	199	0
65	206	0
66	208	0
67	193	0
68	166	0
69	137	0
70	117	0
71	112	0
72	110	0
73	111	0
74	113	0
75	113	0
76	113	0
77	114	0
78	114	0
79	116	0
80	117	0
81	117	0
82	115	0
83	112	0
84	112	0
85	112	0
86	112	0
87	113	0
88	112	0
89	113	0
90	113	0
91	112	0
92	113	0
93	113	0
94	113	0
95	113	0
96	113	0
97	113	0
98	113	0
99	113	0
100	113	0
101	112	0
102	112	0
103	112	0
104	113	0
105	112	0
106	113	0
107	113	0
108	113	0
109	113	0
110	112	0
111	112	0
112	113	0
113	113	0
114	113	0
115	113	0
116	113	0
117	113	0
118	113	0
119	113	0
120	112	0
121	113	0
122	113	0
123	112	0
124	113	0
125	112	0
126	113	0
127	112	0
128	113	0
129	113	0
130	114	0
131	113	0
132	113	0
133	112	0
134	113	0
135	112	0
136	114	0
137	113	0
138	112	0
139	113	0
140	112	0
141	113	0
142	113	0
143	113	0
144	112	0
145	113	0
146	113	0
147	112	0
148	112	0
149	112	0
150	112	0
151	113	0
152	112	0
153	113	0
154	113	0
155	113	0
156	113	0
157	113	0
158	113	0
159	113	0
160	113	0
161	113	0
162	113	0
163	113	0
164	113	0
165	113	0
166	113	0
167	113	0
168	112	0
169	113	0
170	113	0
171	112	0
172	112	0
173	113	0
174	113	0
175	112	0
176	113	0
177	113	0
178	112	0
179	113	0
180	112	0
181	114	0
182	113	0
183	113	0
184	113	0
185	113	0
186	113	0
187	113	0
188	113	0
189	113	0
190	113	0
191	112	0
192	113	0
193	113	0
194	112	0
195	113	0
196	113	0
197	112	0
198	112	0
199	112	0
200	113	0
201	113	0
202	112	0
203	113	0
204	113	0
205	113	0
206	113	0
207	113	0
208	112	0
209	112	0
210	113	0
211	113	0
212	113	0
213	113	0
214	113	0
215	113	0
216	113	0
217	112	0
218	113	0
219	112	0
220	112	0
221	113	0
222	112	0
223	112	0
224	113	0
225	113	0
226	113	0
227	113	0
228	112	0
229	113	0
230	113	0
231	112	0
232	113	0
233	112	0
234	113	0
235	112	0
236	113	0
237	113	0
238	113	0
239	113	0
240	112	0
241	113	0
242	113	0
243	112	0
244	113	0
245	112	0
246	113	0
247	113	0
248	113	0
249	113	0
250	113	0
251	113	0
252	113	0
253	113	0
254	113	0
255	113	0
256	113	0
257	113	0
258	113	0
259	113	0
260	113	0
261	113	0
262	113	0
263	112	0
264	113	0
265	113	0
266	112	0
267	113	0
268	113	0
269	113	0
270	113	0
271	112	0
272	113	0
273	113	0
274	112	0
275	112	0
276	112	0
277	112	0
278	112	0
279	113	0
280	112	0
281	113	0
282	113	0
283	113	0
284	113	0
285	113	0
286	113	0
287	113	0
288	113	0
289	112	0
290	113	0
291	113	0
292	112	0
293	113	0
294	113	0
295	113	0
296	112	0
297	113	0
298	113	0
299	112	0
300	112	0
301	113	0
302	113	0
303	113	0
304	112	0
305	112	0
306	113	0
307	112	0
308	113	0
309	112	0
310	113	0
311	112	0
312	113	0
313	112	0
314	113	0
315	112	0
316	113	0
317	113	0
318	112	0
319	112	0
320	112	0
321	113	0
322	113	0
323	112	0
324	113	0
325	113	0
326	113	0
327	113	0
328	113	0
329	112	0
330	113	0
331	112	0
332	113	0
333	112	0
334	112	0
335	113	0
336	113	0
337	113	0
338	112	0
339	113	0
340	112	0
341	113	0
342	113	0
343	114	0
344	112	0
345	112	0
346	113	0
347	112	0
348	113	0
349	114	0
350	114	0
351	113	0
352	113	0
353	114	0
354	113	0
355	113	0
356	113	0
357	112	0
358	112	0
359	114	0
360	112	0
361	112	0
362	113	0
363	113	0
364	113	0
365	113	0
366	113	0
367	113	0
368	112	0
369	113	0
370	113	0
371	113	0
372	113	0
373	113	0
374	113	0
375	113	0
376	113	0
377	113	0
378	113	0
379	113	0
380	112	0
381	113	0
382	113	0
383	113	0
384	113	0
385	113	0
386	113	0
387	112	0
388	113	0
389	113	0
390	113	0
391	113	0
392	113	0
393	112	0
394	112	0
395	113	0
396	113	0
397	112	0
398	113	0
399	113	0
400	112	0
401	113	0
402	113	0
403	113	0
404	113	0
405	113	0
406	113	0
407	113	0
408	112	0
409	113	0
410	113	0
411	112	0
412	112	0
413	113	0
414	113	0
415	112	0
416	113	0
417	113	0
418	112	0
419	113	0
420	112	0
421	113	0
422	113	0
423	113	0
424	113	0
425	112	0
426	113	0
427	113	0
428	113	0
429	113	0
430	113	0
431	113	0
432	113	0
433	113	0
434	113	0
435	113	0
436	112	0
437	113	0
438	113	0
439	112	0
440	113	0
441	112	0
442	113	0
443	113	0
444	113	0
445	113	0
446	113	0
447	112	0
448	112	0
449	112	0
450	112	0
451	113	0
452	113	0
453	113	0
454	113	0
455	113	0
456	113	0
457	113	0
458	113	0
459	113	0
460	113	0
461	113	0
462	112	0
463	113	0
464	113	0
465	113	0
466	112	0
467	113	0
468	112	0
469	113	0
470	112	0
471	112	0
472	112	0
473	113	0
474	113	0
475	112	0
476	113	0
477	112	0
478	113	0
479	113	0
480	112	0
481	113	0
482	112	0
483	113	0
484	113	0
485	112	0
486	112	0
487	113	0
488	113	0
489	113	0
490	113	0
491	113	0
492	113	0
493	112	0
494	113	0
495	113	0
496	113	0
497	113	0
498	113	0
499	113	0
500	113	0
501	113	0
502	112	0
503	112	0
504	113	0
505	113	0
506	113	0
507	113	0
508	113	0
509	112	0
510	112	0
511	113	0
512	112	0
513	113	0
514	113	0
515	113	0
516	112	0
517	113	0
518	113	0
519	113	0
520	112	0
521	113	0
522	113	0
523	113	0
524	112	0
525	113	0
526	113	0
527	113	0
528	112	0
529	113	0
530	113	0
531	113	0
532	112	0
533	113	0
534	113	0
535	112	0
536	112	0
537	113	0
538	113	0
539	112	0
540	113	0
541	113	0
542	113	0
543	113	0
544	113	0
545	114	0
546	113	0
547	112	0
548	113	0
549	113	0
550	114	0
551	112	0
552	113	0
553	113	0
554	112	0
555	113	0
556	113	0
557	113	0
558	112	0
559	112	0
560	113	0
561	112	0
562	113	0
563	113	0
564	112	0
565	113	0
566	113	0
567	113	0
568	112	0
569	113	0
570	113	0
571	112	0
572	113	0
573	112	0
574	114	0
575	113	0
576	114	0
577	113	0
578	113	0
579	112	0
580	113	0
581	112	0
582	113	0
583	112	0
584	113	0
585	113	0
586	112	0
587	113	0
588	113	0
589	112	0
590	113	0
591	113	0
592	112	0
593	113	0
594	113	0
595	113	0
596	112	0
597	113	0
598	113	0
599	113	0
600	112	0
601	113	0
602	113	0
603	113	0
604	113	0
605	113	0
606	112	0
607	113	0
608	113	0
609	113	0
610	112	0
611	113	0
612	112	0
613	113	0
614	113	0
615	113	0
616	113	0
617	113	0
618	113	0
619	113	0
620	113	0
621	112	0
622	112	0
623	113	0
624	113	0
625	113	0
626	113	0
627	113	0
628	113	0
629	113	0
630	113	0
631	113	0
632	113	0
633	113	0
634	113	0
635	113	0
636	113	0
637	114	0
638	113	0
639	112	0
640	112	0
641	113	0
642	113	0
643	113	0
644	113	0
645	113	0
646	113	0
647	113	0
648	113	0
649	113	0
650	112	0
651	113	0
652	113	0
653	112	0
654	112	0
655	113	0
656	112	0
657	112	0
658	113	0
659	112	0
660	113	0
661	112	0
662	113	0
663	112	0
664	112	0
665	113	0
666	113	0
667	113	0
668	112	0
669	113	0
670	112	0
671	113	0
672	113	0
673	113	0
674	113	0
675	113	0
676	112	0
677	113	0
678	113	0
679	113	0
680	113	0
681	113	0
682	113	0
683	113	0
684	113	0
685	113	0
686	113	0
687	113	0
688	113	0
689	113	0
690	112	0
691	113	0
692	113	0
693	113	0
694	113	0
695	113	0
696	113	0
697	113	0
698	113	0
699	113	0
700	112	0
701	113	0
702	112	0
703	112	0
704	113	0
705	112	0
706	113	0
707	113	0
708	112	0
709	112	0
710	113	0
711	112	0
712	113	0
713	112	0
714	113	0
715	112	0
716	113	0
717	113	0
718	113	0
719	113	0
720	113	0
721	112	0
722	112	0
723	113	0
724	112	0
725	113	0
726	112	0
727	113	0
728	112	0
729	113	0
730	113	0
731	113	0
732	113	0
733	113	0
734	113	0
735	112	0
736	112	0
737	113	0
738	113	0
739	112	0
740	113	0
741	113	0
742	113	0
743	113	0
744	113	0
745	113	0
746	113	0
747	113	0
748	112	0
749	112	0
750	113	0
751	113	0
752	112	0
753	113	0
754	112	0
755	113	0
756	113	0
757	112	0
758	113	0
759	113	0
760	113	0
761	113	0
762	113	0
763	113	0
764	112	0
765	113	0
766	112	0
767	113	0
768	112	0
769	113	0
770	113	0
771	113	0
772	112	0
773	113	0
774	113	0
775	112	0
776	113	0
777	113	0
778	113	0
779	112	0
780	112	0
781	113	0
782	113	0
783	113	0
784	113	0
785	112	0
786	113	0
787	112	0
788	113	0
789	113	0
790	112	0
791	113	0
792	113	0
793	113	0
794	113	0
795	113	0
796	112	0
797	113	0
798	113	0
799	113	0
800	112	0
801	112	0
802	113	0
803	112	0
804	113	0
805	113	0
806	113	0
807	113	0
808	113	0
809	113	0
810	113	0
811	112	0
812	112	0
813	113	0
814	113	0
815	112	0
816	112	0
817	112	0
818	112	0
819	113	0
820	113	0
821	113	0
822	112	0
823	113	0
824	113	0
825	113	0
826	112	0
827	112	0
828	112	0
829	113	0
830	113	0
831	112	0
832	113	0
833	113	0
834	113	0
835	112	0
836	112	0
837	113	0
838	113	0
839	113	0
840	112	0
841	112	0
842	113	0
843	112	0
844	113	0
845	113	0
846	112	0
847	113	0
848	113	0
849	113	0
850	113	0
851	112	0
852	113	0
853	113	0
854	113	0
855	113	0
856	112	0
857	112	0
858	113	0
859	113	0
860	113	0
861	113	0
862	113	0
863	114	0
864	113	0
865	113	0
866	112	0
867	112	0
868	113	0
869	113	0
870	113	0
871	112	0
872	112	0
873	113	0
874	113	0
875	113	0
876	112	0
877	112	0
878	113	0
879	113	0
880	113	0
881	112	0
882	112	0
883	112	0
884	112	0
885	113	0
886	112	0
887	112	0
888	113	0
889	112	0
890	113	0
891	113	0
892	112	0
893	112	0
894	112	0
895	113	0
896	112	0
897	113	0
898	113	0
899	112	0
900	113	0
901	112	0
902	113	0
903	112	0
904	113	0
905	113	0
906	113	0
907	112	0
908	113	0
909	112	0
910	113	0
911	113	0
912	113	0
913	112	0
914	112	0
915	113	0
916	112	0
917	113	0
918	112	0
919	112	0
920	112	0
921	113	0
922	113	0
923	113	0
924	113	0
925	113	0
926	113	0
927	113	0
928	112	0
929	113	0
930	113	0
931	113	0
932	112	0
933	112	0
934	112	0
935	113	0
936	113	0
937	113	0
938	113	0
939	113	0
940	112	0
941	113	0
942	113	0
943	113	0
944	113	0
945	112	0
946	112	0
947	113	0
948	113	0
949	113	0
950	113	0
951	113	0
952	128	0
953	154	0
954	175	0
955	191	0
956	201	0
957	202	0
958	190	0
959	171	0
960	145	0
961	123	0
962	113	0
963	110	0
964	110	0
965	112	0
966	113	0
967	113	0
968	114	0
969	114	0
970	116	0
971	116	0
972	128	0
973	155	0
974	176	0
975	193	0
976	202	0
977	205	0
978	195	0
979	175	0
980	149	0
981	124	0
982	113	0
983	111	0
984	110	0
985	112	0
986	112	0
987	113	0
988	115	0
989	114	0
990	116	0
991	115	0
992	126	0
993	153	0
994	177	0
995	193	0
996	203	0
997	206	0
998	200	0
999	179	0
1000	152	0
1001	125	0
1002	114	0
1003	111	0
1004	112	0
1005	113	0
1006	113	0
1007	113	0
1008	113	0
1009	115	0
1010	116	0
1011	116	0
1012	124	0
1013	151	0
1014	176	0
1015	193	0
1016	204	0
1017	207	0
1018	202	0
1019	181	0
1020	153	0
1021	126	0
1022	113	0
1023	110	0
1024	112	0
1025	112	0
1026	113	0
1027	113	0
1028	115	0
1029	115	0
1030	114	0
1031	115	0
1032	118	0
1033	116	0
1034	114	0
1035	114	0
1036	112	0
1037	112	0
1038	113	0
1039	113	0
1040	113	0
1041	113	0
1042	113	0
1043	113	0
1044	113	0
1045	112	0
1046	113	0
1047	112	0
1048	113	0
1049	113	0
1050	113	0
1051	113	0
1052	113	0
1053	113	0
1054	113	0
1055	113	0
1056	113	0
1057	113	0
1058	113	0
1059	113	0
1060	113	0
1061	113	0
1062	113	0
1063	113	0
1064	113	0
1065	112	0
1066	113	0
1067	113	0
1068	113	0
1069	113	0
1070	113	0
1071	113	0
1072	113	0
1073	112	0
1074	113	0
1075	113	0
1076	113	0
1077	112	0
1078	112	0
1079	113	0
1080	113	0
1081	112	0
1082	113	0
1083	113	0
1084	112	0
1085	113	0
1086	112	0
1087	112	0
1088	113	0
1089	113	0
1090	113	0
1091	113	0
1092	112	0
1093	112	0
1094	113	0
1095	113	0
1096	113	0
1097	112	0
1098	113	0
1099	113	0
1100	112	0
1101	112	0
1102	113	0
1103	113	0
1104	113	0
1105	112	0
1106	113	0
1107	113	0
1108	113	0
1109	112	0
1110	113	0
1111	113	0
1112	113	0
1113	113	0
1114	113	0
1115	112	0
1116	112	0
1117	113	0
1118	113	0
1119	113	0
1120	113	0
1121	113	0
1122	113	0
1123	112	0
1124	113	0
1125	113	0
1126	113	0
1127	113	0
1128	112	0
1129	113	0
1130	112	0
1131	113	0
1132	112	0
1133	112	0
1134	113	0
1135	113	0
1136	113	0
1137	113	0
1138	113	0
1139	113	0
1140	112	0
1141	113	0
1142	112	0
1143	113	0
1144	113	0
1145	113	0
1146	112	0
1147	113	0
1148	113	0
1149	113	0
1150	113	0
1151	113	0
1152	113	0
1153	112	0
1154	113	0
1155	113	0
1156	113	0
1157	113	0
1158	112	0
1159	113	0
1160	112	0
1161	113	0
1162	113	0
1163	113	0
1164	112	0
1165	113	0
1166	112	0
1167	113	0
1168	113	0
1169	112	0
1170	113	0
1171	113	0
1172	113	0
1173	113	0
1174	113	0
1175	113	0
1176	112	0
1177	113	0
1178	113	0
1179	112	0
1180	113	0
1181	113	0
1182	113	0
1183	113	0
1184	113	0
1185	113	0
1186	112	0
1187	113	0
1188	113	0
1189	113	0
1190	113	0
1191	113	0
1192	114	0
1193	112	0
1194	113	0
1195	112	0
1196	113	0
1197	113	0
1198	113	0
1199	112	0
1200	114	0
1201	114	0
1202	112	0
1203	112	0
1204	112	0
1205	113	0
1206	113	0
1207	113	0
1208	112	0
1209	112	0
1210	113	0
1211	112	0
1212	113	0
1213	113	0
1214	113	0
1215	113	0
1216	113	0
1217	113	0
1218	112	0
1219	113	0
1220	112	0
1221	113	0
1222	113	0
1223	113	0
1224	113	0
1225	112	0
1226	112	0
1227	112	0
1228	112	0
1229	112	0
1230	113	0
1231	113	0
1232	112	0
1233	113	0
1234	113	0
1235	113	0
1236	112	0
1237	113	0
1238	113	0
1239	113	0
1240	113	0
1241	113	0
1242	112	0
1243	113	0
1244	113	0
1245	113	0
1246	113	0
1247	113	0
1248	113	0
1249	113	0
1250	113	0
1251	113	0
1252	113	0
1253	113	0
1254	112	0
1255	113	0
1256	112	0
1257	113	0
1258	112	0
1259	113	0
1260	113	0
1261	113	0
1262	113	0
1263	114	0
1264	113	0
1265	113	0
1266	113	0
1267	113	0
1268	114	0
1269	113	0
1270	113	0
1271	113	0
1272	113	0
1273	114	0
1274	114	0
1275	113	0
1276	113	0
1277	112	0
1278	113	0
1279	112	0
1280	113	0
1281	112	0
1282	113	0
1283	113	0
1284	113	0
1285	112	0
1286	112	0
1287	113	0
1288	112	0
1289	112	0
1290	113	0
1291	113	0
1292	113	0
1293	114	0
1294	113	0
1295	113	0
1296	112	0
1297	113	0
1298	113	0
1299	113	0
1300	113	0
1301	113	0
1302	113	0
1303	113	0
1304	112	0
1305	113	0
1306	113	0
1307	113	0
1308	113	0
1309	113	0
1310	113	0
1311	113	0
1312	113	0
1313	113	0
1314	113	0
1315	112	0
1316	113	0
1317	112	0
1318	113	0
1319	113	0
1320	112	0
1321	113	0
1322	112	0
1323	112	0
1324	113	0
1325	113	0
1326	112	0
1327	113	0
1328	113	0
1329	112	0
1330	113	0
1331	113	0
1332	112	0
1333	113	0
1334	112	0
1335	113	0
1336	113	0
1337	112	0
1338	112	0
1339	113	0
1340	113	0
1341	113	0
1342	113	0
1343	113	0
1344	112	0
1345	113	0
1346	112	0
1347	113	0
1348	113	0
1349	113	0
1350	113	0
1351	112	0
1352	113	0
1353	113	0
1354	113	0
1355	113	0
1356	113	0
1357	113	0
1358	112	0
1359	112	0
1360	113	0
1361	112	0
1362	112	0
1363	113	0
1364	112	0
1365	113	0
1366	112	0
1367	113	0
1368	112	0
1369	113	0
1370	113	0
1371	112	0
1372	113	0
1373	112	0
1374	113	0
1375	113	0
1376	113	0
1377	112	0
1378	112	0
1379	113	0
1380	113	0
1381	112	0
1382	113	0
1383	112	0
1384	113	0
1385	112	0
1386	113	0
1387	112	0
1388	114	0
1389	113	0
1390	113	0
1391	113	0
1392	113	0
1393	113	0
1394	113	0
1395	113	0
1396	112	0
1397	113	0
1398	113	0
1399	112	0
1400	113	0
1401	113	0
1402	113	0
1403	113	0
1404	113	0
1405	113	0
1406	112	0
1407	113	0
1408	113	0
1409	112	0
1410	112	0
1411	113	0
1412	113	0
1413	113	0
1414	113	0
1415	113	0
1416	113	0
1417	112	0
1418	112	0
1419	113	0
1420	113	0
1421	113	0
1422	112	0
1423	113	0
1424	113	0
1425	113	0
1426	113	0
1427	112	0
1428	113	0
1429	112	0
1430	113	0
1431	113	0
1432	113	0
1433	112	0
1434	114	0
1435	113	0
1436	113	0
1437	112	0
1438	112	0
1439	113	0
1440	113	0
1441	112	0
1442	113	0
1443	112	0
1444	113	0
1445	113	0
1446	113	0
1447	113	0
1448	113	0
1449	113	0
1450	113	0
1451	113	0
1452	113	0
1453	112	0
1454	112	0
1455	113	0
1456	112	0
1457	112	0
1458	112	0
1459	112	0
1460	113	0
1461	113	0
1462	113	0
1463	113	0
1464	113	0
1465	112	0
1466	113	0
1467	112	0
1468	113	0
1469	112	0
1470	113	0
1471	112	0
1472	112	0
1473	113	0
1474	113	0
1475	113	0
1476	113	0
1477	112	0
1478	113	0
1479	113	0
1480	113	0
1481	113	0
1482	112	0
1483	112	0
1484	113	0
1485	113	0
1486	113	0
1487	112	0
1488	112	0
1489	113	0
1490	113	0
1491	113	0
1492	113	0
1493	113	0
1494	113	0
1495	113	0
1496	113	0
1497	113	0
1498	112	0
1499	113	0
1500	113	0
1501	112	0
1502	113	0
1503	113	0
1504	112	0
1505	112	0
1506	112	0
1507	113	0
1508	113	0
1509	113	0
1510	113	0
1511	112	0
1512	113	0
1513	113	0
1514	112	0
1515	112	0
1516	113	0
1517	112	0
1518	113	0
1519	112	0
1520	113	0
1521	113	0
1522	112	0
1523	113	0
1524	112	0
1525	113	0
1526	112	0
1527	113	0
1528	113	0
1529	112	0
1530	113	0
1531	112	0
1532	113	0
1533	113	0
1534	112	0
1535	113	0
1536	113	0
1537	113	0
1538	113	0
1539	113	0
1540	112	0
1541	113	0
1542	113	0
1543	113	0
1544	113	0
1545	112	0
1546	113	0
1547	112	0
1548	112	0
1549	113	0
1550	112	0
1551	113	0
1552	113	0
1553	112	0
1554	113	0
1555	113	0
1556	112	0
1557	113	0
1558	113	0
1559	113	0
1560	112	0
1561	113	0
1562	113	0
1563	113	0
1564	113	0
1565	113	0
1566	114	0
1567	113	0
1568	112	0
1569	113	0
1570	112	0
1571	113	0
1572	112	0
1573	113	0
1574	112	0
1575	113	0
1576	113	0
1577	113	0
1578	113	0
1579	113	0
1580	113	0
1581	113	0
1582	113	0
1583	113	0
1584	113	0
1585	112	0
1586	113	0
1587	113	0
1588	113	0
1589	113	0
1590	112	0
1591	113	0
1592	113	0
1593	112	0
1594	112	0
1595	113	0
1596	113	0
1597	112	0
1598	113	0
1599	112	0
1600	113	0
1601	112	0
1602	113	0
1603	113	0
1604	112	0
1605	113	0
1606	112	0
1607	113	0
1608	112	0
1609	113	0
1610	113	0
1611	113	0
1612	113	0
1613	113	0
1614	113	0
1615	113	0
1616	112	0
1617	113	0
1618	113	0
1619	113	0
1620	113	0
1621	113	0
1622	113	0
1623	113	0
1624	112	0
1625	113	0
1626	113	0
1627	112	0
1628	113	0
1629	113	0
1630	113	0
1631	112	0
1632	113	0
1633	113	0
1634	112	0
1635	113	0
1636	113	0
1637	113	0
1638	113	0
1639	113	0
1640	112	0
1641	112	0
1642	113	0
1643	113	0
1644	113	0
1645	113	0
1646	113	0
1647	113	0
1648	113	0
1649	113	0
1650	113	0
1651	112	0
1652	112	0
1653	113	0
1654	112	0
1655	112	0
1656	113	0
1657	112	0
1658	113	0
1659	113	0
1660	112	0
1661	113	0
1662	113	0
1663	113	0
1664	113	0
1665	112	0
1666	113	0
1667	112	0
1668	113	0
1669	113	0
1670	114	0
1671	113	0
1672	112	0
1673	113	0
1674	113	0
1675	112	0
1676	113	0
1677	113	0
1678	112	0
1679	112	0
1680	112	0
1681	112	0
1682	113	0
1683	113	0
1684	112	0
1685	112	0
1686	112	0
1687	112	0
1688	113	0
1689	113	0
1690	113	0
1691	113	0
1692	113	0
1693	113	0
1694	113	0
1695	112	0
1696	113	0
1697	112	0
1698	112	0
1699	113	0
1700	113	0
1701	113	0
1702	112	0
1703	113	0
1704	113	0
1705	113	0
1706	113	0
1707	113	0
1708	112	0
1709	113	0
1710	113	0
1711	113	0
1712	113	0
1713	113	0
1714	112	0
1715	112	0
1716	113	0
1717	113	0
1718	113	0
1719	113	0
1720	113	0
1721	113	0
1722	113	0
1723	113	0
1724	113	0
1725	112	0
1726	113	0
1727	113	0
1728	113	0
1729	112	0
1730	113	0
1731	112	0
1732	113	0
1733	112	0
1734	113	0
1735	112	0
1736	112	0
1737	113	0
1738	113	0
1739	113	0
1740	113	0
1741	113	0
1742	112	0
1743	112	0
1744	112	0
1745	113	0
1746	113	0
1747	113	0
1748	113	0
1749	113	0
1750	113	0
1751	113	0
1752	113	0
1753	113	0
1754	112	0
1755	112	0
1756	113	0
1757	112	0
1758	113	0
1759	113	0
1760	113	0
1761	112	0
1762	113	0
1763	113	0
1764	113	0
1765	112	0
1766	113	0
1767	113	0
1768	113	0
1769	112	0
1770	112	0
1771	113	0
1772	113	0
1773	113	0
1774	113	0
1775	112	0
1776	113	0
1777	113	0
1778	113	0
1779	113	0
1780	113	0
1781	113	0
1782	112	0
1783	112	0
1784	112	0
1785	113	0
1786	112	0
1787	113	0
1788	113	0
1789	113	0
1790	113	0
1791	112	0
1792	113	0
1793	113	0
1794	112	0
1795	113	0
1796	113	0
1797	113	0
1798	113	0
1799	113	0
1800	112	0
1801	113	0
1802	112	0
1803	113	0
1804	112	0
1805	113	0
1806	113	0
1807	113	0
1808	112	0
1809	113	0
1810	113	0
1811	113	0
1812	113	0
1813	113	0
1814	112	0
1815	113	0
1816	112	0
1817	112	0
1818	113	0
1819	113	0
1820	112	0
1821	113	0
1822	113	0
1823	113	0
1824	112	0
1825	113	0
1826	112	0
1827	112	0
1828	113	0
1829	113	0
1830	113	0
1831	113	0
1832	113	0
1833	112	0
1834	112	0
1835	113	0
1836	112	0
1837	112	0
1838	113	0
1839	113	0
1840	113	0
1841	113	0
1842	112	0
1843	113	0
1844	112	0
1845	113	0
1846	113	0
1847	113	0
1848	113	0
1849	112	0
1850	113	0
1851	113	0
1852	113	0
1853	113	0
1854	112	0
1855	113	0
1856	112	0
1857	113	0
1858	113	0
1859	113	0
1860	113	0
1861	112	0
1862	113	0
1863	113	0
1864	112	0
1865	113	0
1866	114	0
1867	113	0
1868	112	0
1869	113	0
1870	112	0
1871	113	0
1872	113	0
1873	112	0
1874	112	0
1875	113	0
1876	114	0
1877	112	0
1878	113	0
1879	112	0
1880	112	0
1881	112	0
1882	113	0
1883	112	0
1884	113	0
1885	113	0
1886	113	0
1887	113	0
1888	113	0
1889	113	0
1890	112	0
1891	113	0
1892	112	0
1893	112	0
1894	113	0
1895	113	0
1896	113	0
1897	113	0
1898	113	0
1899	113	0
1900	113	0
1901	113	0
1902	118	0
1903	142	0
1904	167	0
1905	186	0
1906	198	0
1907	202	0
1908	197	0
1909	180	0
1910	157	0
1911	130	0
1912	115	0
1913	111	0
1914	111	0
1915	112	0
1916	113	0
1917	112	0
1918	113	0
1919	113	0
1920	115	0
1921	115	0
1922	118	0
1923	142	0
1924	168	0
1925	187	0
1926	198	0
1927	205	0
1928	201	0
1929	185	0
1930	161	0
1931	133	0
1932	117	0
1933	110	0
1934	110	0
1935	110	0
1936	112	0
1937	112	0
1938	113	0
1939	114	0
1940	114	0
1941	116	0
1942	118	0
1943	141	0
1944	168	0
1945	187	0
1946	201	0
1947	206	0
1948	205	0
1949	189	0
1950	165	0
1951	136	0
1952	117	0
1953	111	0
1954	110	0
1955	111	0
1956	112	0
1957	113	0
1958	113	0
1959	114	0
1960	115	0
1961	116	0
1962	118	0
1963	139	0
1964	168	0
1965	187	0
1966	201	0
1967	207	0
1968	206	0
1969	192	0
1970	165	0
1971	136	0
1972	117	0
1973	111	0
1974	111	0
1975	111	0
1976	111	0
1977	113	0
1978	113	0
1979	115	0
1980	115	0
1981	115	0
1982	117	0
1983	117	0
1984	114	0
1985	113	0
1986	112	0
1987	112	0
1988	113	0
1989	113	0
1990	113	0
1991	112	0
1992	113	0
1993	112	0
1994	113	0
1995	112	0
1996	112	0
1997	113	0
1998	113	0
1999	113	0
2000	113	0
2001	112	0
2002	113	0
2003	112	0
2004	113	0
2005	112	0
2006	112	0
2007	112	0
2008	113	0
2009	113	0
2010	113	0
2011	112	0
2012	113	0
2013	113	0
2014	113	0
2015	113	0
2016	113	0
2017	113	0
2018	113	0
2019	113	0
2020	113	0
2021	113	0
2022	113	0
2023	113	0
2024	112	0
2025	112	0
2026	113	0
2027	113	0
2028	112	0
2029	112	0
2030	113	0
2031	113	0
2032	113	0
2033	113	0
2034	113	0
2035	113	0
2036	112	0
2037	113	0
2038	113	0
2039	113	0
2040	112	0
2041	113	0
2042	113	0
2043	112	0
2044	113	0
2045	113	0
2046	113	0
2047	112	0
2048	113	0
2049	113	0
2050	113	0
2051	112	0
2052	113	0
2053	113	0
2054	113	0
2055	113	0
2056	113	0
2057	113	0
2058	113	0
2059	112	0
2060	113	0
2061	112	0
2062	113	0
2063	112	0
2064	113	0
2065	112	0
2066	113	0
2067	112	0
2068	113	0
2069	113	0
2070	113	0
2071	113	0
2072	113	0
2073	113	0
2074	112	0
2075	113	0
2076	112	0
2077	113	0
2078	113	0
2079	112	0
2080	112	0
2081	113	0
2082	113	0
2083	113	0
2084	113	0
2085	113	0
2086	113	0
2087	113	0
2088	112	0
2089	113	0
2090	113	0
2091	113	0
2092	113	0
2093	113	0
2094	113	0
2095	112	0
2096	113	0
2097	113	0
2098	113	0
2099	113	0
2100	112	0
2101	113	0
2102	113	0
2103	112	0
2104	113	0
2105	112	0
2106	113	0
2107	112	0
2108	112	0
2109	113	0
2110	112	0
2111	113	0
2112	113	0
2113	113	0
2114	113	0
2115	112	0
2116	112	0
2117	113	0
2118	113	0
2119	113	0
2120	113	0
2121	113	0
2122	112	0
2123	113	0
2124	113	0
2125	113	0
2126	113	0
2127	113	0
2128	113	0
2129	112	0
2130	112	0
2131	113	0
2132	113	0
2133	113	0
2134	113	0
2135	113	0
2136	112	0
2137	112	0
2138	113	0
2139	113	0
2140	113	0
2141	113	0
2142	113	0
2143	113	0
2144	113	0
2145	113	0
2146	113	0
2147	112	0
2148	113	0
2149	113	0
2150	113	0
2151	113	0
2152	113	0
2153	112	0
2154	113	0
2155	112	0
2156	112	0
2157	113	0
2158	113	0
2159	113	0
2160	112	0
2161	112	0
2162	113	0
2163	113	0
2164	112	0
2165	113	0
2166	113	0
2167	114	0
2168	112	0
2169	113	0
2170	113	0
2171	112	0
2172	113	0
2173	113	0
2174	114	0
2175	113	0
2176	113	0
2177	113	0
2178	113	0
2179	113	0
2180	113	0
2181	112	0
2182	113	0
2183	113	0
2184	112	0
2185	113	0
2186	113	0
2187	113	0
2188	113	0
2189	113	0
2190	113	0
2191	113	0
2192	113	0
2193	113	0
2194	113	0
2195	112	0
2196	113	0
2197	112	0
2198	112	0
2199	113	0
2200	112	0
2201	113	0
2202	113	0
2203	113	0
2204	113	0
2205	112	0
2206	113	0
2207	112	0
2208	113	0
2209	112	0
2210	112	0
2211	113	0
2212	113	0
2213	113	0
2214	113	0
2215	113	0
2216	113	0
2217	113	0
2218	113	0
2219	113	0
2220	113	0
2221	112	0
2222	112	0
2223	113	0
2224	112	0
2225	113	0
2226	113	0
2227	113	0
2228	113	0
2229	113	0
2230	113	0
2231	112	0
2232	112	0
2233	113	0
2234	113	0
2235	113	0
2236	113	0
2237	113	0
2238	112	0
2239	113	0
2240	113	0
2241	113	0
2242	113	0
2243	113	0
2244	113	0
2245	113	0
2246	113	0
2247	113	0
2248	112	0
2249	113	0
2250	113	0
2251	113	0
2252	113	0
2253	113	0
2254	113	0
2255	113	0
2256	112	0
2257	112	0
2258	113	0
2259	113	0
2260	113	0
2261	113	0
2262	113	0
2263	113	0
2264	112	0
2265	113	0
2266	113	0
2267	113	0
2268	113	0
2269	112	0
2270	113	0
2271	112	0
2272	113	0
2273	112	0
2274	113	0
2275	113	0
2276	112	0
2277	112	0
2278	113	0
2279	113	0
2280	113	0
2281	112	0
2282	113	0
2283	113	0
2284	113	0
2285	113	0
2286	113	0
2287	114	0
2288	113	0
2289	113	0
2290	113	0
2291	113	0
2292	112	0
2293	113	0
2294	113	0
2295	113	0
2296	113	0
2297	113	0
2298	113	0
2299	113	0
2300	112	0
2301	112	0
2302	113	0
2303	113	0
2304	113	0
2305	113	0
2306	112	0
2307	114	0
2308	113	0
2309	112	0
2310	112	0
2311	113	0
2312	113	0
2313	113	0
2314	113	0
2315	113	0
2316	112	0
2317	113	0
2318	113	0
2319	113	0
2320	113	0
2321	112	0
2322	113	0
2323	113	0
2324	113	0
2325	112	0
2326	113	0
2327	112	0
2328	113	0
2329	113	0
2330	112	0
2331	114	0
2332	113	0
2333	113	0
2334	112	0
2335	113	0
2336	112	0
2337	113	0
2338	113	0
2339	113	0
2340	114	0
2341	113	0
2342	113	0
2343	113	0
2344	113	0
2345	113	0
2346	113	0
2347	113	0
2348	112	0
2349	112	0
2350	113	0
2351	112	0
2352	113	0
2353	113	0
2354	112	0
2355	112	0
2356	113	0
2357	113	0
2358	113	0
2359	113	0
2360	113	0
2361	112	0
2362	113	0
2363	112	0
2364	112	0
2365	113	0
2366	114	0
2367	112	0
2368	113	0
2369	112	0
2370	113	0
2371	113	0
2372	113	0
2373	113	0
2374	113	0
2375	113	0
2376	112	0
2377	112	0
2378	113	0
2379	113	0
2380	112	0
2381	113	0
2382	112	0
2383	112	0
2384	113	0
2385	113	0
2386	114	0
2387	113	0
2388	113	0
2389	113	0
2390	113	0
2391	113	0
2392	113	0
2393	112	0
2394	113	0
2395	113	0
2396	113	0
2397	112	0
2398	113	0
2399	112	0
2400	113	0
2401	113	0
2402	113	0
2403	112	0
2404	113	0
2405	113	0
2406	113	0
2407	112	0
2408	113	0
2409	113	0
2410	113	0
2411	113	0
2412	112	0
2413	113	0
2414	113	0
2415	112	0
2416	113	0
2417	112	0
2418	113	0
2419	112	0
2420	113	0
2421	113	0
2422	113	0
2423	113	0
2424	113	0
2425	113	0
2426	113	0
2427	113	0
2428	113	0
2429	113	0
2430	113	0
2431	113	0
2432	113	0
2433	113	0
2434	113	0
2435	113	0
2436	113	0
2437	112	0
2438	113	0
2439	113	0
2440	112	0
2441	112	0
2442	112	0
2443	113	0
2444	113	0
2445	113	0
2446	113	0
2447	113	0
2448	113	0
2449	112	0
2450	112	0
2451	113	0
2452	113	0
2453	112	0
2454	112	0
2455	113	0
2456	113	0
2457	113	0
2458	113	0
2459	112	0
2460	113	0
2461	113	0
2462	113	0
2463	113	0
2464	113	0
2465	112	0
2466	113	0
2467	112	0
2468	113	0
2469	113	0
2470	113	0
2471	112	0
2472	113	0
2473	113	0
2474	112	0
2475	114	0
2476	113	0
2477	113	0
2478	113	0
2479	112	0
2480	113	0
2481	113	0
2482	112	0
2483	112	0
2484	113	0
2485	112	0
2486	113	0
2487	112	0
2488	113	0
2489	113	0
2490	112	0
2491	113	0
2492	113	0
2493	113	0
2494	112	0
2495	113	0
2496	113	0
2497	113	0
2498	113	0
2499	113	0
2500	113	0
2501	113	0
2502	113	0
2503	113	0
2504	113	0
2505	113	0
2506	113	0
2507	113	0
2508	111	0
2509	112	0
2510	113	0
2511	113	0
2512	113	0
2513	114	0
2514	113	0
2515	113	0
2516	113	0
2517	113	0
2518	112	0
2519	114	0
2520	113	0
2521	112	0
2522	113	0
2523	113	0
2524	113	0
2525	113	0
2526	113	0
2527	113	0
2528	113	0
2529	113	0
2530	113	0
2531	113	0
2532	113	0
2533	113	0
2534	113	0
2535	113	0
2536	113	0
2537	113	0
2538	112	0
2539	113	0
2540	113	0
2541	112	0
2542	113	0
2543	114	0
2544	113	0
2545	113	0
2546	113	0
2547	112	0
2548	113	0
2549	114	0
2550	112	0
2551	112	0
2552	113	0
2553	113	0
2554	113	0
2555	113	0
2556	113	0
2557	113	0
2558	113	0
2559	113	0
2560	113	0
2561	112	0
2562	113	0
2563	112	0
2564	113	0
2565	112	0
2566	113	0
2567	113	0
2568	113	0
2569	113	0
2570	113	0
2571	113	0
2572	113	0
2573	113	0
2574	113	0
2575	113	0
2576	112	0
2577	112	0
2578	112	0
2579	112	0
2580	113	0
2581	113	0
2582	113	0
2583	113	0
2584	113	0
2585	113	0
2586	113	0
2587	112	0
2588	113	0
2589	113	0
2590	112	0
2591	113	0
2592	112	0
2593	113	0
2594	113	0
2595	113	0
2596	113	0
2597	112	0
2598	112	0
2599	112	0
2600	113	0
2601	113	0
2602	113	0
2603	113	0
2604	113	0
2605	112	0
2606	112	0
2607	113	0
2608	113	0
2609	112	0
2610	113	0
2611	113	0
2612	113	0
2613	113	0
2614	112	0
2615	113	0
2616	113	0
2617	113	0
2618	113	0
2619	113	0
2620	113	0
2621	113	0
2622	113	0
2623	112	0
2624	113	0
2625	112	0
2626	113	0
2627	113	0
2628	113	0
2629	113	0
2630	113	0
2631	112	0
2632	113	0
2633	113	0
2634	113	0
2635	112	0
2636	113	0
2637	113	0
2638	113	0
2639	113	0
2640	113	0
2641	113	0
2642	113	0
2643	114	0
2644	113	0
2645	113	0
2646	113	0
2647	113	0
2648	113	0
2649	113	0
2650	113	0
2651	112	0
2652	113	0
2653	112	0
2654	113	0
2655	113	0
2656	112	0
2657	113	0
2658	113	0
2659	112	0
2660	112	0
2661	113	0
2662	113	0
2663	113	0
2664	113	0
2665	112	0
2666	113	0
2667	113	0
2668	113	0
2669	113	0
2670	113	0
2671	114	0
2672	112	0
2673	113	0
2674	112	0
2675	112	0
2676	113	0
2677	113	0
2678	113	0
2679	113	0
2680	113	0
2681	113	0
2682	113	0
2683	112	0
2684	113	0
2685	113	0
2686	113	0
2687	113	0
2688	113	0
2689	113	0
2690	113	0
2691	113	0
2692	113	0
2693	113	0
2694	113	0
2695	113	0
2696	113	0
2697	112	0
2698	113	0
2699	113	0
2700	112	0
2701	112	0
2702	113	0
2703	112	0
2704	113	0
2705	113	0
2706	112	0
2707	113	0
2708	113	0
2709	113	0
2710	112	0
2711	113	0
2712	112	0
2713	112	0
2714	113	0
2715	112	0
2716	113	0
2717	113	0
2718	113	0
2719	113	0
2720	113	0
2721	113	0
2722	113	0
2723	113	0
2724	113	0
2725	113	0
2726	112	0
2727	112	0
2728	113	0
2729	112	0
2730	113	0
2731	112	0
2732	113	0
2733	113	0
2734	113	0
2735	113	0
2736	113	0
2737	113	0
2738	113	0
2739	113	0
2740	113	0
2741	113	0
2742	113	0
2743	112	0
2744	113	0
2745	113	0
2746	112	0
2747	113	0
2748	113	0
2749	112	0
2750	113	0
2751	113	0
2752	112	0
2753	113	0
2754	112	0
2755	113	0
2756	112	0
2757	113	0
2758	113	0
2759	113	0
2760	112	0
2761	112	0
2762	113	0
2763	113	0
2764	112	0
2765	113	0
2766	113	0
2767	113	0
2768	112	0
2769	113	0
2770	113	0
2771	113	0
2772	113	0
2773	112	0
2774	113	0
2775	113	0
2776	113	0
2777	112	0
2778	112	0
2779	113	0
2780	113	0
2781	113	0
2782	113	0
2783	113	0
2784	113	0
2785	113	0
2786	112	0
2787	113	0
2788	113	0
2789	113	0
2790	112	0
2791	112	0
2792	113	0
2793	113	0
2794	113	0
2795	113	0
2796	112	0
2797	113	0
2798	112	0
2799	113	0
2800	113	0
2801	112	0
2802	112	0
2803	113	0
2804	113	0
2805	113	0
2806	112	0
2807	112	0
2808	112	0
2809	112	0
2810	113	0
2811	112	0
2812	113	0
2813	113	0
2814	113	0
2815	113	0
2816	112	0
2817	113	0
2818	112	0
2819	112	0
2820	113	0
2821	112	0
2822	113	0
2823	113	0
2824	113	0
2825	113	0
2826	113	0
2827	112	0
2828	113	0
2829	113	0
2830	113	0
2831	113	0
2832	113	0
2833	112	0
2834	113	0
2835	112	0
2836	112	0
2837	113	0
2838	113	0
2839	112	0
2840	112	0
2841	113	0
2842	113	0
2843	113	0
2844	113	0
2845	112	0
2846	113	0
2847	113	0
2848	112	0
2849	112	0
2850	113	0
2851	113	0
2852	113	0
2853	113	0
2854	113	0
2855	126	0
2856	153	0
2857	174	0
2858	190	0
2859	200	0
2860	202	0
2861	192	0
2862	173	0
2863	146	0
2864	123	0
2865	113	0
2866	111	0
2867	112	0
2868	112	0
2869	113	0
2870	112	0
2871	114	0
2872	115	0
2873	115	0
2874	115	0
2875	125	0
2876	153	0
2877	175	0
2878	192	0
2879	201	0
2880	205	0
2881	197	0
2882	177	0
2883	150	0
2884	125	0
2885	114	0
2886	111	0
2887	110	0
2888	112	0
2889	113	0
2890	113	0
2891	114	0
2892	115	0
2893	115	0
2894	116	0
2895	124	0
2896	151	0
2897	175	0
2898	192	0
2899	203	0
2900	206	0
2901	201	0
2902	181	0
2903	155	0
2904	126	0
2905	114	0
2906	110	0
2907	110	0
2908	111	0
2909	112	0
2910	113	0
2911	114	0
2912	114	0
2913	115	0
2914	117	0
2915	123	0
2916	150	0
2917	174	0
2918	193	0
2919	205	0
2920	208	0
2921	203	0
2922	182	0
2923	154	0
2924	126	0
2925	115	0
2926	111	0
2927	112	0
2928	112	0
2929	113	0
2930	113	0
2931	114	0
2932	115	0
2933	114	0
2934	115	0
2935	117	0
2936	117	0
2937	113	0
2938	112	0
2939	112	0
2940	113	0
2941	113	0
2942	112	0
2943	113	0
2944	112	0
2945	113	0
2946	113	0
2947	113	0
2948	113	0
2949	112	0
2950	113	0
2951	113	0
2952	113	0
2953	112	0
2954	113	0
2955	113	0
2956	113	0
2957	112	0
2958	112	0
2959	112	0
2960	113	0
2961	113	0
2962	113	0
2963	113	0
2964	112	0
2965	113	0
2966	113	0
2967	113	0
2968	112	0
2969	113	0
2970	113	0
2971	112	0
2972	113	0
2973	113	0
2974	113	0
2975	112	0
2976	112	0
2977	113	0
2978	112	0
2979	113	0
2980	113	0
2981	113	0
2982	112	0
2983	113	0
2984	113	0
2985	112	0
2986	113	0
2987	113	0
2988	113	0
2989	112	0
2990	112	0
2991	113	0
2992	112	0
2993	113	0
2994	114	0
2995	112	0
2996	113	0
2997	112	0
2998	113	0
2999	113	0
3000	112	0
3001	113	0
3002	113	0
3003	113	0
3004	113	0
3005	112	0
3006	112	0
3007	113	0
3008	113	0
3009	112	0
3010	113	0
3011	113	0
3012	113	0
3013	113	0
3014	113	0
3015	113	0
3016	112	0
3017	113	0
3018	113	0
3019	113	0
3020	113	0
3021	112	0
3022	113	0
3023	113	0
3024	113	0
3025	113	0
3026	112	0
3027	113	0
3028	112	0
3029	113	0
3030	113	0
3031	113	0
3032	113	0
3033	113	0
3034	112	0
3035	113	0
3036	112	0
3037	112	0
3038	113	0
3039	113	0
3040	113	0
3041	113	0
3042	113	0
3043	112	0
3044	112	0
3045	113	0
3046	112	0
3047	113	0
3048	113	0
3049	113	0
3050	112	0
3051	113	0
3052	113	0
3053	113	0
3054	112	0
3055	113	0
3056	113	0
3057	112	0
3058	113	0
3059	113	0
3060	112	0
3061	113	0
3062	113	0
3063	112	0
3064	113	0
3065	113	0
3066	114	0
3067	113	0
3068	112	0
3069	113	0
3070	113	0
3071	113	0
3072	112	0
3073	113	0
3074	112	0
3075	113	0
3076	113	0
3077	113	0
3078	113	0
3079	113	0
3080	112	0
3081	113	0
3082	113	0
3083	113	0
3084	112	0
3085	113	0
3086	113	0
3087	113	0
3088	113	0
3089	113	0
3090	112	0
3091	112	0
3092	113	0
3093	112	0
3094	113	0
3095	113	0
3096	112	0
3097	112	0
3098	112	0
3099	113	0
3100	113	0
3101	112	0
3102	113	0
3103	112	0
3104	112	0
3105	112	0
3106	114	0
3107	113	0
3108	113	0
3109	113	0
3110	113	0
3111	113	0
3112	113	0
3113	113	0
3114	113	0
3115	113	0
3116	113	0
3117	112	0
3118	113	0
3119	113	0
3120	112	0
3121	113	0
3122	112	0
3123	113	0
3124	113	0
3125	113	0
3126	113	0
3127	113	0
3128	112	0
3129	113	0
3130	113	0
3131	113	0
3132	113	0
3133	114	0
3134	114	0
3135	113	0
3136	113	0
3137	113	0
3138	113	0
3139	112	0
3140	113	0
3141	112	0
3142	113	0
3143	112	0
3144	113	0
3145	113	0
3146	112	0
3147	113	0
3148	113	0
3149	113	0
3150	112	0
3151	113	0
3152	113	0
3153	113	0
3154	113	0
3155	112	0
3156	113	0
3157	112	0
3158	112	0
3159	112	0
3160	113	0
3161	113	0
3162	114	0
3163	112	0
3164	112	0
3165	113	0
3166	112	0
3167	113	0
3168	113	0
3169	113	0
3170	112	0
3171	112	0
3172	113	0
3173	112	0
3174	113	0
3175	112	0
3176	113	0
3177	113	0
3178	113	0
3179	113	0
3180	113	0
3181	112	0
3182	113	0
3183	112	0
3184	112	0
3185	113	0
3186	112	0
3187	113	0
3188	113	0
3189	113	0
3190	113	0
3191	113	0
3192	112	0
3193	113	0
3194	112	0
3195	113	0
3196	112	0
3197	113	0
3198	113	0
3199	112	0
3200	113	0
3201	113	0
3202	113	0
3203	112	0
3204	113	0
3205	113	0
3206	112	0
3207	112	0
3208	113	0
3209	113	0
3210	113	0
3211	112	0
3212	113	0
3213	113	0
3214	113	0
3215	113	0
3216	112	0
3217	113	0
3218	113	0
3219	113	0
3220	113	0
3221	113	0
3222	113	0
3223	113	0
3224	113	0
3225	113	0
3226	113	0
3227	112	0
3228	113	0
3229	113	0
3230	112	0
3231	113	0
3232	112	0
3233	113	0
3234	113	0
3235	113	0
3236	112	0
3237	113	0
3238	113	0
3239	112	0
3240	113	0
3241	113	0
3242	113	0
3243	113	0
3244	113	0
3245	112	0
3246	113	0
3247	113	0
3248	113	0
3249	113	0
3250	112	0
3251	113	0
3252	113	0
3253	113	0
3254	113	0
3255	113	0
3256	113	0
3257	113	0
3258	112	0
3259	113	0
3260	113	0
3261	113	0
3262	112	0
3263	113	0
3264	113	0
3265	113	0
3266	112	0
3267	113	0
3268	113	0
3269	112	0
3270	113	0
3271	113	0
3272	113	0
3273	113	0
3274	113	0
3275	113	0
3276	113	0
3277	112	0
3278	113	0
3279	113	0
3280	113	0
3281	112	0
3282	113	0
3283	113	0
3284	113	0
3285	113	0
3286	113	0
3287	112	0
3288	113	0
3289	113	0
3290	112	0
3291	112	0
3292	113	0
3293	112	0
3294	113	0
3295	113	0
3296	113	0
3297	113	0
3298	113	0
3299	113	0
3300	113	0
3301	113	0
3302	113	0
3303	112	0
3304	113	0
3305	113	0
3306	112	0
3307	112	0
3308	113	0
3309	113	0
3310	113	0
3311	113	0
3312	113	0
3313	112	0
3314	113	0
3315	113	0
3316	113	0
3317	112	0
3318	113	0
3319	112	0
3320	113	0
3321	113	0
3322	112	0
3323	113	0
3324	113	0
3325	113	0
3326	113	0
3327	112	0
3328	112	0
3329	113	0
3330	113	0
3331	113	0
3332	113	0
3333	112	0
3334	113	0
3335	112	0
3336	112	0
3337	113	0
3338	113	0
3339	113	0
3340	113	0
3341	112	0
3342	113	0
3343	113	0
3344	112	0
3345	113	0
3346	113	0
3347	113	0
3348	113	0
3349	113	0
3350	112	0
3351	113	0
3352	112	0
3353	113	0
3354	113	0
3355	112	0
3356	113	0
3357	113	0
3358	112	0
3359	113	0
3360	113	0
3361	113	0
3362	113	0
3363	113	0
3364	113	0
3365	112	0
3366	113	0
3367	113	0
3368	113	0
3369	112	0
3370	113	0
3371	113	0
3372	113	0
3373	112	0
3374	113	0
3375	113	0
3376	112	0
3377	113	0
3378	113	0
3379	113	0
3380	112	0
3381	113	0
3382	113	0
3383	113	0
3384	112	0
3385	113	0
3386	112	0
3387	112	0
3388	113	0
3389	112	0
3390	113	0
3391	113	0
3392	112	0
3393	113	0
3394	112	0
3395	113	0
3396	113	0
3397	113	0
3398	113	0
3399	113	0
3400	113	0
3401	112	0
3402	112	0
3403	113	0
3404	112	0
3405	113	0
3406	113	0
3407	113	0
3408	112	0
3409	112	0
3410	113	0
3411	112	0
3412	113	0
3413	112	0
3414	113	0
3415	113	0
3416	112	0
3417	112	0
3418	112	0
3419	113	0
3420	113	0
3421	113	0
3422	113	0
3423	113	0
3424	113	0
3425	113	0
3426	113	0
3427	112	0
3428	112	0
3429	113	0
3430	112	0
3431	112	0
3432	113	0
3433	112	0
3434	112	0
3435	112	0
3436	113	0
3437	113	0
3438	113	0
3439	113	0
3440	112	0
3441	113	0
3442	113	0
3443	112	0
3444	113	0
3445	113	0
3446	113	0
3447	112	0
3448	113	0
3449	113	0
3450	113	0
3451	113	0
3452	113	0
3453	113	0
3454	113	0
3455	113	0
3456	113	0
3457	112	0
3458	113	0
3459	113	0
3460	113	0
3461	113	0
3462	113	0
3463	113	0
3464	112	0
3465	112	0
3466	113	0
3467	112	0
3468	113	0
3469	113	0
3470	113	0
3471	112	0
3472	113	0
3473	112	0
3474	113	0
3475	113	0
3476	112	0
3477	112	0
3478	113	0
3479	113	0
3480	113	0
3481	113	0
3482	112	0
3483	112	0
3484	113	0
3485	113	0
3486	113	0
3487	113	0
3488	113	0
3489	113	0
3490	112	0
3491	112	0
3492	112	0
3493	113	0
3494	112	0
3495	112	0
3496	112	0
3497	112	0
3498	113	0
3499	113	0
3500	112	0
3501	112	0
3502	113	0
3503	113	0
3504	113	0
3505	113	0
3506	113	0
3507	112	0
3508	113	0
3509	112	0
3510	112	0
3511	113	0
3512	112	0
3513	113	0
3514	112	0
3515	113	0
3516	112	0
3517	113	0
3518	113	0
3519	113	0
3520	113	0
3521	113	0
3522	113	0
3523	113	0
3524	112	0
3525	112	0
3526	113	0
3527	112	0
3528	113	0
3529	113	0
3530	112	0
3531	113	0
3532	112	0
3533	113	0
3534	113	0
3535	112	0
3536	113	0
3537	113	0
3538	113	0
3539	113	0
3540	113	0
3541	113	0
3542	113	0
3543	112	0
3544	113	0
3545	113	0
3546	113	0
3547	113	0
3548	113	0
3549	113	0
3550	112	0
3551	112	0
3552	113	0
3553	113	0
3554	113	0
3555	113	0
3556	113	0
3557	112	0
3558	113	0
3559	113	0
3560	112	0
3561	113	0
3562	112	0
3563	113	0
3564	113	0
3565	112	0
3566	113	0
3567	113	0
3568	113	0
3569	112	0
3570	113	0
3571	113	0
3572	113	0
3573	113	0
3574	112	0
3575	112	0
3576	112	0
3577	112	0
3578	113	0
3579	113	0
3580	113	0
3581	113	0
3582	112	0
3583	113	0
3584	112	0
3585	113	0
3586	113	0
3587	112	0
3588	112	0
3589	113	0
3590	113	0
3591	112	0
3592	112	0
3593	112	0
3594	113	0
3595	112	0
3596	113	0
3597	113	0
3598	112	0
3599	113	0
3600	112	0
3601	113	0
3602	112	0
3603	113	0
3604	112	0
3605	113	0
3606	113	0
3607	113	0
3608	112	0
3609	113	0
3610	113	0
3611	113	0
3612	113	0
3613	113	0
3614	113	0
3615	112	0
3616	113	0
3617	112	0
3618	113	0
3619	113	0
3620	113	0
3621	113	0
3622	113	0
3623	112	0
3624	113	0
3625	113	0
3626	112	0
3627	113	0
3628	113	0
3629	112	0
3630	113	0
3631	113	0
3632	113	0
3633	113	0
3634	113	0
3635	113	0
3636	112	0
3637	112	0
3638	112	0
3639	113	0
3640	113	0
3641	113	0
3642	113	0
3643	113	0
3644	113	0
3645	113	0
3646	113	0
3647	113	0
3648	113	0
3649	113	0
3650	113	0
3651	113	0
3652	112	0
3653	113	0
3654	112	0
3655	113	0
3656	113	0
3657	113	0
3658	113	0
3659	113	0
3660	113	0
3661	112	0
3662	113	0
3663	113	0
3664	113	0
3665	113	0
3666	112	0
3667	113	0
3668	113	0
3669	113	0
3670	113	0
3671	112	0
3672	113	0
3673	113	0
3674	113	0
3675	113	0
3676	113	0
3677	113	0
3678	112	0
3679	113	0
3680	113	0
3681	112	0
3682	113	0
3683	113	0
3684	113	0
3685	113	0
3686	113	0
3687	113	0
3688	112	0
3689	112	0
3690	112	0
3691	113	0
3692	112	0
3693	113	0
3694	113	0
3695	113	0
3696	113	0
3697	112	0
3698	113	0
3699	113	0
3700	113	0
3701	113	0
3702	113	0
3703	113	0
3704	113	0
3705	113	0
3706	112	0
3707	112	0
3708	112	0
3709	113	0
3710	113	0
3711	113	0
3712	112	0
3713	113	0
3714	113	0
3715	113	0
3716	112	0
3717	113	0
3718	112	0
3719	113	0
3720	113	0
3721	113	0
3722	113	0
3723	113	0
3724	112	0
3725	112	0
3726	113	0
3727	112	0
3728	113	0
3729	113	0
3730	113	0
3731	113	0
3732	113	0
3733	112	0
3734	113	0
3735	112	0
3736	113	0
3737	112	0
3738	114	0
3739	113	0
3740	114	0
3741	113	0
3742	112	0
3743	113	0
3744	113	0
3745	113	0
3746	113	0
3747	113	0
3748	112	0
3749	113	0
3750	113	0
3751	113	0
3752	113	0
3753	113	0
3754	113	0
3755	113	0
3756	113	0
3757	113	0
3758	112	0
3759	112	0
3760	113	0
3761	112	0
3762	113	0
3763	112	0
3764	113	0
3765	113	0
3766	113	0
3767	113	0
3768	113	0
3769	112	0
3770	113	0
3771	113	0
3772	113	0
3773	113	0
3774	113	0
3775	113	0
3776	113	0
3777	112	0
3778	112	0
3779	113	0
3780	112	0
3781	112	0
3782	113	0
3783	112	0
3784	113	0
3785	113	0
3786	113	0
3787	113	0
3788	113	0
3789	112	0
3790	113	0
3791	112	0
3792	113	0
3793	113	0
3794	112	0
3795	113	0
3796	113	0
3797	113	0
3798	113	0
3799	113	0
3800	113	0
3801	113	0
3802	112	0
3803	112	0
3804	113	0
3805	112	0
3806	115	0
3807	137	0
3808	163	0
3809	182	0
3810	196	0
3811	202	0
3812	200	0
3813	184	0
3814	161	0
3815	135	0
3816	117	0
3817	111	0
3818	110	0
3819	111	0
3820	111	0
3821	113	0
3822	113	0
3823	114	0
3824	115	0
3825	115	0
3826	117	0
3827	136	0
3828	164	0
3829	183	0
3830	197	0
3831	205	0
3832	204	0
3833	188	0
3834	165	0
3835	138	0
3836	118	0
3837	112	0
3838	111	0
3839	111	0
3840	113	0
3841	113	0
3842	113	0
3843	115	0
3844	114	0
3845	116	0
3846	117	0
3847	135	0
3848	163	0
3849	183	0
3850	198	0
3851	205	0
3852	206	0
3853	194	0
3854	170	0
3855	141	0
3856	119	0
3857	112	0
3858	110	0
3859	110	0
3860	112	0
3861	113	0
3862	112	0
3863	114	0
3864	114	0
3865	117	0
3866	117	0
3867	133	0
3868	162	0
3869	182	0
3870	198	0
3871	206	0
3872	208	0
3873	196	0
3874	170	0
3875	141	0
3876	119	0
3877	112	0
3878	110	0
3879	112	0
3880	112	0
3881	113	0
3882	113	0
3883	114	0
3884	115	0
3885	116	0
3886	116	0
3887	118	0
3888	115	0
3889	113	0
3890	113	0
3891	112	0
3892	113	0
3893	113	0
3894	113	0
3895	113	0
3896	113	0
3897	113	0
3898	113	0
3899	112	0
3900	113	0
3901	113	0
3902	113	0
3903	113	0
3904	112	0
3905	113	0
3906	113	0
3907	112	0
3908	113	0
3909	113	0
3910	113	0
3911	113	0
3912	113	0
3913	113	0
3914	113	0
3915	112	0
3916	113	0
3917	113	0
3918	113	0
3919	113	0
3920	113	0
3921	112	0
3922	113	0
3923	113	0
3924	113	0
3925	112	0
3926	113	0
3927	113	0
3928	112	0
3929	113	0
3930	112	0
3931	112	0
3932	113	0
3933	113	0
3934	112	0
3935	112	0
3936	113	0
3937	113	0
3938	113	0
3939	113	0
3940	112	0
3941	113	0
3942	113	0
3943	113	0
3944	113	0
3945	112	0
3946	113	0
3947	113	0
3948	113	0
3949	113	0
3950	112	0
3951	112	0
3952	112	0
3953	113	0
3954	112	0
3955	113	0
3956	112	0
3957	113	0
3958	113	0
3959	113	0
3960	112	0
3961	113	0
3962	113	0
3963	113	0
3964	112	0
3965	112	0
3966	113	0
3967	113	0
3968	112	0
3969	113	0
3970	113	0
3971	112	0
3972	113	0
3973	112	0
3974	112	0
3975	113	0
3976	113	0
3977	113	0
3978	113	0
3979	113	0
3980	112	0
3981	112	0
3982	113	0
3983	113	0
3984	112	0
3985	113	0
3986	113	0
3987	113	0
3988	113	0
3989	112	0
3990	113	0
3991	113	0
3992	113	0
3993	112	0
3994	112	0
3995	112	0
3996	113	0
3997	113	0
3998	113	0
3999	113	0
4000	113	0
4001	113	0
4002	113	0
4003	113	0
4004	112	0
4005	112	0
4006	113	0
4007	113	0
4008	113	0
4009	112	0
4010	113	0
4011	113	0
4012	113	0
4013	114	0
4014	113	0
4015	112	0
4016	113	0
4017	112	0
4018	113	0
4019	112	0
4020	112	0
4021	113	0
4022	113	0
4023	112	0
4024	113	0
4025	113	0
4026	112	0
4027	112	0
4028	113	0
4029	114	0
4030	113	0
4031	113	0
4032	113	0
4033	112	0
4034	113	0
4035	113	0
4036	113	0
4037	112	0
4038	112	0
4039	114	0
4040	113	0
4041	113	0
4042	113	0
4043	112	0
4044	113	0
4045	113	0
4046	113	0
4047	113	0
4048	113	0
4049	113	0
4050	112	0
4051	112	0
4052	112	0
4053	113	0
4054	113	0
4055	113	0
4056	112	0
4057	112	0
4058	112	0
4059	113	0
4060	113	0
4061	113	0
4062	113	0
4063	112	0
4064	113	0
4065	113	0
4066	113	0
4067	113	0
4068	112	0
4069	113	0
4070	113	0
4071	113	0
4072	113	0
4073	112	0
4074	113	0
4075	112	0
4076	113	0
4077	113	0
4078	113	0
4079	113	0
4080	113	0
4081	113	0
4082	112	0
4083	112	0
4084	113	0
4085	112	0
4086	113	0
4087	113	0
4088	113	0
4089	112	0
4090	112	0
4091	113	0
4092	113	0
4093	113	0
4094	112	0
4095	112	0
4096	113	0
4097	113	0
4098	112	0
4099	113	0
4100	112	0
4101	113	0
4102	113	0
4103	112	0
4104	113	0
4105	112	0
4106	113	0
4107	113	0
4108	113	0
4109	113	0
4110	113	0
4111	113	0
4112	113	0
4113	113	0
4114	113	0
4115	113	0
4116	113	0
4117	113	0
4118	113	0
4119	113	0
4120	113	0
4121	113	0
4122	112	0
4123	112	0
4124	113	0
4125	112	0
4126	113	0
4127	113	0
4128	113	0
4129	113	0
4130	113	0
4131	113	0
4132	113	0
4133	113	0
4134	113	0
4135	113	0
4136	112	0
4137	113	0
4138	113	0
4139	113	0
4140	113	0
4141	112	0
4142	114	0
4143	113	0
4144	112	0
4145	113	0
4146	113	0
4147	112	0
4148	114	0
4149	112	0
4150	113	0
4151	112	0
4152	113	0
4153	112	0
4154	113	0
4155	112	0
4156	113	0
4157	113	0
4158	113	0
4159	113	0
4160	113	0
4161	113	0
4162	112	0
4163	112	0
4164	113	0
4165	113	0
4166	113	0
4167	112	0
4168	113	0
4169	113	0
4170	113	0
4171	113	0
4172	113	0
4173	113	0
4174	113	0
4175	113	0
4176	113	0
4177	113	0
4178	113	0
4179	112	0
4180	113	0
4181	113	0
4182	112	0
4183	113	0
4184	113	0
4185	113	0
4186	113	0
4187	112	0
4188	112	0
4189	113	0
4190	112	0
4191	112	0
4192	113	0
4193	113	0
4194	113	0
4195	113	0
4196	113	0
4197	113	0
4198	112	0
4199	113	0
4200	113	0
4201	112	0
4202	113	0
4203	112	0
4204	112	0
4205	113	0
4206	113	0
4207	113	0
4208	112	0
4209	113	0
4210	113	0
4211	114	0
4212	113	0
4213	113	0
4214	112	0
4215	113	0
4216	112	0
4217	113	0
4218	113	0
4219	113	0
4220	113	0
4221	113	0
4222	113	0
4223	113	0
4224	113	0
4225	113	0
4226	113	0
4227	113	0
4228	112	0
4229	112	0
4230	113	0
4231	113	0
4232	112	0
4233	113	0
4234	113	0
4235	113	0
4236	113	0
4237	113	0
4238	112	0
4239	113	0
4240	112	0
4241	113	0
4242	113	0
4243	113	0
4244	113	0
4245	112	0
4246	113	0
4247	113	0
4248	113	0
4249	113	0
4250	112	0
4251	113	0
4252	113	0
4253	113	0
4254	113	0
4255	112	0
4256	113	0
4257	113	0
4258	112	0
4259	112	0
4260	113	0
4261	113	0
4262	113	0
4263	112	0
4264	112	0
4265	113	0
4266	113	0
4267	113	0
4268	114	0
4269	112	0
4270	113	0
4271	112	0
4272	113	0
4273	113	0
4274	113	0
4275	113	0
4276	112	0
4277	113	0
4278	112	0
4279	113	0
4280	113	0
4281	113	0
4282	113	0
4283	112	0
4284	113	0
4285	113	0
4286	113	0
4287	113	0
4288	113	0
4289	113	0
4290	112	0
4291	113	0
4292	113	0
4293	113	0
4294	113	0
4295	112	0
4296	113	0
4297	113	0
4298	113	0
4299	113	0
4300	113	0
4301	112	0
4302	113	0
4303	113	0
4304	113	0
4305	113	0
4306	113	0
4307	112	0
4308	113	0
4309	112	0
4310	112	0
4311	113	0
4312	112	0
4313	113	0
4314	112	0
4315	113	0
4316	113	0
4317	113	0
4318	113	0
4319	113	0
4320	113	0
4321	113	0
4322	112	0
4323	113	0
4324	113	0
4325	113	0
4326	113	0
4327	113	0
4328	113	0
4329	113	0
4330	113	0
4331	113	0
4332	113	0
4333	112	0
4334	112	0
4335	113	0
4336	112	0
4337	113	0
4338	113	0
4339	113	0
4340	113	0
4341	114	0
4342	113	0
4343	113	0
4344	112	0
4345	112	0
4346	112	0
4347	113	0
4348	113	0
4349	113	0
4350	113	0
4351	113	0
4352	113	0
4353	113	0
4354	113	0
4355	113	0
4356	113	0
4357	113	0
4358	112	0
4359	113	0
4360	113	0
4361	113	0
4362	113	0
4363	113	0
4364	112	0
4365	112	0
4366	113	0
4367	112	0
4368	113	0
4369	113	0
4370	113	0
4371	113	0
4372	112	0
4373	113	0
4374	113	0
4375	113	0
4376	112	0
4377	113	0
4378	113	0
4379	112	0
4380	112	0
4381	114	0
4382	113	0
4383	113	0
4384	113	0
4385	112	0
4386	113	0
4387	113	0
4388	112	0
4389	112	0
4390	112	0
4391	113	0
4392	113	0
4393	113	0
4394	113	0
4395	112	0
4396	113	0
4397	113	0
4398	113	0
4399	113	0
4400	113	0
4401	112	0
4402	113	0
4403	113	0
4404	113	0
4405	113	0
4406	113	0
4407	113	0
4408	112	0
4409	113	0
4410	113	0
4411	113	0
4412	113	0
4413	112	0
4414	113	0
4415	113	0
4416	113	0
4417	112	0
4418	113	0
4419	112	0
4420	113	0
4421	113	0
4422	113	0
4423	112	0
4424	113	0
4425	113	0
4426	113	0
4427	113	0
4428	113	0
4429	113	0
4430	113	0
4431	112	0
4432	113	0
4433	113	0
4434	113	0
4435	113	0
4436	112	0
4437	113	0
4438	112	0
4439	112	0
4440	113	0
4441	114	0
4442	113	0
4443	113	0
4444	113	0
4445	113	0
4446	113	0
4447	112	0
4448	112	0
4449	112	0
4450	113	0
4451	113	0
4452	113	0
4453	113	0
4454	112	0
4455	112	0
4456	113	0
4457	113	0
4458	112	0
4459	112	0
4460	113	0
4461	113	0
4462	113	0
4463	114	0
4464	113	0
4465	112	0
4466	112	0
4467	113	0
4468	113	0
4469	112	0
4470	113	0
4471	113	0
4472	113	0
4473	113	0
4474	113	0
4475	113	0
4476	112	0
4477	113	0
4478	112	0
4479	113	0
4480	113	0
4481	112	0
4482	112	0
4483	113	0
4484	113	0
4485	113	0
4486	113	0
4487	113	0
4488	113	0
4489	112	0
4490	113	0
4491	112	0
4492	113	0
4493	112	0
4494	113	0
4495	113	0
4496	112	0
4497	113	0
4498	113	0
4499	113	0
4500	112	0
4501	113	0
4502	113	0
4503	112	0
4504	113	0
4505	113	0
4506	113	0
4507	113	0
4508	112	0
4509	113	0
4510	113	0
4511	113	0
4512	113	0
4513	112	0
4514	113	0
4515	113	0
4516	112	0
4517	113	0
4518	113	0
4519	113	0
4520	113	0
4521	113	0
4522	113	0
4523	112	0
4524	113	0
4525	113	0
4526	113	0
4527	112	0
4528	113	0
4529	113	0
4530	112	0
4531	113	0
4532	113	0
4533	113	0
4534	113	0
4535	112	0
4536	113	0
4537	112	0
4538	113	0
4539	113	0
4540	112	0
4541	113	0
4542	113	0
4543	113	0
4544	113	0
4545	113	0
4546	113	0
4547	112	0
4548	113	0
4549	113	0
4550	113	0
4551	113	0
4552	113	0
4553	113	0
4554	113	0
4555	113	0
4556	112	0
4557	112	0
4558	112	0
4559	113	0
4560	112	0
4561	113	0
4562	112	0
4563	113	0
4564	113	0
4565	113	0
4566	113	0
4567	112	0
4568	113	0
4569	112	0
4570	113	0
4571	113	0
4572	112	0
4573	113	0
4574	113	0
4575	113	0
4576	113	0
4577	112	0
4578	113	0
4579	113	0
4580	112	0
4581	113	0
4582	112	0
4583	113	0
4584	113	0
4585	113	0
4586	113	0
4587	113	0
4588	113	0
4589	113	0
4590	112	0
4591	113	0
4592	113	0
4593	112	0
4594	113	0
4595	113	0
4596	113	0
4597	113	0
4598	112	0
4599	112	0
4600	112	0
4601	113	0
4602	112	0
4603	112	0
4604	112	0
4605	113	0
4606	113	0
4607	113	0
4608	113	0
4609	112	0
4610	112	0
4611	112	0
4612	113	0
4613	113	0
4614	113	0
4615	113	0
4616	113	0
4617	113	0
4618	113	0
4619	113	0
4620	113	0
4621	112	0
4622	113	0
4623	112	0
4624	112	0
4625	113	0
4626	113	0
4627	113	0
4628	112	0
4629	112	0
4630	112	0
4631	112	0
4632	112	0
4633	113	0
4634	113	0
4635	113	0
4636	113	0
4637	112	0
4638	112	0
4639	113	0
4640	113	0
4641	112	0
4642	112	0
4643	112	0
4644	113	0
4645	113	0
4646	113	0
4647	112	0
4648	113	0
4649	113	0
4650	112	0
4651	112	0
4652	114	0
4653	113	0
4654	113	0
4655	113	0
4656	112	0
4657	112	0
4658	112	0
4659	113	0
4660	113	0
4661	113	0
4662	113	0
4663	112	0
4664	113	0
4665	112	0
4666	113	0
4667	113	0
4668	112	0
4669	113	0
4670	112	0
4671	113	0
4672	112	0
4673	113	0
4674	113	0
4675	112	0
4676	113	0
4677	112	0
4678	112	0
4679	112	0
4680	113	0
4681	113	0
4682	112	0
4683	113	0
4684	112	0
4685	113	0
4686	113	0
4687	113	0
4688	113	0
4689	113	0
4690	113	0
4691	112	0
4692	112	0
4693	113	0
4694	112	0
4695	112	0
4696	113	0
4697	113	0
4698	113	0
4699	113	0
4700	112	0
4701	112	0
4702	112	0
4703	113	0
4704	112	0
4705	113	0
4706	113	0
4707	112	0
4708	112	0
4709	113	0
4710	113	0
4711	113	0
4712	113	0
4713	113	0
4714	112	0
4715	113	0
4716	113	0
4717	113	0
4718	113	0
4719	113	0
4720	113	0
4721	112	0
4722	113	0
4723	113	0
4724	113	0
4725	113	0
4726	112	0
4727	112	0
4728	113	0
4729	113	0
4730	112	0
4731	112	0
4732	113	0
4733	113	0
4734	113	0
4735	113	0
4736	112	0
4737	113	0
4738	113	0
4739	113	0
4740	113	0
4741	113	0
4742	113	0
4743	113	0
4744	112	0
4745	113	0
4746	113	0
4747	113	0
4748	113	0
4749	113	0
4750	112	0
4751	113	0
4752	113	0
4753	113	0
4754	113	0
4755	113	0
4756	113	0
4757	113	0
4758	113	0
4759	112	0
4760	112	0
4761	116	0
4762	136	0
4763	163	0
4764	182	0
4765	195	0
4766	202	0
4767	200	0
4768	185	0
4769	161	0
4770	135	0
4771	117	0
4772	110	0
4773	110	0
4774	111	0
4775	112	0
4776	113	0
4777	113	0
4778	114	0
4779	114	0
4780	115	0
4781	117	0
4782	137	0
4783	163	0
4784	182	0
4785	197	0
4786	204	0
4787	203	0
4788	189	0
4789	165	0
4790	138	0
4791	118	0
4792	111	0
4793	111	0
4794	111	0
4795	112	0
4796	112	0
4797	113	0
4798	113	0
4799	115	0
4800	117	0
4801	116	0
4802	134	0
4803	162	0
4804	184	0
4805	197	0
4806	205	0
4807	206	0
4808	193	0
4809	170	0
4810	142	0
4811	118	0
4812	111	0
4813	110	0
4814	111	0
4815	112	0
4816	112	0
4817	113	0
4818	114	0
4819	114	0
4820	115	0
4821	117	0
4822	133	0
4823	161	0
4824	182	0
4825	198	0
4826	206	0
4827	208	0
4828	195	0
4829	171	0
4830	141	0
4831	118	0
4832	111	0
4833	110	0
4834	112	0
4835	112	0
4836	113	0
4837	113	0
4838	114	0
4839	115	0
4840	115	0
4841	116	0
4842	117	0
4843	115	0
4844	113	0
4845	112	0
4846	113	0
4847	113	0
4848	112	0
4849	113	0
4850	112	0
4851	113	0
4852	113	0
4853	113	0
4854	113	0
4855	113	0
4856	113	0
4857	113	0
4858	112	0
4859	113	0
4860	113	0
4861	113	0
4862	113	0
4863	114	0
4864	113	0
4865	113	0
4866	113	0
4867	113	0
4868	112	0
4869	113	0
4870	113	0
4871	113	0
4872	113	0
4873	113	0
4874	113	0
4875	113	0
4876	113	0
4877	113	0
4878	113	0
4879	112	0
4880	113	0
4881	113	0
4882	112	0
4883	113	0
4884	113	0
4885	113	0
4886	112	0
4887	112	0
4888	113	0
4889	113	0
4890	112	0
4891	113	0
4892	113	0
4893	112	0
4894	112	0
4895	113	0
4896	112	0
4897	113	0
4898	113	0
4899	113	0
4900	113	0
4901	112	0
4902	112	0
4903	113	0
4904	113	0
4905	112	0
4906	113	0
4907	113	0
4908	112	0
4909	112	0
4910	113	0
4911	113	0
4912	112	0
4913	113	0
4914	113	0
4915	112	0
4916	113	0
4917	113	0
4918	112	0
4919	113	0
4920	113	0
4921	113	0
4922	113	0
4923	112	0
4924	113	0
4925	112	0
4926	112	0
4927	113	0
4928	113	0
4929	112	0
4930	113	0
4931	113	0
4932	113	0
4933	113	0
4934	113	0
4935	112	0
4936	112	0
4937	113	0
4938	113	0
4939	113	0
4940	113	0
4941	113	0
4942	113	0
4943	113	0
4944	113	0
4945	113	0
4946	113	0
4947	112	0
4948	113	0
4949	113	0
4950	113	0
4951	112	0
4952	113	0
4953	113	0
4954	113	0
4955	113	0
4956	112	0
4957	112	0
4958	112	0
4959	113	0
4960	112	0
4961	113	0
4962	113	0
4963	113	0
4964	113	0
4965	112	0
4966	113	0
4967	113	0
4968	113	0
4969	113	0
4970	113	0
4971	113	0
4972	112	0
4973	113	0
4974	113	0
4975	112	0
4976	113	0
4977	113	0
4978	113	0
4979	112	0
4980	113	0
4981	113	0
4982	113	0
4983	113	0
4984	113	0
4985	113	0
4986	113	0
4987	113	0
4988	112	0
4989	113	0
4990	113	0
4991	112	0
4992	113	0
4993	113	0
4994	113	0
4995	113	0
4996	113	0
4997	113	0
4998	113	0
4999	113	0
5000	113	0
5001	112	0
5002	113	0
5003	113	0
5004	113	0
5005	113	0
5006	113	0
5007	112	0
5008	112	0
5009	113	0
5010	113	0
5011	112	0
5012	113	0
5013	113	0
5014	112	0
5015	113	0
5016	112	0
5017	113	0
5018	113	0
5019	113	0
5020	112	0
5021	113	0
5022	113	0
5023	112	0
5024	113	0
5025	114	0
5026	113	0
5027	112	0
5028	113	0
5029	112	0
5030	113	0
5031	113	0
5032	113	0
5033	112	0
5034	113	0
5035	113	0
5036	112	0
5037	112	0
5038	113	0
5039	113	0
5040	113	0
5041	112	0
5042	113	0
5043	112	0
5044	113	0
5045	112	0
5046	113	0
5047	113	0
5048	113	0
5049	112	0
5050	113	0
5051	112	0
5052	113	0
5053	113	0
5054	112	0
5055	113	0
5056	113	0
5057	113	0
5058	113	0
5059	113	0
5060	113	0
5061	112	0
5062	113	0
5063	113	0
5064	112	0
5065	113	0
5066	113	0
5067	112	0
5068	113	0
5069	112	0
5070	113	0
5071	113	0
5072	112	0
5073	113	0
5074	113	0
5075	113	0
5076	113	0
5077	112	0
5078	113	0
5079	112	0
5080	112	0
5081	113	0
5082	112	0
5083	113	0
5084	113	0
5085	113	0
5086	112	0
5087	112	0
5088	113	0
5089	113	0
5090	113	0
5091	112	0
5092	112	0
5093	113	0
5094	113	0
5095	112	0
5096	112	0
5097	112	0
5098	112	0
5099	113	0
5100	114	0
5101	113	0
5102	113	0
5103	112	0
5104	113	0
5105	113	0
5106	112	0
5107	113	0
5108	112	0
5109	113	0
5110	113	0
5111	112	0
5112	113	0
5113	113	0
5114	113	0
5115	113	0
5116	113	0
5117	112	0
5118	113	0
5119	113	0
5120	113	0
5121	112	0
5122	113	0
5123	112	0
5124	113	0
5125	113	0
5126	113	0
5127	113	0
5128	112	0
5129	114	0
5130	112	0
5131	112	0
5132	113	0
5133	113	0
5134	113	0
5135	113	0
5136	113	0
5137	113	0
5138	113	0
5139	112	0
5140	113	0
5141	112	0
5142	113	0
5143	112	0
5144	113	0
5145	113	0
5146	113	0
5147	113	0
5148	113	0
5149	113	0
5150	113	0
5151	113	0
5152	113	0
5153	112	0
5154	112	0
5155	113	0
5156	113	0
5157	113	0
5158	112	0
5159	113	0
5160	113	0
5161	113	0
5162	113	0
5163	112	0
5164	112	0
5165	113	0
5166	113	0
5167	113	0
5168	113	0
5169	113	0
5170	113	0
5171	113	0
5172	113	0
5173	112	0
5174	113	0
5175	113	0
5176	113	0
5177	112	0
5178	113	0
5179	113	0
5180	113	0
5181	112	0
5182	113	0
5183	113	0
5184	113	0
5185	113	0
5186	114	0
5187	113	0
5188	113	0
5189	112	0
5190	113	0
5191	113	0
5192	113	0
5193	113	0
5194	114	0
5195	113	0
5196	112	0
5197	113	0
5198	113	0
5199	113	0
5200	113	0
5201	113	0
5202	113	0
5203	113	0
5204	113	0
5205	113	0
5206	112	0
5207	113	0
5208	113	0
5209	112	0
5210	113	0
5211	113	0
5212	112	0
5213	113	0
5214	113	0
5215	113	0
5216	113	0
5217	113	0
5218	112	0
5219	113	0
5220	113	0
5221	113	0
5222	112	0
5223	113	0
5224	112	0
5225	113	0
5226	112	0
5227	113	0
5228	113	0
5229	113	0
5230	113	0
5231	113	0
5232	112	0
5233	113	0
5234	113	0
5235	112	0
5236	112	0
5237	112	0
5238	113	0
5239	113	0
5240	113	0
5241	113	0
5242	113	0
5243	113	0
5244	113	0
5245	113	0
5246	112	0
5247	113	0
5248	113	0
5249	112	0
5250	113	0
5251	113	0
5252	113	0
5253	113	0
5254	113	0
5255	113	0
5256	112	0
5257	113	0
5258	113	0
5259	112	0
5260	113	0
5261	113	0
5262	112	0
5263	112	0
5264	112	0
5265	113	0
5266	112	0
5267	113	0
5268	112	0
5269	113	0
5270	113	0
5271	113	0
5272	113	0
5273	112	0
5274	113	0
5275	112	0
5276	112	0
5277	113	0
5278	113	0
5279	113	0
5280	113	0
5281	112	0
5282	112	0
5283	113	0
5284	113	0
5285	113	0
5286	113	0
5287	113	0
5288	112	0
5289	113	0
5290	112	0
5291	113	0
5292	112	0
5293	113	0
5294	113	0
5295	113	0
5296	113	0
5297	112	0
5298	112	0
5299	113	0
5300	113	0
5301	112	0
5302	113	0
5303	113	0
5304	112	0
5305	113	0
5306	112	0
5307	113	0
5308	113	0
5309	113	0
5310	112	0
5311	113	0
5312	113	0
5313	113	0
5314	113	0
5315	112	0
5316	113	0
5317	112	0
5318	112	0
5319	113	0
5320	113	0
5321	113	0
5322	112	0
5323	112	0
5324	113	0
5325	113	0
5326	112	0
5327	113	0
5328	112	0
5329	113	0
5330	113	0
5331	112	0
5332	112	0
5333	113	0
5334	112	0
5335	113	0
5336	114	0
5337	112	0
5338	113	0
5339	113	0
5340	112	0
5341	113	0
5342	113	0
5343	113	0
5344	113	0
5345	113	0
5346	112	0
5347	112	0
5348	113	0
5349	113	0
5350	113	0
5351	113	0
5352	112	0
5353	113	0
5354	113	0
5355	113	0
5356	112	0
5357	113	0
5358	113	0
5359	112	0
5360	113	0
5361	113	0
5362	112	0
5363	112	0
5364	113	0
5365	112	0
5366	113	0
5367	113	0
5368	112	0
5369	113	0
5370	113	0
5371	113	0
5372	113	0
5373	113	0
5374	113	0
5375	112	0
5376	113	0
5377	113	0
5378	113	0
5379	112	0
5380	113	0
5381	112	0
5382	112	0
5383	113	0
5384	113	0
5385	113	0
5386	113	0
5387	112	0
5388	113	0
5389	113	0
5390	113	0
5391	113	0
5392	112	0
5393	112	0
5394	112	0
5395	113	0
5396	113	0
5397	113	0
5398	113	0
5399	112	0
5400	112	0
5401	113	0
5402	113	0
5403	113	0
5404	113	0
5405	112	0
5406	112	0
5407	112	0
5408	113	0
5409	112	0
5410	112	0
5411	113	0
5412	113	0
5413	113	0
5414	113	0
5415	113	0
5416	113	0
5417	112	0
5418	112	0
5419	113	0
5420	112	0
5421	113	0
5422	113	0
5423	113	0
5424	113	0
5425	113	0
5426	112	0
5427	112	0
5428	113	0
5429	113	0
5430	113	0
5431	113	0
5432	113	0
5433	113	0
5434	113	0
5435	112	0
5436	113	0
5437	113	0
5438	113	0
5439	113	0
5440	112	0
5441	113	0
5442	113	0
5443	113	0
5444	112	0
5445	112	0
5446	113	0
5447	113	0
5448	113	0
5449	113	0
5450	113	0
5451	112	0
5452	112	0
5453	112	0
5454	113	0
5455	112	0
5456	113	0
5457	113	0
5458	112	0
5459	112	0
5460	113	0
5461	113	0
5462	112	0
5463	113	0
5464	112	0
5465	112	0
5466	113	0
5467	113	0
5468	112	0
5469	113	0
5470	113	0
5471	112	0
5472	112	0
5473	113	0
5474	113	0
5475	113	0
5476	113	0
5477	113	0
5478	112	0
5479	113	0
5480	113	0
5481	113	0
5482	113	0
5483	113	0
5484	113	0
5485	113	0
5486	112	0
5487	113	0
5488	113	0
5489	112	0
5490	113	0
5491	113	0
5492	112	0
5493	113	0
5494	113	0
5495	112	0
5496	112	0
5497	112	0
5498	113	0
5499	113	0
5500	113	0
5501	113	0
5502	113	0
5503	113	0
5504	113	0
5505	113	0
5506	113	0
5507	113	0
5508	113	0
5509	112	0
5510	113	0
5511	113	0
5512	113	0
5513	112	0
5514	113	0
5515	113	0
5516	112	0
5517	113	0
5518	113	0
5519	112	0
5520	113	0
5521	113	0
5522	113	0
5523	113	0
5524	113	0
5525	113	0
5526	112	0
5527	113	0
5528	112	0
5529	113	0
5530	113	0
5531	112	0
5532	112	0
5533	113	0
5534	113	0
5535	112	0
5536	113	0
5537	113	0
5538	113	0
5539	113	0
5540	113	0
5541	112	0
5542	113	0
5543	113	0
5544	113	0
5545	112	0
5546	113	0
5547	113	0
5548	113	0
5549	113	0
5550	112	0
5551	112	0
5552	113	0
5553	113	0
5554	112	0
5555	112	0
5556	113	0
5557	112	0
5558	113	0
5559	113	0
5560	112	0
5561	113	0
5562	112	0
5563	113	0
5564	113	0
5565	112	0
5566	112	0
5567	113	0
5568	113	0
5569	113	0
5570	113	0
5571	113	0
5572	113	0
5573	113	0
5574	113	0
5575	113	0
5576	112	0
5577	113	0
5578	113	0
5579	113	0
5580	113	0
5581	113	0
5582	113	0
5583	113	0
5584	112	0
5585	112	0
5586	113	0
5587	113	0
5588	113	0
5589	112	0
5590	113	0
5591	113	0
5592	112	0
5593	113	0
5594	113	0
5595	112	0
5596	112	0
5597	112	0
5598	113	0
5599	112	0
5600	112	0
5601	113	0
5602	113	0
5603	113	0
5604	112	0
5605	113	0
5606	112	0
5607	113	0
5608	113	0
5609	113	0
5610	113	0
5611	112	0
5612	112	0
5613	113	0
5614	113	0
5615	113	0
5616	113	0
5617	113	0
5618	113	0
5619	113	0
5620	113	0
5621	113	0
5622	113	0
5623	113	0
5624	113	0
5625	113	0
5626	112	0
5627	112	0
5628	112	0
5629	113	0
5630	112	0
5631	113	0
5632	113	0
5633	113	0
5634	112	0
5635	113	0
5636	112	0
5637	113	0
5638	113	0
5639	113	0
5640	112	0
5641	113	0
5642	113	0
5643	113	0
5644	112	0
5645	114	0
5646	113	0
5647	113	0
5648	113	0
5649	112	0
5650	113	0
5651	113	0
5652	113	0
5653	113	0
5654	113	0
5655	113	0
5656	113	0
5657	113	0
5658	113	0
5659	112	0
5660	113	0
5661	113	0
5662	112	0
5663	113	0
5664	113	0
5665	112	0
5666	112	0
5667	112	0
5668	113	0
5669	113	0
5670	112	0
5671	112	0
5672	112	0
5673	113	0
5674	113	0
5675	113	0
5676	113	0
5677	112	0
5678	113	0
5679	113	0
5680	113	0
5681	112	0
5682	113	0
5683	112	0
5684	113	0
5685	113	0
5686	112	0
5687	112	0
5688	112	0
5689	113	0
5690	113	0
5691	113	0
5692	113	0
5693	112	0
5694	113	0
5695	113	0
5696	113	0
5697	113	0
5698	113	0
5699	113	0
5700	112	0
5701	112	0
5702	113	0
5703	113	0
5704	112	0
5705	113	0
5706	113	0
5707	113	0
5708	113	0
5709	112	0
5710	113	0
5711	113	0
5712	113	0
5713	113	0
5714	113	0
5715	113	0
5716	123	0
5717	149	0
5718	171	0
5719	189	0
5720	199	0
5721	202	0
5722	194	0
5723	176	0
5724	150	0
5725	126	0
5726	113	0
5727	110	0
5728	111	0
5729	112	0
5730	113	0
5731	112	0
5732	114	0
5733	114	0
5734	115	0
5735	115	0
5736	122	0
5737	149	0
5738	173	0
5739	190	0
5740	201	0
5741	205	0
5742	198	0
5743	179	0
5744	153	0
5745	129	0
5746	114	0
5747	110	0
5748	110	0
5749	112	0
5750	112	0
5751	113	0
5752	114	0
5753	114	0
5754	116	0
5755	115	0
5756	122	0
5757	148	0
5758	173	0
5759	190	0
5760	202	0
5761	206	0
5762	204	0
5763	185	0
5764	158	0
5765	130	0
5766	115	0
5767	110	0
5768	110	0
5769	110	0
5770	113	0
5771	113	0
5772	114	0
5773	114	0
5774	115	0
5775	117	0
5776	120	0
5777	146	0
5778	173	0
5779	190	0
5780	203	0
5781	208	0
5782	205	0
5783	186	0
5784	158	0
5785	130	0
5786	115	0
5787	110	0
5788	110	0
5789	110	0
5790	113	0
5791	113	0
5792	114	0
5793	114	0
5794	114	0
5795	116	0
5796	117	0
5797	117	0
5798	114	0
5799	112	0
5800	113	0
5801	113	0
5802	112	0
5803	112	0
5804	112	0
5805	112	0
5806	112	0
5807	112	0
5808	112	0
5809	113	0
5810	112	0
5811	113	0
5812	113	0
5813	113	0
5814	112	0
5815	113	0
5816	112	0
5817	113	0
5818	112	0
5819	113	0
5820	113	0
5821	113	0
5822	113	0
5823	113	0
5824	112	0
5825	112	0
5826	112	0
5827	112	0
5828	113	0
5829	112	0
5830	112	0
5831	112	0
5832	113	0
5833	113	0
5834	113	0
5835	113	0
5836	113	0
5837	112	0
5838	113	0
5839	112	0
5840	113	0
5841	112	0
5842	113	0
5843	112	0
5844	113	0
5845	112	0
5846	113	0
5847	112	0
5848	113	0
5849	112	0
5850	113	0
5851	112	0
5852	113	0
5853	113	0
5854	113	0
5855	113	0
5856	113	0
5857	113	0
5858	112	0
5859	112	0
5860	113	0
5861	113	0
5862	113	0
5863	113	0
5864	112	0
5865	112	0
5866	113	0
5867	112	0
5868	112	0
5869	113	0
5870	113	0
5871	113	0
5872	113	0
5873	112	0
5874	113	0
5875	113	0
5876	113	0
5877	113	0
5878	113	0
5879	113	0
5880	112	0
5881	113	0
5882	112	0
5883	113	0
5884	112	0
5885	113	0
5886	112	0
5887	113	0
5888	112	0
5889	113	0
5890	113	0
5891	112	0
5892	113	0
5893	113	0
5894	113	0
5895	113	0
5896	112	0
5897	113	0
5898	113	0
5899	113	0
5900	113	0
5901	113	0
5902	112	0
5903	112	0
5904	113	0
5905	113	0
5906	113	0
5907	113	0
5908	113	0
5909	112	0
5910	112	0
5911	112	0
5912	112	0
5913	113	0
5914	113	0
5915	113	0
5916	113	0
5917	112	0
5918	113	0
5919	112	0
5920	113	0
5921	112	0
5922	113	0
5923	113	0
5924	113	0
5925	113	0
5926	113	0
5927	112	0
5928	113	0
5929	113	0
5930	113	0
5931	112	0
5932	113	0
5933	113	0
5934	113	0
5935	113	0
5936	112	0
5937	113	0
5938	113	0
5939	112	0
5940	113	0
5941	112	0
5942	113	0
5943	112	0
5944	113	0
5945	113	0
5946	112	0
5947	113	0
5948	113	0
5949	113	0
5950	113	0
5951	112	0
5952	113	0
5953	113	0
5954	113	0
5955	113	0
5956	113	0
5957	112	0
5958	113	0
5959	113	0
5960	113	0
5961	112	0
5962	112	0
5963	113	0
5964	112	0
5965	113	0
5966	113	0
5967	113	0
5968	113	0
5969	112	0
5970	112	0
5971	112	0
5972	113	0
5973	112	0
5974	113	0
5975	113	0
5976	113	0
5977	113	0
5978	112	0
5979	112	0
5980	113	0
5981	113	0
5982	113	0
5983	113	0
5984	113	0
5985	114	0
5986	113	0
5987	113	0
5988	112	0
5989	113	0
5990	113	0
5991	113	0
5992	113	0
5993	113	0
5994	113	0
5995	112	0
5996	113	0
5997	113	0
5998	113	0
5999	113	0
6000	113	0
6001	112	0
6002	113	0
6003	113	0
6004	112	0
6005	113	0
6006	112	0
6007	112	0
6008	113	0
6009	113	0
6010	112	0
6011	113	0
6012	113	0
6013	113	0
6014	113	0
6015	112	0
6016	113	0
6017	113	0
6018	113	0
6019	113	0
6020	112	0
6021	113	0
6022	113	0
6023	113	0
6024	112	0
6025	113	0
6026	112	0
6027	113	0
6028	112	0
6029	113	0
6030	113	0
6031	113	0
6032	113	0
6033	113	0
6034	112	0
6035	113	0
6036	112	0
6037	113	0
6038	112	0
6039	113	0
6040	113	0
6041	113	0
6042	112	0
6043	113	0
6044	113	0
6045	112	0
6046	113	0
6047	113	0
6048	113	0
6049	113	0
6050	113	0
6051	113	0
6052	113	0
6053	113	0
6054	113	0
6055	112	0
6056	113	0
6057	113	0
6058	113	0
6059	113	0
6060	113	0
6061	113	0
6062	113	0
6063	113	0
6064	113	0
6065	113	0
6066	113	0
6067	113	0
6068	113	0
6069	113	0
6070	112	0
6071	113	0
6072	112	0
6073	113	0
6074	113	0
6075	113	0
6076	113	0
6077	112	0
6078	113	0
6079	113	0
6080	113	0
6081	113	0
6082	112	0
6083	112	0
6084	113	0
6085	113	0
6086	112	0
6087	113	0
6088	113	0
6089	112	0
6090	113	0
6091	113	0
6092	113	0
6093	112	0
6094	113	0
6095	113	0
6096	113	0
6097	113	0
6098	113	0
6099	113	0
6100	113	0
6101	112	0
6102	113	0
6103	112	0
6104	113	0
6105	112	0
6106	112	0
6107	112	0
6108	112	0
6109	113	0
6110	113	0
6111	113	0
6112	113	0
6113	113	0
6114	113	0
6115	112	0
6116	112	0
6117	113	0
6118	113	0
6119	113	0
6120	112	0
6121	113	0
6122	112	0
6123	113	0
6124	113	0
6125	113	0
6126	112	0
6127	112	0
6128	112	0
6129	113	0
6130	113	0
6131	113	0
6132	113	0
6133	113	0
6134	113	0
6135	112	0
6136	113	0
6137	112	0
6138	113	0
6139	113	0
6140	113	0
6141	112	0
6142	113	0
6143	112	0
6144	113	0
6145	113	0
6146	112	0
6147	112	0
6148	113	0
6149	112	0
6150	113	0
6151	113	0
6152	112	0
6153	112	0
6154	113	0
6155	112	0
6156	112	0
6157	113	0
6158	113	0
6159	112	0
6160	112	0
6161	113	0
6162	112	0
6163	112	0
6164	112	0
6165	113	0
6166	113	0
6167	112	0
6168	113	0
6169	113	0
6170	113	0
6171	112	0
6172	112	0
6173	113	0
6174	113	0
6175	113	0
6176	113	0
6177	112	0
6178	113	0
6179	113	0
6180	112	0
6181	113	0
6182	113	0
6183	113	0
6184	113	0
6185	113	0
6186	113	0
6187	112	0
6188	112	0
6189	112	0
6190	113	0
6191	113	0
6192	112	0
6193	112	0
6194	113	0
6195	112	0
6196	113	0
6197	112	0
6198	112	0
6199	112	0
6200	113	0
6201	113	0
6202	112	0
6203	113	0
6204	113	0
6205	113	0
6206	113	0
6207	113	0
6208	113	0
6209	113	0
6210	113	0
6211	112	0
6212	112	0
6213	112	0
6214	113	0
6215	112	0
6216	113	0
6217	112	0
6218	112	0
6219	113	0
6220	113	0
6221	113	0
6222	112	0
6223	112	0
6224	113	0
6225	113	0
6226	112	0
6227	113	0
6228	113	0
6229	112	0
6230	112	0
6231	113	0
6232	113	0
6233	113	0
6234	113	0
6235	112	0
6236	112	0
6237	113	0
6238	113	0
6239	113	0
6240	113	0
6241	113	0
6242	113	0
6243	112	0
6244	113	0
6245	113	0
6246	113	0
6247	113	0
6248	113	0
6249	112	0
6250	113	0
6251	112	0
6252	113	0
6253	113	0
6254	112	0
6255	112	0
6256	113	0
6257	114	0
6258	112	0
6259	113	0
6260	113	0
6261	113	0
6262	113	0
6263	112	0
6264	113	0
6265	113	0
6266	113	0
6267	113	0
6268	112	0
6269	113	0
6270	113	0
6271	113	0
6272	113	0
6273	112	0
6274	113	0
6275	113	0
6276	112	0
6277	113	0
6278	113	0
6279	112	0
6280	113	0
6281	113	0
6282	113	0
6283	112	0
6284	112	0
6285	113	0
6286	112	0
6287	113	0
6288	113	0
6289	113	0
6290	113	0
6291	113	0
6292	112	0
6293	113	0
6294	113	0
6295	113	0
6296	112	0
6297	113	0
6298	113	0
6299	113	0
6300	112	0
6301	113	0
6302	113	0
6303	113	0
6304	112	0
6305	113	0
6306	113	0
6307	112	0
6308	113	0
6309	113	0
6310	113	0
6311	113	0
6312	113	0
6313	113	0
6314	112	0
6315	113	0
6316	112	0
6317	112	0
6318	113	0
6319	113	0
6320	112	0
6321	113	0
6322	113	0
6323	112	0
6324	113	0
6325	113	0
6326	113	0
6327	113	0
6328	112	0
6329	113	0
6330	112	0
6331	113	0
6332	112	0
6333	113	0
6334	112	0
6335	113	0
6336	112	0
6337	113	0
6338	113	0
6339	113	0
6340	113	0
6341	113	0
6342	114	0
6343	113	0
6344	112	0
6345	113	0
6346	113	0
6347	112	0
6348	112	0
6349	113	0
6350	112	0
6351	112	0
6352	113	0
6353	113	0
6354	113	0
6355	113	0
6356	113	0
6357	113	0
6358	113	0
6359	112	0
6360	113	0
6361	113	0
6362	112	0
6363	113	0
6364	112	0
6365	113	0
6366	113	0
6367	112	0
6368	113	0
6369	113	0
6370	112	0
6371	113	0
6372	113	0
6373	113	0
6374	113	0
6375	113	0
6376	113	0
6377	113	0
6378	112	0
6379	112	0
6380	113	0
6381	113	0
6382	113	0
6383	112	0
6384	113	0
6385	113	0
6386	113	0
6387	112	0
6388	113	0
6389	113	0
6390	113	0
6391	113	0
6392	113	0
6393	112	0
6394	112	0
6395	112	0
6396	113	0
6397	113	0
6398	113	0
6399	113	0
6400	113	0
6401	113	0
6402	113	0
6403	113	0
6404	113	0
6405	112	0
6406	113	0
6407	112	0
6408	113	0
6409	113	0
6410	112	0
6411	112	0
6412	113	0
6413	112	0
6414	113	0
6415	113	0
6416	112	0
6417	112	0
6418	113	0
6419	113	0
6420	113	0
6421	113	0
6422	113	0
6423	113	0
6424	113	0
6425	113	0
6426	112	0
6427	112	0
6428	113	0
6429	113	0
6430	113	0
6431	113	0
6432	112	0
6433	112	0
6434	113	0
6435	113	0
6436	113	0
6437	113	0
6438	113	0
6439	113	0
6440	113	0
6441	113	0
6442	113	0
6443	113	0
6444	112	0
6445	112	0
6446	112	0
6447	112	0
6448	112	0
6449	113	0
6450	112	0
6451	113	0
6452	113	0
6453	112	0
6454	113	0
6455	112	0
6456	113	0
6457	112	0
6458	112	0
6459	113	0
6460	112	0
6461	113	0
6462	113	0
6463	112	0
6464	112	0
6465	112	0
6466	112	0
6467	113	0
6468	113	0
6469	113	0
6470	113	0
6471	112	0
6472	112	0
6473	113	0
6474	113	0
6475	113	0
6476	112	0
6477	112	0
6478	112	0
6479	113	0
6480	113	0
6481	112	0
6482	113	0
6483	112	0
6484	113	0
6485	112	0
6486	113	0
6487	113	0
6488	113	0
6489	112	0
6490	113	0
6491	113	0
6492	113	0
6493	113	0
6494	113	0
6495	112	0
6496	112	0
6497	113	0
6498	112	0
6499	112	0
6500	113	0
6501	113	0
6502	113	0
6503	112	0
6504	112	0
6505	113	0
6506	112	0
6507	112	0
6508	112	0
6509	112	0
6510	113	0
6511	112	0
6512	112	0
6513	112	0
6514	112	0
6515	113	0
6516	113	0
6517	112	0
6518	113	0
6519	113	0
6520	113	0
6521	112	0
6522	113	0
6523	113	0
6524	112	0
6525	113	0
6526	113	0
6527	113	0
6528	113	0
6529	113	0
6530	113	0
6531	112	0
6532	113	0
6533	113	0
6534	113	0
6535	113	0
6536	112	0
6537	112	0
6538	112	0
6539	113	0
6540	113	0
6541	113	0
6542	113	0
6543	113	0
6544	113	0
6545	112	0
6546	113	0
6547	112	0
6548	113	0
6549	113	0
6550	113	0
6551	113	0
6552	112	0
6553	112	0
6554	113	0
6555	113	0
6556	113	0
6557	113	0
6558	112	0
6559	113	0
6560	112	0
6561	113	0
6562	112	0
6563	113	0
6564	113	0
6565	112	0
6566	113	0
6567	112	0
6568	113	0
6569	113	0
6570	113	0
6571	113	0
6572	112	0
6573	113	0
6574	113	0
6575	113	0
6576	112	0
6577	112	0
6578	112	0
6579	112	0
6580	112	0
6581	113	0
6582	112	0
6583	112	0
6584	112	0
6585	112	0
6586	113	0
6587	113	0
6588	113	0
6589	112	0
6590	113	0
6591	113	0
6592	113	0
6593	113	0
6594	112	0
6595	113	0
6596	113	0
6597	112	0
6598	112	0
6599	113	0
6600	113	0
6601	112	0
6602	113	0
6603	113	0
6604	113	0
6605	112	0
6606	113	0
6607	113	0
6608	113	0
6609	113	0
6610	113	0
6611	113	0
6612	112	0
6613	112	0
6614	112	0
6615	113	0
6616	112	0
6617	113	0
6618	112	0
6619	113	0
6620	113	0
6621	113	0
6622	112	0
6623	112	0
6624	112	0
6625	112	0
6626	113	0
6627	113	0
6628	113	0
6629	113	0
6630	112	0
6631	113	0
6632	112	0
6633	112	0
6634	113	0
6635	113	0
6636	112	0
6637	112	0
6638	113	0
6639	113	0
6640	113	0
6641	113	0
6642	113	0
6643	113	0
6644	113	0
6645	113	0
6646	113	0
6647	113	0
6648	112	0
6649	113	0
6650	112	0
6651	113	0
6652	113	0
6653	113	0
6654	113	0
6655	112	0
6656	112	0
6657	113	0
6658	112	0
6659	113	0
6660	113	0
6661	113	0
6662	112	0
6663	113	0
6664	113	0
6665	113	0
6666	113	0
6667	113	0
6668	113	0
6669	113	0
6670	114	0
6671	131	0
6672	158	0
6673	178	0
6674	193	0
6675	201	0
6676	201	0
6677	189	0
6678	168	0
6679	142	0
6680	120	0
6681	112	0
6682	110	0
6683	111	0
6684	112	0
6685	113	0
6686	112	0
6687	114	0
6688	114	0
6689	116	0
6690	116	0
6691	131	0
6692	158	0
6693	179	0
6694	194	0
6695	203	0
6696	205	0
6697	193	0
6698	172	0
6699	145	0
6700	121	0
6701	113	0
6702	110	0
6703	111	0
6704	113	0
6705	113	0
6706	113	0
6707	114	0
6708	114	0
6709	115	0
6710	116	0
6711	128	0
6712	157	0
6713	179	0
6714	195	0
6715	204	0
6716	207	0
6717	198	0
6718	177	0
6719	148	0
6720	124	0
6721	113	0
6722	110	0
6723	112	0
6724	112	0
6725	112	0
6726	113	0
6727	114	0
6728	115	0
6729	115	0
6730	116	0
6731	127	0
6732	156	0
6733	178	0
6734	195	0
6735	205	0
6736	208	0
6737	201	0
6738	177	0
6739	149	0
6740	124	0
6741	113	0
6742	110	0
6743	111	0
6744	113	0
6745	112	0
6746	113	0
6747	114	0
6748	114	0
6749	116	0
6750	116	0
6751	117	0
6752	116	0
6753	114	0
6754	113	0
6755	112	0
6756	113	0
6757	113	0
6758	113	0
6759	113	0
6760	113	0
6761	113	0
6762	113	0
6763	113	0
6764	112	0
6765	113	0
6766	112	0
6767	112	0
6768	113	0
6769	113	0
6770	112	0
6771	113	0
6772	112	0
6773	113	0
6774	113	0
6775	113	0
6776	113	0
6777	113	0
6778	113	0
6779	113	0
6780	113	0
6781	113	0
6782	113	0
6783	112	0
6784	113	0
6785	112	0
6786	113	0
6787	112	0
6788	113	0
6789	113	0
6790	112	0
6791	113	0
6792	112	0
6793	113	0
6794	113	0
6795	113	0
6796	112	0
6797	113	0
6798	113	0
6799	112	0
6800	113	0
6801	113	0
6802	113	0
6803	113	0
6804	113	0
6805	112	0
6806	113	0
6807	113	0
6808	113	0
6809	113	0
6810	113	0
6811	113	0
6812	112	0
6813	113	0
6814	112	0
6815	112	0
6816	113	0
6817	113	0
6818	112	0
6819	114	0
6820	113	0
6821	113	0
6822	112	0
6823	113	0
6824	112	0
6825	113	0
6826	113	0
6827	113	0
6828	113	0
6829	112	0
6830	113	0
6831	113	0
6832	112	0
6833	113	0
6834	112	0
6835	113	0
6836	113	0
6837	113	0
6838	114	0
6839	112	0
6840	112	0
6841	113	0
6842	113	0
6843	113	0
6844	113	0
6845	112	0
6846	113	0
6847	113	0
6848	112	0
6849	113	0
6850	113	0
6851	113	0
6852	113	0
6853	112	0
6854	113	0
6855	113	0
6856	113	0
6857	113	0
6858	112	0
6859	113	0
6860	113	0
6861	112	0
6862	113	0
6863	113	0
6864	113	0
6865	113	0
6866	113	0
6867	112	0
6868	113	0
6869	112	0
6870	113	0
6871	112	0
6872	113	0
6873	113	0
6874	113	0
6875	113	0
6876	113	0
6877	113	0
6878	113	0
6879	113	0
6880	113	0
6881	112	0
6882	113	0
6883	113	0
6884	113	0
6885	112	0
6886	112	0
6887	113	0
6888	113	0
6889	113	0
6890	112	0
6891	113	0
6892	113	0
6893	112	0
6894	113	0
6895	113	0
6896	113	0
6897	112	0
6898	112	0
6899	112	0
6900	113	0
6901	113	0
6902	112	0
6903	113	0
6904	113	0
6905	113	0
6906	112	0
6907	113	0
6908	113	0
6909	112	0
6910	113	0
6911	113	0
6912	113	0
6913	113	0
6914	113	0
6915	113	0
6916	113	0
6917	112	0
6918	113	0
6919	113	0
6920	113	0
6921	113	0
6922	113	0
6923	113	0
6924	113	0
6925	112	0
6926	113	0
6927	112	0
6928	113	0
6929	113	0
6930	112	0
6931	113	0
6932	113	0
6933	112	0
6934	113	0
6935	112	0
6936	113	0
6937	112	0
6938	113	0
6939	112	0
6940	113	0
6941	113	0
6942	112	0
6943	113	0
6944	112	0
6945	113	0
6946	113	0
6947	113	0
6948	112	0
6949	113	0
6950	112	0
6951	113	0
6952	112	0
6953	113	0
6954	113	0
6955	113	0
6956	113	0
6957	112	0
6958	113	0
6959	113	0
6960	113	0
6961	112	0
6962	113	0
6963	113	0
6964	113	0
6965	112	0
6966	113	0
6967	113	0
6968	113	0
6969	113	0
6970	113	0
6971	112	0
6972	113	0
6973	112	0
6974	113	0
6975	113	0
6976	113	0
6977	113	0
6978	113	0
6979	113	0
6980	112	0
6981	113	0
6982	113	0
6983	112	0
6984	112	0
6985	112	0
6986	113	0
6987	112	0
6988	113	0
6989	113	0
6990	112	0
6991	112	0
6992	113	0
6993	113	0
6994	113	0
6995	113	0
6996	113	0
6997	112	0
6998	113	0
6999	112	0
7000	113	0
7001	113	0
7002	112	0
7003	113	0
7004	112	0
7005	112	0
7006	112	0
7007	112	0
7008	113	0
7009	112	0
7010	113	0
7011	113	0
7012	113	0
7013	113	0
7014	113	0
7015	113	0
7016	113	0
7017	113	0
7018	113	0
7019	113	0
7020	112	0
7021	113	0
7022	113	0
7023	113	0
7024	112	0
7025	113	0
7026	113	0
7027	112	0
7028	113	0
7029	112	0
7030	113	0
7031	113	0
7032	112	0
7033	113	0
7034	112	0
7035	113	0
7036	112	0
7037	113	0
7038	112	0
7039	112	0
7040	113	0
7041	113	0
7042	113	0
7043	112	0
7044	112	0
7045	112	0
7046	113	0
7047	113	0
7048	112	0
7049	112	0
7050	113	0
7051	112	0
7052	113	0
7053	113	0
7054	113	0
7055	113	0
7056	113	0
7057	113	0
7058	112	0
7059	112	0
7060	112	0
7061	113	0
7062	113	0
7063	113	0
7064	113	0
7065	113	0
7066	113	0
7067	112	0
7068	113	0
7069	112	0
7070	113	0
7071	113	0
7072	112	0
7073	112	0
7074	113	0
7075	112	0
7076	113	0
7077	113	0
7078	113	0
7079	112	0
7080	113	0
7081	112	0
7082	112	0
7083	113	0
7084	112	0
7085	113	0
7086	113	0
7087	113	0
7088	112	0
7089	112	0
7090	113	0
7091	113	0
7092	113	0
7093	113	0
7094	113	0
7095	113	0
7096	112	0
7097	113	0
7098	113	0
7099	113	0
7100	113	0
7101	113	0
7102	113	0
7103	113	0
7104	113	0
7105	113	0
7106	113	0
7107	112	0
7108	113	0
7109	113	0
7110	112	0
7111	113	0
7112	112	0
7113	113	0
7114	113	0
7115	113	0
7116	112	0
7117	113	0
7118	113	0
7119	113	0
7120	113	0
7121	113	0
7122	113	0
7123	113	0
7124	113	0
7125	113	0
7126	113	0
7127	113	0
7128	112	0
7129	112	0
7130	112	0
7131	113	0
7132	113	0
7133	112	0
7134	113	0
7135	113	0
7136	112	0
7137	113	0
7138	113	0
7139	113	0
7140	113	0
7141	113	0
7142	112	0
7143	112	0
7144	113	0
7145	112	0
7146	113	0
7147	113	0
7148	112	0
7149	113	0
7150	113	0
7151	113	0
7152	113	0
7153	112	0
7154	113	0
7155	113	0
7156	113	0
7157	112	0
7158	113	0
7159	113	0
7160	113	0
7161	113	0
7162	112	0
7163	113	0
7164	113	0
7165	112	0
7166	112	0
7167	112	0
7168	112	0
7169	113	0
7170	112	0
7171	113	0
7172	113	0
7173	113	0
7174	113	0
7175	112	0
7176	113	0
7177	112	0
7178	113	0
7179	113	0
7180	112	0
7181	113	0
7182	113	0
7183	113	0
7184	113	0
7185	113	0
7186	113	0
7187	112	0
7188	113	0
7189	112	0
7190	112	0
7191	113	0
7192	112	0
7193	112	0
7194	113	0
7195	113	0
7196	113	0
7197	113	0
7198	113	0
7199	113	0
7200	113	0
7201	113	0
7202	113	0
7203	113	0
7204	112	0
7205	112	0
7206	113	0
7207	112	0
7208	113	0
7209	113	0
7210	113	0
7211	112	0
7212	113	0
7213	113	0
7214	113	0
7215	113	0
7216	112	0
7217	113	0
7218	113	0
7219	113	0
7220	113	0
7221	113	0
7222	113	0
7223	112	0
7224	112	0
7225	113	0
7226	113	0
7227	113	0
7228	113	0
7229	113	0
7230	113	0
7231	113	0
7232	113	0
7233	112	0
7234	113	0
7235	112	0
7236	113	0
7237	112	0
7238	113	0
7239	112	0
7240	113	0
7241	113	0
7242	112	0
7243	112	0
7244	112	0
7245	113	0
7246	113	0
7247	113	0
7248	113	0
7249	113	0
7250	112	0
7251	112	0
7252	113	0
7253	113	0
7254	113	0
7255	113	0
7256	112	0
7257	112	0
7258	113	0
7259	113	0
7260	113	0
7261	113	0
7262	113	0
7263	113	0
7264	113	0
7265	112	0
7266	113	0
7267	113	0
7268	113	0
7269	112	0
7270	113	0
7271	113	0
7272	113	0
7273	113	0
7274	112	0
7275	113	0
7276	112	0
7277	113	0
7278	112	0
7279	113	0
7280	112	0
7281	113	0
7282	113	0
7283	113	0
7284	113	0
7285	112	0
7286	113	0
7287	113	0
7288	112	0
7289	112	0
7290	113	0
7291	113	0
7292	112	0
7293	112	0
7294	113	0
7295	113	0
7296	112	0
7297	112	0
7298	113	0
7299	112	0
7300	113	0
7301	113	0
7302	113	0
7303	113	0
7304	113	0
7305	113	0
7306	113	0
7307	113	0
7308	112	0
7309	113	0
7310	113	0
7311	113	0
7312	113	0
7313	113	0
7314	113	0
7315	113	0
7316	113	0
7317	112	0
7318	113	0
7319	113	0
7320	113	0
7321	113	0
7322	112	0
7323	112	0
7324	113	0
7325	112	0
7326	113	0
7327	113	0
7328	112	0
7329	113	0
7330	113	0
7331	112	0
7332	112	0
7333	112	0
7334	113	0
7335	113	0
7336	112	0
7337	113	0
7338	113	0
7339	112	0
7340	112	0
7341	112	0
7342	113	0
7343	113	0
7344	113	0
7345	113	0
7346	112	0
7347	113	0
7348	113	0
7349	113	0
7350	113	0
7351	113	0
7352	113	0
7353	112	0
7354	113	0
7355	113	0
7356	113	0
7357	112	0
7358	112	0
7359	113	0
7360	112	0
7361	113	0
7362	113	0
7363	113	0
7364	112	0
7365	113	0
7366	113	0
7367	112	0
7368	113	0
7369	112	0
7370	113	0
7371	112	0
7372	113	0
7373	113	0
7374	112	0
7375	112	0
7376	113	0
7377	112	0
7378	112	0
7379	113	0
7380	113	0
7381	112	0
7382	113	0
7383	112	0
7384	112	0
7385	113	0
7386	112	0
7387	113	0
7388	112	0
7389	113	0
7390	113	0
7391	113	0
7392	113	0
7393	113	0
7394	113	0
7395	113	0
7396	113	0
7397	113	0
7398	112	0
7399	113	0
7400	113	0
7401	112	0
7402	113	0
7403	112	0
7404	113	0
7405	113	0
7406	114	0
7407	112	0
7408	113	0
7409	113	0
7410	113	0
7411	113	0
7412	113	0
7413	114	0
7414	113	0
7415	113	0
7416	113	0
7417	113	0
7418	113	0
7419	114	0
7420	113	0
7421	113	0
7422	113	0
7423	113	0
7424	112	0
7425	113	0
7426	113	0
7427	112	0
7428	112	0
7429	113	0
7430	113	0
7431	112	0
7432	113	0
7433	113	0
7434	113	0
7435	113	0
7436	113	0
7437	112	0
7438	113	0
7439	113	0
7440	112	0
7441	113	0
7442	113	0
7443	113	0
7444	113	0
7445	113	0
7446	112	0
7447	113	0
7448	112	0
7449	113	0
7450	113	0
7451	113	0
7452	112	0
7453	113	0
7454	112	0
7455	113	0
7456	113	0
7457	113	0
7458	113	0
7459	112	0
7460	113	0
7461	112	0
7462	112	0
7463	113	0
7464	113	0
7465	113	0
7466	113	0
7467	113	0
7468	113	0
7469	113	0
7470	112	0
7471	113	0
7472	113	0
7473	113	0
7474	112	0
7475	112	0
7476	112	0
7477	113	0
7478	112	0
7479	113	0
7480	112	0
7481	112	0
7482	113	0
7483	113	0
7484	112	0
7485	113	0
7486	112	0
7487	113	0
7488	113	0
7489	113	0
7490	113	0
7491	112	0
7492	113	0
7493	112	0
7494	113	0
7495	113	0
7496	112	0
7497	113	0
7498	113	0
7499	113	0
7500	112	0
7501	113	0
7502	113	0
7503	113	0
7504	113	0
7505	112	0
7506	113	0
7507	112	0
7508	113	0
7509	113	0
7510	113	0
7511	113	0
7512	113	0
7513	113	0
7514	113	0
7515	113	0
7516	113	0
7517	112	0
7518	112	0
7519	112	0
7520	113	0
7521	113	0
7522	113	0
7523	113	0
7524	113	0
7525	112	0
7526	113	0
7527	113	0
7528	113	0
7529	113	0
7530	112	0
7531	113	0
7532	113	0
7533	112	0
7534	113	0
7535	113	0
7536	112	0
7537	113	0
7538	113	0
7539	113	0
7540	112	0
7541	114	0
7542	113	0
7543	112	0
7544	113	0
7545	113	0
7546	113	0
7547	113	0
7548	113	0
7549	113	0
7550	113	0
7551	112	0
7552	113	0
7553	112	0
7554	112	0
7555	113	0
7556	113	0
7557	113	0
7558	113	0
7559	113	0
7560	113	0
7561	112	0
7562	113	0
7563	113	0
7564	113	0
7565	113	0
7566	112	0
7567	113	0
7568	113	0
7569	112	0
7570	113	0
7571	112	0
7572	113	0
7573	112	0
7574	113	0
7575	113	0
7576	113	0
7577	113	0
7578	113	0
7579	113	0
7580	113	0
7581	113	0
7582	113	0
7583	113	0
7584	113	0
7585	113	0
7586	113	0
7587	113	0
7588	113	0
7589	113	0
7590	113	0
7591	112	0
7592	113	0
7593	113	0
7594	113	0
7595	113	0
7596	112	0
7597	112	0
7598	113	0
7599	112	0
7600	112	0
7601	113	0
7602	112	0
7603	113	0
7604	113	0
7605	112	0
7606	112	0
7607	112	0
7608	113	0
7609	113	0
7610	113	0
7611	113	0
7612	113	0
7613	113	0
7614	112	0
7615	112	0
7616	113	0
7617	113	0
7618	113	0
7619	113	0
7620	113	0
7621	113	0
7622	112	0
7623	113	0
7624	124	0
7625	150	0
7626	173	0
7627	190	0
7628	200	0
7629	203	0
7630	193	0
7631	174	0
7632	147	0
7633	125	0
7634	113	0
7635	110	0
7636	111	0
7637	113	0
7638	113	0
7639	113	0
7640	114	0
7641	114	0
7642	115	0
7643	115	0
7644	125	0
7645	150	0
7646	174	0
7647	190	0
7648	200	0
7649	205	0
7650	198	0
7651	177	0
7652	150	0
7653	126	0
7654	113	0
7655	110	0
7656	110	0
7657	112	0
7658	113	0
7659	113	0
7660	115	0
7661	114	0
7662	115	0
7663	117	0
7664	123	0
7665	150	0
7666	174	0
7667	190	0
7668	203	0
7669	206	0
7670	202	0
7671	182	0
7672	155	0
7673	129	0
7674	114	0
7675	111	0
7676	110	0
7677	112	0
7678	113	0
7679	113	0
7680	113	0
7681	114	0
7682	116	0
7683	115	0
7684	121	0
7685	149	0
7686	174	0
7687	193	0
7688	203	0
7689	208	0
7690	203	0
7691	185	0
7692	157	0
7693	128	0
7694	115	0
7695	110	0
7696	111	0
7697	112	0
7698	113	0
7699	112	0
7700	114	0
7701	114	0
7702	116	0
7703	115	0
7704	117	0
7705	117	0
7706	114	0
7707	113	0
7708	113	0
7709	113	0
7710	112	0
7711	113	0
7712	113	0
7713	113	0
7714	113	0
7715	113	0
7716	112	0
7717	113	0
7718	113	0
7719	112	0
7720	113	0
7721	114	0
7722	113	0
7723	113	0
7724	112	0
7725	112	0
7726	113	0
7727	113	0
7728	113	0
7729	113	0
7730	113	0
7731	113	0
7732	112	0
7733	112	0
7734	112	0
7735	113	0
7736	113	0
7737	113	0
7738	113	0
7739	113	0
7740	113	0
7741	112	0
7742	112	0
7743	113	0
7744	112	0
7745	113	0
7746	113	0
7747	113	0
7748	113	0
7749	113	0
7750	113	0
7751	113	0
7752	113	0
7753	113	0
7754	113	0
7755	112	0
7756	113	0
7757	112	0
7758	113	0
7759	113	0
7760	113	0
7761	112	0
7762	112	0
7763	113	0
7764	113	0
7765	113	0
7766	113	0
7767	112	0
7768	113	0
7769	113	0
7770	112	0
7771	113	0
7772	112	0
7773	113	0
7774	113	0
7775	113	0
7776	113	0
7777	113	0
7778	113	0
7779	113	0
7780	113	0
7781	113	0
7782	112	0
7783	112	0
7784	113	0
7785	113	0
7786	112	0
7787	112	0
7788	113	0
7789	112	0
7790	113	0
7791	113	0
7792	113	0
7793	112	0
7794	113	0
7795	113	0
7796	113	0
7797	112	0
7798	113	0
7799	113	0
7800	113	0
7801	113	0
7802	113	0
7803	113	0
7804	112	0
7805	113	0
7806	113	0
7807	112	0
7808	113	0
7809	112	0
7810	112	0
7811	113	0
7812	112	0
7813	113	0
7814	113	0
7815	113	0
7816	112	0
7817	113	0
7818	112	0
7819	112	0
7820	113	0
7821	112	0
7822	112	0
7823	113	0
7824	112	0
7825	113	0
7826	113	0
7827	113	0
7828	113	0
7829	112	0
7830	113	0
7831	113	0
7832	113	0
7833	113	0
7834	112	0
7835	112	0
7836	113	0
7837	112	0
7838	113	0
7839	113	0
7840	113	0
7841	113	0
7842	112	0
7843	113	0
7844	113	0
7845	113	0
7846	113	0
7847	112	0
7848	113	0
7849	112	0
7850	113	0
7851	113	0
7852	113	0
7853	113	0
7854	112	0
7855	113	0
7856	113	0
7857	113	0
7858	113	0
7859	114	0
7860	112	0
7861	113	0
7862	113	0
7863	112	0
7864	113	0
7865	113	0
7866	113	0
7867	113	0
7868	113	0
7869	113	0
7870	113	0
7871	112	0
7872	113	0
7873	113	0
7874	112	0
7875	113	0
7876	113	0
7877	113	0
7878	112	0
7879	112	0
7880	112	0
7881	112	0
7882	112	0
7883	112	0
7884	113	0
7885	112	0
7886	112	0
7887	113	0
7888	113	0
7889	113	0
7890	113	0
7891	113	0
7892	112	0
7893	113	0
7894	113	0
7895	112	0
7896	113	0
7897	113	0
7898	113	0
7899	113	0
7900	112	0
7901	113	0
7902	113	0
7903	113	0
7904	113	0
7905	113	0
7906	113	0
7907	113	0
7908	113	0
7909	112	0
7910	113	0
7911	112	0
7912	113	0
7913	113	0
7914	112	0
7915	113	0
7916	113	0
7917	112	0
7918	113	0
7919	113	0
7920	113	0
7921	112	0
7922	113	0
7923	113	0
7924	113	0
7925	113	0
7926	113	0
7927	112	0
7928	113	0
7929	113	0
7930	113	0
7931	113	0
7932	113	0
7933	113	0
7934	113	0
7935	113	0
7936	112	0
7937	113	0
7938	113	0
7939	113	0
7940	112	0
7941	112	0
7942	113	0
7943	112	0
7944	113	0
7945	113	0
7946	113	0
7947	112	0
7948	113	0
7949	113	0
7950	113	0
7951	113	0
7952	113	0
7953	113	0
7954	113	0
7955	113	0
7956	112	0
7957	113	0
7958	112	0
7959	113	0
7960	112	0
7961	113	0
7962	113	0
7963	113	0
7964	113	0
7965	113	0
7966	114	0
7967	113	0
7968	113	0
7969	113	0
7970	113	0
7971	113	0
7972	112	0
7973	112	0
7974	112	0
7975	113	0
7976	113	0
7977	113	0
7978	113	0
7979	113	0
7980	112	0
7981	113	0
7982	113	0
7983	113	0
7984	112	0
7985	112	0
7986	112	0
7987	113	0
7988	113	0
7989	113	0
7990	113	0
7991	112	0
7992	112	0
7993	112	0
7994	113	0
7995	113	0
7996	113	0
7997	112	0
7998	113	0
7999	113	0
