Oscilloscope data. 
Time step = 10,00 nS
Voltage step = 1,563 mV
Zero level = 94

N 	Smpl.	Trig

0	125	0
1	150	0
2	172	0
3	188	0
4	198	0
5	200	0
6	190	0
7	173	0
8	149	0
9	126	0
10	115	0
11	113	0
12	112	0
13	113	0
14	114	0
15	115	0
16	115	0
17	116	0
18	117	0
19	117	0
20	125	0
21	150	0
22	173	0
23	189	0
24	198	0
25	200	0
26	182	0
27	150	0
28	129	0
29	117	0
30	113	0
31	112	0
32	112	0
33	114	0
34	114	0
35	115	0
36	115	0
37	115	0
38	116	0
39	117	0
40	115	0
41	114	0
42	115	0
43	115	0
44	114	0
45	114	0
46	114	0
47	114	0
48	113	0
49	114	0
50	114	0
51	113	0
52	113	0
53	114	0
54	114	0
55	114	0
56	114	0
57	114	0
58	114	0
59	114	0
60	114	0
61	113	0
62	114	0
63	114	0
64	114	0
65	114	0
66	114	0
67	114	0
68	114	0
69	114	0
70	113	0
71	114	0
72	114	0
73	113	0
74	114	0
75	114	0
76	115	0
77	114	0
78	113	0
79	114	0
80	114	0
81	113	0
82	114	0
83	115	0
84	115	0
85	115	0
86	114	0
87	114	0
88	114	0
89	115	0
90	115	0
91	115	0
92	114	0
93	114	0
94	114	0
95	114	0
96	114	0
97	114	0
98	113	0
99	114	0
100	114	0
101	113	0
102	114	0
103	115	0
104	115	0
105	114	0
106	114	0
107	114	0
108	114	0
109	115	0
110	114	0
111	114	0
112	114	0
113	114	0
114	114	0
115	114	0
116	114	0
117	114	0
118	114	0
119	115	0
120	114	0
121	114	0
122	113	0
123	114	0
124	115	0
125	114	0
126	114	0
127	114	0
128	114	0
129	113	0
130	114	0
131	113	0
132	114	0
133	114	0
134	114	0
135	114	0
136	114	0
137	115	0
138	115	0
139	114	0
140	114	0
141	114	0
142	114	0
143	114	0
144	115	0
145	114	0
146	114	0
147	114	0
148	113	0
149	113	0
150	114	0
151	114	0
152	114	0
153	115	0
154	114	0
155	115	0
156	115	0
157	114	0
158	114	0
159	114	0
160	114	0
161	113	0
162	115	0
163	114	0
164	114	0
165	114	0
166	115	0
167	114	0
168	114	0
169	114	0
170	114	0
171	115	0
172	114	0
173	114	0
174	114	0
175	115	0
176	115	0
177	114	0
178	114	0
179	114	0
180	114	0
181	115	0
182	114	0
183	115	0
184	114	0
185	114	0
186	114	0
187	114	0
188	114	0
189	114	0
190	115	0
191	114	0
192	115	0
193	113	0
194	114	0
195	115	0
196	115	0
197	115	0
198	114	0
199	115	0
200	114	0
201	114	0
202	114	0
203	113	0
204	114	0
205	115	0
206	114	0
207	114	0
208	114	0
209	114	0
210	115	0
211	115	0
212	114	0
213	114	0
214	113	0
215	114	0
216	114	0
217	114	0
218	114	0
219	115	0
220	115	0
221	114	0
222	115	0
223	115	0
224	115	0
225	114	0
226	114	0
227	114	0
228	114	0
229	114	0
230	114	0
231	114	0
232	114	0
233	114	0
234	115	0
235	114	0
236	114	0
237	114	0
238	115	0
239	114	0
240	114	0
241	113	0
242	114	0
243	114	0
244	114	0
245	115	0
246	115	0
247	115	0
248	114	0
249	115	0
250	115	0
251	114	0
252	114	0
253	114	0
254	115	0
255	114	0
256	114	0
257	114	0
258	114	0
259	114	0
260	114	0
261	114	0
262	114	0
263	114	0
264	115	0
265	114	0
266	114	0
267	114	0
268	113	0
269	114	0
270	115	0
271	114	0
272	114	0
273	115	0
274	115	0
275	113	0
276	114	0
277	114	0
278	114	0
279	115	0
280	114	0
281	114	0
282	113	0
283	113	0
284	114	0
285	115	0
286	114	0
287	114	0
288	114	0
289	115	0
290	115	0
291	114	0
292	114	0
293	114	0
294	115	0
295	114	0
296	114	0
297	113	0
298	113	0
299	114	0
300	115	0
301	113	0
302	114	0
303	114	0
304	115	0
305	114	0
306	115	0
307	114	0
308	114	0
309	114	0
310	114	0
311	114	0
312	114	0
313	114	0
314	114	0
315	114	0
316	113	0
317	114	0
318	114	0
319	114	0
320	114	0
321	115	0
322	114	0
323	114	0
324	115	0
325	114	0
326	114	0
327	113	0
328	113	0
329	115	0
330	114	0
331	115	0
332	114	0
333	114	0
334	115	0
335	114	0
336	114	0
337	115	0
338	114	0
339	115	0
340	114	0
341	114	0
342	114	0
343	114	0
344	114	0
345	114	0
346	113	0
347	114	0
348	114	0
349	114	0
350	115	0
351	115	0
352	115	0
353	115	0
354	114	0
355	114	0
356	114	0
357	114	0
358	114	0
359	114	0
360	114	0
361	114	0
362	114	0
363	114	0
364	114	0
365	114	0
366	114	0
367	114	0
368	114	0
369	114	0
370	114	0
371	113	0
372	113	0
373	114	0
374	114	0
375	114	0
376	114	0
377	114	0
378	115	0
379	113	0
380	114	0
381	113	0
382	114	0
383	114	0
384	114	0
385	115	0
386	114	0
387	114	0
388	114	0
389	114	0
390	115	0
391	113	0
392	114	0
393	114	0
394	114	0
395	114	0
396	114	0
397	114	0
398	114	0
399	114	0
400	114	0
401	114	0
402	114	0
403	114	0
404	115	0
405	114	0
406	114	0
407	114	0
408	114	0
409	115	0
410	115	0
411	114	0
412	113	0
413	114	0
414	114	0
415	114	0
416	115	0
417	113	0
418	115	0
419	114	0
420	114	0
421	114	0
422	114	0
423	114	0
424	114	0
425	114	0
426	114	0
427	114	0
428	114	0
429	115	0
430	114	0
431	114	0
432	113	0
433	114	0
434	115	0
435	114	0
436	115	0
437	114	0
438	114	0
439	114	0
440	114	0
441	114	0
442	115	0
443	114	0
444	113	0
445	114	0
446	115	0
447	114	0
448	114	0
449	113	0
450	114	0
451	114	0
452	114	0
453	114	0
454	115	0
455	115	0
456	114	0
457	113	0
458	113	0
459	114	0
460	114	0
461	114	0
462	114	0
463	114	0
464	115	0
465	114	0
466	113	0
467	114	0
468	114	0
469	114	0
470	115	0
471	114	0
472	115	0
473	114	0
474	114	0
475	113	0
476	115	0
477	114	0
478	114	0
479	114	0
480	114	0
481	114	0
482	115	0
483	114	0
484	114	0
485	114	0
486	114	0
487	114	0
488	115	0
489	114	0
490	113	0
491	114	0
492	114	0
493	114	0
494	114	0
495	114	0
496	115	0
497	115	0
498	114	0
499	114	0
500	114	0
501	115	0
502	114	0
503	115	0
504	114	0
505	114	0
506	114	0
507	114	0
508	115	0
509	114	0
510	114	0
511	114	0
512	114	0
513	115	0
514	115	0
515	114	0
516	114	0
517	114	0
518	115	0
519	114	0
520	114	0
521	114	0
522	114	0
523	113	0
524	113	0
525	114	0
526	113	0
527	114	0
528	114	0
529	114	0
530	114	0
531	113	0
532	115	0
533	114	0
534	114	0
535	113	0
536	114	0
537	115	0
538	114	0
539	114	0
540	115	0
541	115	0
542	114	0
543	114	0
544	114	0
545	114	0
546	114	0
547	113	0
548	114	0
549	113	0
550	114	0
551	114	0
552	114	0
553	115	0
554	114	0
555	115	0
556	114	0
557	114	0
558	115	0
559	115	0
560	114	0
561	114	0
562	113	0
563	115	0
564	113	0
565	114	0
566	114	0
567	115	0
568	114	0
569	114	0
570	114	0
571	114	0
572	114	0
573	114	0
574	114	0
575	114	0
576	114	0
577	114	0
578	113	0
579	114	0
580	114	0
581	115	0
582	114	0
583	115	0
584	115	0
585	114	0
586	114	0
587	114	0
588	114	0
589	114	0
590	115	0
591	114	0
592	113	0
593	114	0
594	114	0
595	115	0
596	114	0
597	115	0
598	114	0
599	113	0
600	114	0
601	115	0
602	114	0
603	114	0
604	115	0
605	114	0
606	114	0
607	114	0
608	115	0
609	115	0
610	114	0
611	114	0
612	114	0
613	114	0
614	114	0
615	114	0
616	114	0
617	114	0
618	114	0
619	114	0
620	114	0
621	114	0
622	114	0
623	114	0
624	113	0
625	114	0
626	114	0
627	114	0
628	114	0
629	115	0
630	114	0
631	114	0
632	114	0
633	114	0
634	115	0
635	114	0
636	114	0
637	114	0
638	114	0
639	114	0
640	115	0
641	114	0
642	114	0
643	114	0
644	114	0
645	114	0
646	115	0
647	114	0
648	115	0
649	113	0
650	114	0
651	113	0
652	114	0
653	115	0
654	114	0
655	114	0
656	114	0
657	114	0
658	114	0
659	115	0
660	114	0
661	114	0
662	114	0
663	115	0
664	113	0
665	114	0
666	114	0
667	114	0
668	115	0
669	114	0
670	115	0
671	114	0
672	115	0
673	114	0
674	115	0
675	114	0
676	114	0
677	113	0
678	114	0
679	115	0
680	114	0
681	115	0
682	114	0
683	114	0
684	114	0
685	115	0
686	114	0
687	115	0
688	114	0
689	114	0
690	114	0
691	114	0
692	114	0
693	114	0
694	115	0
695	114	0
696	114	0
697	113	0
698	114	0
699	115	0
700	113	0
701	113	0
702	115	0
703	115	0
704	115	0
705	114	0
706	114	0
707	113	0
708	114	0
709	114	0
710	115	0
711	114	0
712	114	0
713	114	0
714	113	0
715	114	0
716	114	0
717	114	0
718	114	0
719	114	0
720	114	0
721	114	0
722	114	0
723	115	0
724	115	0
725	114	0
726	114	0
727	114	0
728	114	0
729	115	0
730	114	0
731	114	0
732	114	0
733	114	0
734	114	0
735	115	0
736	115	0
737	115	0
738	115	0
739	114	0
740	114	0
741	114	0
742	114	0
743	114	0
744	115	0
745	114	0
746	114	0
747	115	0
748	114	0
749	114	0
750	114	0
751	113	0
752	114	0
753	114	0
754	114	0
755	114	0
756	114	0
757	114	0
758	114	0
759	115	0
760	114	0
761	114	0
762	114	0
763	114	0
764	114	0
765	114	0
766	113	0
767	114	0
768	113	0
769	113	0
770	114	0
771	114	0
772	114	0
773	114	0
774	114	0
775	114	0
776	114	0
777	114	0
778	114	0
779	113	0
780	113	0
781	115	0
782	114	0
783	114	0
784	115	0
785	114	0
786	114	0
787	115	0
788	114	0
789	114	0
790	115	0
791	114	0
792	115	0
793	114	0
794	114	0
795	115	0
796	115	0
797	114	0
798	114	0
799	114	0
800	114	0
801	114	0
802	115	0
803	114	0
804	113	0
805	114	0
806	114	0
807	114	0
808	113	0
809	114	0
810	114	0
811	114	0
812	114	0
813	114	0
814	114	0
815	113	0
816	114	0
817	113	0
818	114	0
819	114	0
820	114	0
821	114	0
822	114	0
823	115	0
824	114	0
825	114	0
826	114	0
827	113	0
828	114	0
829	114	0
830	114	0
831	113	0
832	114	0
833	114	0
834	114	0
835	114	0
836	114	0
837	115	0
838	114	0
839	114	0
840	115	0
841	114	0
842	114	0
843	114	0
844	114	0
845	114	0
846	115	0
847	114	0
848	114	0
849	114	0
850	114	0
851	114	0
852	114	0
853	114	0
854	114	0
855	114	0
856	113	0
857	114	0
858	114	0
859	114	0
860	114	0
861	114	0
862	114	0
863	113	0
864	114	0
865	114	0
866	114	0
867	113	0
868	113	0
869	114	0
870	113	0
871	114	0
872	114	0
873	114	0
874	114	0
875	114	0
876	114	0
877	113	0
878	114	0
879	114	0
880	114	0
881	113	0
882	113	0
883	114	0
884	113	0
885	114	0
886	114	0
887	114	0
888	114	0
889	114	0
890	114	0
891	114	0
892	114	0
893	113	0
894	114	0
895	113	0
896	114	0
897	114	0
898	115	0
899	114	0
900	114	0
901	115	0
902	115	0
903	114	0
904	114	0
905	114	0
906	114	0
907	114	0
908	115	0
909	114	0
910	113	0
911	114	0
912	114	0
913	114	0
914	115	0
915	115	0
916	115	0
917	114	0
918	114	0
919	115	0
920	114	0
921	113	0
922	115	0
923	113	0
924	115	0
925	114	0
926	114	0
927	115	0
928	114	0
929	114	0
930	114	0
931	113	0
932	114	0
933	115	0
934	114	0
935	113	0
936	114	0
937	114	0
938	115	0
939	114	0
940	115	0
941	114	0
942	114	0
943	114	0
944	115	0
945	114	0
946	114	0
947	114	0
948	113	0
949	114	0
950	114	0
951	115	0
952	126	0
953	152	0
954	174	0
955	189	0
956	198	0
957	200	0
958	190	0
959	171	0
960	146	0
961	125	0
962	114	0
963	113	0
964	113	0
965	113	0
966	114	0
967	114	0
968	115	0
969	115	0
970	116	0
971	117	0
972	126	0
973	152	0
974	174	0
975	190	0
976	200	0
977	200	0
978	179	0
979	149	0
980	126	0
981	116	0
982	113	0
983	113	0
984	113	0
985	114	0
986	115	0
987	115	0
988	115	0
989	115	0
990	117	0
991	116	0
992	116	0
993	114	0
994	114	0
995	114	0
996	115	0
997	115	0
998	114	0
999	114	0
1000	114	0
1001	115	0
1002	114	0
1003	114	0
1004	114	0
1005	114	0
1006	114	0
1007	114	0
1008	114	0
1009	114	0
1010	114	0
1011	114	0
1012	115	0
1013	113	0
1014	114	0
1015	114	0
1016	114	0
1017	114	0
1018	114	0
1019	114	0
1020	113	0
1021	113	0
1022	115	0
1023	114	0
1024	113	0
1025	114	0
1026	114	0
1027	115	0
1028	114	0
1029	114	0
1030	115	0
1031	115	0
1032	114	0
1033	114	0
1034	114	0
1035	115	0
1036	114	0
1037	114	0
1038	114	0
1039	113	0
1040	114	0
1041	114	0
1042	114	0
1043	114	0
1044	114	0
1045	114	0
1046	114	0
1047	115	0
1048	114	0
1049	114	0
1050	114	0
1051	115	0
1052	114	0
1053	115	0
1054	114	0
1055	114	0
1056	114	0
1057	114	0
1058	114	0
1059	114	0
1060	114	0
1061	114	0
1062	113	0
1063	114	0
1064	114	0
1065	114	0
1066	114	0
1067	114	0
1068	115	0
1069	114	0
1070	115	0
1071	114	0
1072	115	0
1073	114	0
1074	114	0
1075	114	0
1076	114	0
1077	114	0
1078	114	0
1079	113	0
1080	114	0
1081	114	0
1082	114	0
1083	114	0
1084	115	0
1085	115	0
1086	114	0
1087	114	0
1088	114	0
1089	115	0
1090	114	0
1091	114	0
1092	113	0
1093	114	0
1094	114	0
1095	115	0
1096	114	0
1097	114	0
1098	114	0
1099	113	0
1100	115	0
1101	114	0
1102	115	0
1103	115	0
1104	115	0
1105	115	0
1106	115	0
1107	114	0
1108	114	0
1109	114	0
1110	113	0
1111	115	0
1112	114	0
1113	114	0
1114	114	0
1115	115	0
1116	115	0
1117	114	0
1118	114	0
1119	115	0
1120	114	0
1121	114	0
1122	114	0
1123	113	0
1124	114	0
1125	114	0
1126	114	0
1127	113	0
1128	115	0
1129	114	0
1130	115	0
1131	114	0
1132	114	0
1133	115	0
1134	114	0
1135	114	0
1136	114	0
1137	113	0
1138	114	0
1139	115	0
1140	114	0
1141	114	0
1142	115	0
1143	114	0
1144	115	0
1145	114	0
1146	115	0
1147	114	0
1148	115	0
1149	114	0
1150	114	0
1151	114	0
1152	114	0
1153	113	0
1154	114	0
1155	113	0
1156	114	0
1157	114	0
1158	114	0
1159	115	0
1160	115	0
1161	114	0
1162	115	0
1163	114	0
1164	114	0
1165	114	0
1166	114	0
1167	115	0
1168	115	0
1169	115	0
1170	114	0
1171	114	0
1172	114	0
1173	114	0
1174	114	0
1175	114	0
1176	114	0
1177	114	0
1178	114	0
1179	114	0
1180	114	0
1181	115	0
1182	114	0
1183	114	0
1184	114	0
1185	113	0
1186	114	0
1187	114	0
1188	114	0
1189	114	0
1190	114	0
1191	114	0
1192	114	0
1193	114	0
1194	114	0
1195	114	0
1196	115	0
1197	115	0
1198	114	0
1199	114	0
1200	114	0
1201	113	0
1202	114	0
1203	115	0
1204	114	0
1205	114	0
1206	115	0
1207	114	0
1208	113	0
1209	115	0
1210	114	0
1211	114	0
1212	114	0
1213	114	0
1214	114	0
1215	114	0
1216	114	0
1217	114	0
1218	113	0
1219	114	0
1220	114	0
1221	114	0
1222	113	0
1223	115	0
1224	114	0
1225	114	0
1226	114	0
1227	114	0
1228	114	0
1229	113	0
1230	114	0
1231	114	0
1232	113	0
1233	114	0
1234	114	0
1235	115	0
1236	113	0
1237	114	0
1238	114	0
1239	114	0
1240	115	0
1241	114	0
1242	115	0
1243	114	0
1244	114	0
1245	114	0
1246	114	0
1247	114	0
1248	114	0
1249	113	0
1250	114	0
1251	113	0
1252	113	0
1253	114	0
1254	114	0
1255	114	0
1256	114	0
1257	114	0
1258	114	0
1259	114	0
1260	114	0
1261	114	0
1262	113	0
1263	114	0
1264	114	0
1265	115	0
1266	114	0
1267	114	0
1268	114	0
1269	114	0
1270	114	0
1271	114	0
1272	114	0
1273	115	0
1274	114	0
1275	115	0
1276	115	0
1277	114	0
1278	113	0
1279	114	0
1280	113	0
1281	114	0
1282	114	0
1283	114	0
1284	115	0
1285	115	0
1286	114	0
1287	115	0
1288	113	0
1289	114	0
1290	114	0
1291	114	0
1292	114	0
1293	114	0
1294	115	0
1295	114	0
1296	114	0
1297	114	0
1298	114	0
1299	114	0
1300	114	0
1301	114	0
1302	114	0
1303	114	0
1304	113	0
1305	114	0
1306	114	0
1307	114	0
1308	114	0
1309	115	0
1310	115	0
1311	114	0
1312	114	0
1313	114	0
1314	115	0
1315	114	0
1316	114	0
1317	115	0
1318	115	0
1319	114	0
1320	114	0
1321	114	0
1322	114	0
1323	115	0
1324	114	0
1325	114	0
1326	114	0
1327	114	0
1328	115	0
1329	114	0
1330	114	0
1331	114	0
1332	114	0
1333	115	0
1334	115	0
1335	114	0
1336	114	0
1337	113	0
1338	114	0
1339	114	0
1340	113	0
1341	113	0
1342	114	0
1343	114	0
1344	114	0
1345	115	0
1346	115	0
1347	115	0
1348	114	0
1349	115	0
1350	114	0
1351	114	0
1352	114	0
1353	114	0
1354	114	0
1355	113	0
1356	114	0
1357	114	0
1358	114	0
1359	113	0
1360	115	0
1361	115	0
1362	114	0
1363	114	0
1364	115	0
1365	115	0
1366	114	0
1367	115	0
1368	114	0
1369	115	0
1370	114	0
1371	114	0
1372	114	0
1373	115	0
1374	114	0
1375	115	0
1376	114	0
1377	113	0
1378	114	0
1379	113	0
1380	114	0
1381	114	0
1382	114	0
1383	114	0
1384	114	0
1385	114	0
1386	114	0
1387	114	0
1388	114	0
1389	113	0
1390	114	0
1391	115	0
1392	114	0
1393	113	0
1394	114	0
1395	114	0
1396	114	0
1397	114	0
1398	114	0
1399	114	0
1400	114	0
1401	115	0
1402	114	0
1403	114	0
1404	114	0
1405	113	0
1406	114	0
1407	115	0
1408	114	0
1409	114	0
1410	114	0
1411	114	0
1412	114	0
1413	114	0
1414	115	0
1415	114	0
1416	113	0
1417	114	0
1418	114	0
1419	114	0
1420	114	0
1421	115	0
1422	115	0
1423	114	0
1424	114	0
1425	114	0
1426	114	0
1427	114	0
1428	114	0
1429	114	0
1430	112	0
1431	114	0
1432	113	0
1433	114	0
1434	114	0
1435	114	0
1436	114	0
1437	115	0
1438	114	0
1439	113	0
1440	114	0
1441	113	0
1442	115	0
1443	114	0
1444	114	0
1445	114	0
1446	114	0
1447	114	0
1448	114	0
1449	114	0
1450	114	0
1451	113	0
1452	113	0
1453	113	0
1454	114	0
1455	114	0
1456	114	0
1457	114	0
1458	113	0
1459	114	0
1460	113	0
1461	114	0
1462	114	0
1463	115	0
1464	114	0
1465	114	0
1466	114	0
1467	114	0
1468	113	0
1469	114	0
1470	114	0
1471	114	0
1472	114	0
1473	114	0
1474	114	0
1475	113	0
1476	114	0
1477	113	0
1478	113	0
1479	114	0
1480	113	0
1481	114	0
1482	115	0
1483	114	0
1484	114	0
1485	113	0
1486	114	0
1487	114	0
1488	114	0
1489	114	0
1490	114	0
1491	115	0
1492	114	0
1493	114	0
1494	113	0
1495	114	0
1496	114	0
1497	113	0
1498	114	0
1499	114	0
1500	114	0
1501	113	0
1502	114	0
1503	114	0
1504	114	0
1505	114	0
1506	115	0
1507	114	0
1508	114	0
1509	114	0
1510	114	0
1511	113	0
1512	113	0
1513	113	0
1514	114	0
1515	113	0
1516	115	0
1517	114	0
1518	115	0
1519	115	0
1520	115	0
1521	114	0
1522	114	0
1523	114	0
1524	115	0
1525	113	0
1526	114	0
1527	114	0
1528	114	0
1529	114	0
1530	113	0
1531	115	0
1532	114	0
1533	114	0
1534	113	0
1535	114	0
1536	113	0
1537	114	0
1538	114	0
1539	114	0
1540	114	0
1541	114	0
1542	113	0
1543	114	0
1544	114	0
1545	114	0
1546	114	0
1547	114	0
1548	114	0
1549	114	0
1550	114	0
1551	114	0
1552	114	0
1553	114	0
1554	114	0
1555	114	0
1556	114	0
1557	113	0
1558	114	0
1559	113	0
1560	114	0
1561	114	0
1562	115	0
1563	114	0
1564	114	0
1565	115	0
1566	114	0
1567	113	0
1568	114	0
1569	114	0
1570	114	0
1571	114	0
1572	114	0
1573	114	0
1574	114	0
1575	114	0
1576	114	0
1577	114	0
1578	114	0
1579	114	0
1580	114	0
1581	114	0
1582	114	0
1583	115	0
1584	114	0
1585	114	0
1586	114	0
1587	114	0
1588	114	0
1589	114	0
1590	114	0
1591	114	0
1592	115	0
1593	113	0
1594	114	0
1595	114	0
1596	114	0
1597	114	0
1598	113	0
1599	114	0
1600	114	0
1601	114	0
1602	114	0
1603	115	0
1604	114	0
1605	114	0
1606	115	0
1607	114	0
1608	114	0
1609	115	0
1610	114	0
1611	114	0
1612	115	0
1613	113	0
1614	114	0
1615	114	0
1616	114	0
1617	114	0
1618	115	0
1619	114	0
1620	113	0
1621	113	0
1622	114	0
1623	114	0
1624	114	0
1625	114	0
1626	114	0
1627	115	0
1628	114	0
1629	114	0
1630	114	0
1631	113	0
1632	114	0
1633	113	0
1634	114	0
1635	114	0
1636	114	0
1637	114	0
1638	114	0
1639	114	0
1640	114	0
1641	114	0
1642	114	0
1643	114	0
1644	114	0
1645	114	0
1646	114	0
1647	114	0
1648	114	0
1649	113	0
1650	113	0
1651	113	0
1652	114	0
1653	114	0
1654	114	0
1655	113	0
1656	114	0
1657	113	0
1658	113	0
1659	114	0
1660	114	0
1661	115	0
1662	114	0
1663	114	0
1664	115	0
1665	115	0
1666	115	0
1667	114	0
1668	114	0
1669	114	0
1670	114	0
1671	113	0
1672	114	0
1673	113	0
1674	114	0
1675	114	0
1676	115	0
1677	115	0
1678	114	0
1679	114	0
1680	115	0
1681	114	0
1682	114	0
1683	114	0
1684	114	0
1685	114	0
1686	115	0
1687	113	0
1688	113	0
1689	114	0
1690	114	0
1691	113	0
1692	114	0
1693	113	0
1694	114	0
1695	113	0
1696	114	0
1697	114	0
1698	114	0
1699	115	0
1700	115	0
1701	114	0
1702	114	0
1703	114	0
1704	114	0
1705	114	0
1706	114	0
1707	113	0
1708	114	0
1709	114	0
1710	114	0
1711	114	0
1712	113	0
1713	114	0
1714	115	0
1715	114	0
1716	114	0
1717	115	0
1718	115	0
1719	114	0
1720	114	0
1721	114	0
1722	114	0
1723	114	0
1724	115	0
1725	114	0
1726	114	0
1727	114	0
1728	114	0
1729	114	0
1730	114	0
1731	114	0
1732	115	0
1733	114	0
1734	114	0
1735	113	0
1736	113	0
1737	114	0
1738	114	0
1739	114	0
1740	114	0
1741	114	0
1742	115	0
1743	114	0
1744	114	0
1745	114	0
1746	113	0
1747	114	0
1748	113	0
1749	114	0
1750	113	0
1751	114	0
1752	114	0
1753	114	0
1754	114	0
1755	114	0
1756	115	0
1757	114	0
1758	114	0
1759	114	0
1760	114	0
1761	114	0
1762	114	0
1763	114	0
1764	113	0
1765	114	0
1766	114	0
1767	113	0
1768	113	0
1769	114	0
1770	114	0
1771	114	0
1772	114	0
1773	114	0
1774	115	0
1775	113	0
1776	114	0
1777	114	0
1778	114	0
1779	114	0
1780	115	0
1781	114	0
1782	113	0
1783	114	0
1784	114	0
1785	114	0
1786	114	0
1787	114	0
1788	114	0
1789	114	0
1790	113	0
1791	115	0
1792	114	0
1793	114	0
1794	114	0
1795	114	0
1796	113	0
1797	114	0
1798	114	0
1799	114	0
1800	114	0
1801	114	0
1802	115	0
1803	114	0
1804	114	0
1805	114	0
1806	114	0
1807	114	0
1808	114	0
1809	114	0
1810	115	0
1811	114	0
1812	114	0
1813	114	0
1814	114	0
1815	115	0
1816	114	0
1817	114	0
1818	114	0
1819	114	0
1820	114	0
1821	114	0
1822	114	0
1823	114	0
1824	115	0
1825	114	0
1826	114	0
1827	113	0
1828	115	0
1829	114	0
1830	113	0
1831	114	0
1832	114	0
1833	114	0
1834	114	0
1835	115	0
1836	114	0
1837	114	0
1838	114	0
1839	114	0
1840	114	0
1841	114	0
1842	114	0
1843	114	0
1844	115	0
1845	114	0
1846	115	0
1847	114	0
1848	114	0
1849	115	0
1850	114	0
1851	114	0
1852	114	0
1853	115	0
1854	114	0
1855	114	0
1856	113	0
1857	113	0
1858	114	0
1859	115	0
1860	114	0
1861	115	0
1862	115	0
1863	115	0
1864	114	0
1865	114	0
1866	115	0
1867	114	0
1868	114	0
1869	115	0
1870	114	0
1871	114	0
1872	115	0
1873	114	0
1874	114	0
1875	114	0
1876	114	0
1877	114	0
1878	115	0
1879	114	0
1880	114	0
1881	115	0
1882	113	0
1883	114	0
1884	114	0
1885	114	0
1886	114	0
1887	114	0
1888	114	0
1889	114	0
1890	114	0
1891	114	0
1892	114	0
1893	113	0
1894	114	0
1895	114	0
1896	114	0
1897	114	0
1898	114	0
1899	114	0
1900	114	0
1901	114	0
1902	114	0
1903	114	0
1904	114	0
1905	114	0
1906	117	0
1907	137	0
1908	162	0
1909	181	0
1910	193	0
1911	201	0
1912	197	0
1913	182	0
1914	160	0
1915	136	0
1916	118	0
1917	112	0
1918	113	0
1919	112	0
1920	113	0
1921	114	0
1922	115	0
1923	117	0
1924	117	0
1925	117	0
1926	118	0
1927	137	0
1928	163	0
1929	182	0
1930	195	0
1931	201	0
1932	194	0
1933	165	0
1934	137	0
1935	121	0
1936	114	0
1937	113	0
1938	112	0
1939	113	0
1940	114	0
1941	114	0
1942	115	0
1943	115	0
1944	116	0
1945	117	0
1946	117	0
1947	115	0
1948	114	0
1949	115	0
1950	114	0
1951	114	0
1952	115	0
1953	114	0
1954	114	0
1955	114	0
1956	114	0
1957	114	0
1958	115	0
1959	114	0
1960	114	0
1961	113	0
1962	114	0
1963	113	0
1964	114	0
1965	115	0
1966	114	0
1967	114	0
1968	115	0
1969	115	0
1970	114	0
1971	114	0
1972	114	0
1973	115	0
1974	115	0
1975	114	0
1976	113	0
1977	114	0
1978	114	0
1979	114	0
1980	115	0
1981	114	0
1982	114	0
1983	114	0
1984	114	0
1985	114	0
1986	114	0
1987	113	0
1988	114	0
1989	113	0
1990	114	0
1991	113	0
1992	114	0
1993	114	0
1994	114	0
1995	114	0
1996	114	0
1997	115	0
1998	113	0
1999	114	0
2000	113	0
2001	114	0
2002	114	0
2003	114	0
2004	114	0
2005	114	0
2006	114	0
2007	114	0
2008	114	0
2009	115	0
2010	114	0
2011	114	0
2012	114	0
2013	114	0
2014	115	0
2015	115	0
2016	114	0
2017	114	0
2018	114	0
2019	115	0
2020	114	0
2021	115	0
2022	114	0
2023	115	0
2024	114	0
2025	114	0
2026	114	0
2027	114	0
2028	114	0
2029	115	0
2030	115	0
2031	114	0
2032	114	0
2033	115	0
2034	115	0
2035	114	0
2036	115	0
2037	114	0
2038	114	0
2039	114	0
2040	114	0
2041	114	0
2042	115	0
2043	114	0
2044	114	0
2045	114	0
2046	114	0
2047	115	0
2048	115	0
2049	114	0
2050	114	0
2051	114	0
2052	115	0
2053	113	0
2054	114	0
2055	114	0
2056	113	0
2057	114	0
2058	114	0
2059	114	0
2060	114	0
2061	115	0
2062	115	0
2063	114	0
2064	114	0
2065	113	0
2066	115	0
2067	114	0
2068	114	0
2069	113	0
2070	114	0
2071	115	0
2072	114	0
2073	114	0
2074	114	0
2075	113	0
2076	115	0
2077	114	0
2078	114	0
2079	113	0
2080	114	0
2081	114	0
2082	114	0
2083	114	0
2084	115	0
2085	114	0
2086	114	0
2087	115	0
2088	114	0
2089	114	0
2090	114	0
2091	115	0
2092	114	0
2093	113	0
2094	113	0
2095	114	0
2096	115	0
2097	115	0
2098	115	0
2099	114	0
2100	114	0
2101	114	0
2102	114	0
2103	114	0
2104	115	0
2105	114	0
2106	114	0
2107	114	0
2108	114	0
2109	115	0
2110	114	0
2111	114	0
2112	114	0
2113	114	0
2114	114	0
2115	115	0
2116	115	0
2117	113	0
2118	114	0
2119	114	0
2120	114	0
2121	114	0
2122	115	0
2123	114	0
2124	114	0
2125	114	0
2126	114	0
2127	114	0
2128	114	0
2129	113	0
2130	114	0
2131	114	0
2132	115	0
2133	113	0
2134	115	0
2135	115	0
2136	114	0
2137	115	0
2138	115	0
2139	114	0
2140	114	0
2141	114	0
2142	114	0
2143	114	0
2144	114	0
2145	115	0
2146	115	0
2147	114	0
2148	114	0
2149	114	0
2150	114	0
2151	114	0
2152	114	0
2153	115	0
2154	114	0
2155	114	0
2156	114	0
2157	114	0
2158	115	0
2159	115	0
2160	114	0
2161	114	0
2162	114	0
2163	114	0
2164	115	0
2165	114	0
2166	114	0
2167	114	0
2168	114	0
2169	114	0
2170	114	0
2171	113	0
2172	113	0
2173	113	0
2174	114	0
2175	114	0
2176	114	0
2177	113	0
2178	114	0
2179	114	0
2180	114	0
2181	114	0
2182	114	0
2183	114	0
2184	115	0
2185	113	0
2186	114	0
2187	115	0
2188	114	0
2189	114	0
2190	114	0
2191	114	0
2192	115	0
2193	113	0
2194	115	0
2195	114	0
2196	115	0
2197	114	0
2198	114	0
2199	114	0
2200	114	0
2201	115	0
2202	115	0
2203	114	0
2204	114	0
2205	114	0
2206	114	0
2207	114	0
2208	115	0
2209	114	0
2210	115	0
2211	113	0
2212	114	0
2213	114	0
2214	114	0
2215	114	0
2216	114	0
2217	115	0
2218	114	0
2219	114	0
2220	114	0
2221	114	0
2222	115	0
2223	114	0
2224	114	0
2225	114	0
2226	114	0
2227	114	0
2228	115	0
2229	114	0
2230	114	0
2231	114	0
2232	115	0
2233	115	0
2234	114	0
2235	114	0
2236	115	0
2237	114	0
2238	115	0
2239	115	0
2240	114	0
2241	114	0
2242	115	0
2243	114	0
2244	114	0
2245	114	0
2246	114	0
2247	114	0
2248	113	0
2249	114	0
2250	114	0
2251	114	0
2252	114	0
2253	114	0
2254	114	0
2255	115	0
2256	114	0
2257	114	0
2258	114	0
2259	114	0
2260	114	0
2261	114	0
2262	115	0
2263	114	0
2264	114	0
2265	114	0
2266	113	0
2267	114	0
2268	114	0
2269	114	0
2270	114	0
2271	115	0
2272	115	0
2273	114	0
2274	114	0
2275	115	0
2276	114	0
2277	115	0
2278	114	0
2279	114	0
2280	115	0
2281	115	0
2282	114	0
2283	114	0
2284	115	0
2285	114	0
2286	114	0
2287	114	0
2288	114	0
2289	114	0
2290	115	0
2291	115	0
2292	114	0
2293	113	0
2294	114	0
2295	114	0
2296	114	0
2297	114	0
2298	115	0
2299	115	0
2300	114	0
2301	115	0
2302	113	0
2303	114	0
2304	113	0
2305	114	0
2306	114	0
2307	114	0
2308	114	0
2309	114	0
2310	115	0
2311	114	0
2312	114	0
2313	114	0
2314	114	0
2315	114	0
2316	114	0
2317	113	0
2318	114	0
2319	115	0
2320	114	0
2321	114	0
2322	114	0
2323	114	0
2324	114	0
2325	115	0
2326	114	0
2327	115	0
2328	114	0
2329	114	0
2330	114	0
2331	114	0
2332	114	0
2333	115	0
2334	114	0
2335	114	0
2336	114	0
2337	113	0
2338	113	0
2339	114	0
2340	115	0
2341	114	0
2342	114	0
2343	114	0
2344	114	0
2345	115	0
2346	115	0
2347	114	0
2348	114	0
2349	114	0
2350	114	0
2351	114	0
2352	115	0
2353	114	0
2354	113	0
2355	114	0
2356	114	0
2357	114	0
2358	114	0
2359	115	0
2360	115	0
2361	114	0
2362	114	0
2363	114	0
2364	113	0
2365	114	0
2366	114	0
2367	115	0
2368	113	0
2369	114	0
2370	114	0
2371	114	0
2372	114	0
2373	114	0
2374	113	0
2375	114	0
2376	114	0
2377	113	0
2378	113	0
2379	114	0
2380	115	0
2381	114	0
2382	115	0
2383	114	0
2384	114	0
2385	115	0
2386	114	0
2387	115	0
2388	114	0
2389	113	0
2390	114	0
2391	114	0
2392	114	0
2393	114	0
2394	114	0
2395	114	0
2396	113	0
2397	113	0
2398	114	0
2399	115	0
2400	114	0
2401	115	0
2402	114	0
2403	115	0
2404	114	0
2405	114	0
2406	114	0
2407	114	0
2408	115	0
2409	115	0
2410	114	0
2411	114	0
2412	115	0
2413	114	0
2414	114	0
2415	114	0
2416	113	0
2417	114	0
2418	114	0
2419	114	0
2420	114	0
2421	114	0
2422	115	0
2423	113	0
2424	114	0
2425	114	0
2426	114	0
2427	115	0
2428	114	0
2429	115	0
2430	115	0
2431	113	0
2432	114	0
2433	114	0
2434	114	0
2435	114	0
2436	114	0
2437	115	0
2438	114	0
2439	113	0
2440	113	0
2441	114	0
2442	114	0
2443	114	0
2444	114	0
2445	114	0
2446	115	0
2447	114	0
2448	114	0
2449	115	0
2450	114	0
2451	114	0
2452	115	0
2453	114	0
2454	114	0
2455	115	0
2456	114	0
2457	114	0
2458	115	0
2459	114	0
2460	115	0
2461	114	0
2462	114	0
2463	114	0
2464	114	0
2465	114	0
2466	115	0
2467	115	0
2468	114	0
2469	114	0
2470	113	0
2471	115	0
2472	114	0
2473	114	0
2474	113	0
2475	115	0
2476	114	0
2477	115	0
2478	114	0
2479	115	0
2480	115	0
2481	115	0
2482	114	0
2483	114	0
2484	114	0
2485	114	0
2486	114	0
2487	113	0
2488	114	0
2489	113	0
2490	114	0
2491	113	0
2492	115	0
2493	114	0
2494	115	0
2495	114	0
2496	114	0
2497	115	0
2498	115	0
2499	114	0
2500	114	0
2501	113	0
2502	114	0
2503	114	0
2504	115	0
2505	114	0
2506	115	0
2507	115	0
2508	115	0
2509	114	0
2510	114	0
2511	114	0
2512	115	0
2513	114	0
2514	115	0
2515	113	0
2516	114	0
2517	114	0
2518	114	0
2519	114	0
2520	114	0
2521	115	0
2522	114	0
2523	114	0
2524	114	0
2525	115	0
2526	114	0
2527	114	0
2528	114	0
2529	114	0
2530	115	0
2531	114	0
2532	113	0
2533	114	0
2534	114	0
2535	114	0
2536	114	0
2537	114	0
2538	114	0
2539	113	0
2540	114	0
2541	114	0
2542	114	0
2543	114	0
2544	114	0
2545	115	0
2546	114	0
2547	114	0
2548	114	0
2549	114	0
2550	114	0
2551	114	0
2552	115	0
2553	114	0
2554	114	0
2555	114	0
2556	114	0
2557	114	0
2558	114	0
2559	114	0
2560	115	0
2561	114	0
2562	114	0
2563	113	0
2564	114	0
2565	115	0
2566	115	0
2567	115	0
2568	115	0
2569	114	0
2570	115	0
2571	114	0
2572	114	0
2573	114	0
2574	114	0
2575	114	0
2576	114	0
2577	114	0
2578	114	0
2579	114	0
2580	114	0
2581	115	0
2582	114	0
2583	114	0
2584	114	0
2585	114	0
2586	115	0
2587	115	0
2588	114	0
2589	114	0
2590	115	0
2591	114	0
2592	114	0
2593	115	0
2594	114	0
2595	114	0
2596	114	0
2597	114	0
2598	115	0
2599	114	0
2600	114	0
2601	114	0
2602	113	0
2603	114	0
2604	114	0
2605	114	0
2606	114	0
2607	114	0
2608	114	0
2609	114	0
2610	113	0
2611	114	0
2612	115	0
2613	114	0
2614	114	0
2615	115	0
2616	114	0
2617	114	0
2618	114	0
2619	115	0
2620	114	0
2621	114	0
2622	114	0
2623	114	0
2624	114	0
2625	114	0
2626	114	0
2627	114	0
2628	114	0
2629	114	0
2630	114	0
2631	114	0
2632	114	0
2633	114	0
2634	115	0
2635	114	0
2636	114	0
2637	115	0
2638	114	0
2639	113	0
2640	114	0
2641	114	0
2642	114	0
2643	114	0
2644	115	0
2645	114	0
2646	114	0
2647	114	0
2648	114	0
2649	114	0
2650	113	0
2651	114	0
2652	115	0
2653	114	0
2654	114	0
2655	115	0
2656	115	0
2657	115	0
2658	115	0
2659	113	0
2660	114	0
2661	115	0
2662	114	0
2663	113	0
2664	114	0
2665	114	0
2666	114	0
2667	115	0
2668	115	0
2669	114	0
2670	113	0
2671	114	0
2672	114	0
2673	114	0
2674	114	0
2675	115	0
2676	114	0
2677	114	0
2678	114	0
2679	114	0
2680	115	0
2681	114	0
2682	113	0
2683	114	0
2684	114	0
2685	114	0
2686	114	0
2687	114	0
2688	114	0
2689	114	0
2690	115	0
2691	114	0
2692	114	0
2693	114	0
2694	114	0
2695	114	0
2696	114	0
2697	114	0
2698	114	0
2699	114	0
2700	114	0
2701	114	0
2702	114	0
2703	114	0
2704	115	0
2705	114	0
2706	113	0
2707	114	0
2708	114	0
2709	114	0
2710	114	0
2711	114	0
2712	114	0
2713	114	0
2714	114	0
2715	113	0
2716	113	0
2717	114	0
2718	114	0
2719	114	0
2720	114	0
2721	114	0
2722	114	0
2723	114	0
2724	114	0
2725	115	0
2726	115	0
2727	115	0
2728	114	0
2729	114	0
2730	114	0
2731	114	0
2732	114	0
2733	114	0
2734	115	0
2735	115	0
2736	114	0
2737	114	0
2738	114	0
2739	114	0
2740	114	0
2741	115	0
2742	114	0
2743	114	0
2744	114	0
2745	114	0
2746	114	0
2747	115	0
2748	114	0
2749	114	0
2750	114	0
2751	114	0
2752	114	0
2753	115	0
2754	115	0
2755	115	0
2756	113	0
2757	113	0
2758	114	0
2759	114	0
2760	115	0
2761	114	0
2762	114	0
2763	115	0
2764	114	0
2765	114	0
2766	114	0
2767	114	0
2768	114	0
2769	114	0
2770	114	0
2771	114	0
2772	114	0
2773	114	0
2774	114	0
2775	114	0
2776	114	0
2777	114	0
2778	114	0
2779	114	0
2780	114	0
2781	114	0
2782	114	0
2783	114	0
2784	114	0
2785	115	0
2786	114	0
2787	114	0
2788	114	0
2789	114	0
2790	115	0
2791	114	0
2792	114	0
2793	115	0
2794	114	0
2795	114	0
2796	114	0
2797	114	0
2798	114	0
2799	115	0
2800	114	0
2801	114	0
2802	114	0
2803	114	0
2804	115	0
2805	115	0
2806	114	0
2807	114	0
2808	114	0
2809	114	0
2810	114	0
2811	115	0
2812	115	0
2813	114	0
2814	114	0
2815	114	0
2816	114	0
2817	114	0
2818	114	0
2819	114	0
2820	114	0
2821	113	0
2822	115	0
2823	115	0
2824	115	0
2825	114	0
2826	115	0
2827	114	0
2828	114	0
2829	114	0
2830	114	0
2831	114	0
2832	114	0
2833	115	0
2834	114	0
2835	114	0
2836	114	0
2837	115	0
2838	114	0
2839	114	0
2840	114	0
2841	114	0
2842	115	0
2843	114	0
2844	115	0
2845	114	0
2846	115	0
2847	114	0
2848	115	0
2849	114	0
2850	114	0
2851	114	0
2852	114	0
2853	114	0
2854	115	0
2855	114	0
2856	115	0
2857	114	0
2858	114	0
2859	122	0
2860	146	0
2861	169	0
2862	186	0
2863	197	0
2864	200	0
2865	193	0
2866	177	0
2867	154	0
2868	129	0
2869	117	0
2870	113	0
2871	113	0
2872	113	0
2873	112	0
2874	115	0
2875	115	0
2876	116	0
2877	117	0
2878	117	0
2879	122	0
2880	146	0
2881	169	0
2882	187	0
2883	197	0
2884	200	0
2885	186	0
2886	156	0
2887	131	0
2888	118	0
2889	113	0
2890	113	0
2891	113	0
2892	114	0
2893	114	0
2894	115	0
2895	115	0
2896	116	0
2897	117	0
2898	117	0
2899	116	0
2900	115	0
2901	115	0
2902	114	0
2903	114	0
2904	114	0
2905	114	0
2906	114	0
2907	115	0
2908	114	0
2909	113	0
2910	114	0
2911	114	0
2912	115	0
2913	114	0
2914	115	0
2915	115	0
2916	115	0
2917	115	0
2918	114	0
2919	114	0
2920	113	0
2921	114	0
2922	114	0
2923	114	0
2924	114	0
2925	115	0
2926	114	0
2927	114	0
2928	114	0
2929	113	0
2930	114	0
2931	113	0
2932	114	0
2933	114	0
2934	114	0
2935	114	0
2936	115	0
2937	114	0
2938	114	0
2939	114	0
2940	114	0
2941	114	0
2942	115	0
2943	114	0
2944	114	0
2945	114	0
2946	114	0
2947	115	0
2948	115	0
2949	114	0
2950	115	0
2951	114	0
2952	115	0
2953	114	0
2954	114	0
2955	115	0
2956	115	0
2957	114	0
2958	115	0
2959	113	0
2960	114	0
2961	114	0
2962	115	0
2963	114	0
2964	114	0
2965	115	0
2966	115	0
2967	115	0
2968	115	0
2969	115	0
2970	115	0
2971	115	0
2972	114	0
2973	114	0
2974	115	0
2975	114	0
2976	114	0
2977	114	0
2978	114	0
2979	115	0
2980	115	0
2981	114	0
2982	114	0
2983	114	0
2984	115	0
2985	114	0
2986	115	0
2987	115	0
2988	114	0
2989	115	0
2990	114	0
2991	114	0
2992	114	0
2993	115	0
2994	115	0
2995	114	0
2996	114	0
2997	114	0
2998	115	0
2999	114	0
3000	114	0
3001	115	0
3002	114	0
3003	114	0
3004	114	0
3005	114	0
3006	114	0
3007	115	0
3008	115	0
3009	115	0
3010	113	0
3011	113	0
3012	115	0
3013	114	0
3014	114	0
3015	115	0
3016	113	0
3017	113	0
3018	114	0
3019	114	0
3020	114	0
3021	114	0
3022	114	0
3023	115	0
3024	114	0
3025	113	0
3026	115	0
3027	114	0
3028	113	0
3029	115	0
3030	114	0
3031	114	0
3032	115	0
3033	114	0
3034	114	0
3035	114	0
3036	115	0
3037	115	0
3038	115	0
3039	114	0
3040	114	0
3041	114	0
3042	115	0
3043	114	0
3044	114	0
3045	114	0
3046	114	0
3047	115	0
3048	114	0
3049	114	0
3050	114	0
3051	114	0
3052	114	0
3053	114	0
3054	114	0
3055	113	0
3056	114	0
3057	114	0
3058	114	0
3059	115	0
3060	114	0
3061	114	0
3062	114	0
3063	114	0
3064	114	0
3065	114	0
3066	114	0
3067	115	0
3068	113	0
3069	113	0
3070	114	0
3071	113	0
3072	115	0
3073	115	0
3074	115	0
3075	114	0
3076	115	0
3077	114	0
3078	114	0
3079	114	0
3080	115	0
3081	114	0
3082	114	0
3083	114	0
3084	115	0
3085	114	0
3086	114	0
3087	114	0
3088	114	0
3089	114	0
3090	114	0
3091	114	0
3092	113	0
3093	114	0
3094	114	0
3095	114	0
3096	114	0
3097	115	0
3098	115	0
3099	114	0
3100	115	0
3101	114	0
3102	114	0
3103	113	0
3104	114	0
3105	114	0
3106	114	0
3107	114	0
3108	114	0
3109	115	0
3110	114	0
3111	114	0
3112	113	0
3113	114	0
3114	114	0
3115	114	0
3116	114	0
3117	114	0
3118	115	0
3119	114	0
3120	115	0
3121	114	0
3122	113	0
3123	114	0
3124	115	0
3125	115	0
3126	114	0
3127	114	0
3128	114	0
3129	114	0
3130	114	0
3131	115	0
3132	114	0
3133	113	0
3134	113	0
3135	114	0
3136	114	0
3137	114	0
3138	115	0
3139	114	0
3140	115	0
3141	115	0
3142	114	0
3143	114	0
3144	114	0
3145	114	0
3146	114	0
3147	115	0
3148	114	0
3149	114	0
3150	114	0
3151	114	0
3152	114	0
3153	114	0
3154	114	0
3155	115	0
3156	115	0
3157	114	0
3158	114	0
3159	114	0
3160	114	0
3161	114	0
3162	114	0
3163	115	0
3164	115	0
3165	114	0
3166	114	0
3167	114	0
3168	115	0
3169	114	0
3170	115	0
3171	114	0
3172	114	0
3173	114	0
3174	115	0
3175	114	0
3176	115	0
3177	114	0
3178	114	0
3179	114	0
3180	115	0
3181	114	0
3182	114	0
3183	114	0
3184	114	0
3185	114	0
3186	114	0
3187	114	0
3188	113	0
3189	114	0
3190	114	0
3191	114	0
3192	114	0
3193	114	0
3194	114	0
3195	114	0
3196	114	0
3197	115	0
3198	114	0
3199	115	0
3200	114	0
3201	114	0
3202	115	0
3203	115	0
3204	114	0
3205	115	0
3206	115	0
3207	113	0
3208	114	0
3209	114	0
3210	114	0
3211	114	0
3212	114	0
3213	114	0
3214	114	0
3215	113	0
3216	114	0
3217	114	0
3218	114	0
3219	114	0
3220	115	0
3221	115	0
3222	114	0
3223	114	0
3224	114	0
3225	114	0
3226	114	0
3227	114	0
3228	114	0
3229	114	0
3230	114	0
3231	114	0
3232	114	0
3233	114	0
3234	114	0
3235	114	0
3236	114	0
3237	113	0
3238	114	0
3239	114	0
3240	114	0
3241	114	0
3242	114	0
3243	114	0
3244	113	0
3245	114	0
3246	114	0
3247	114	0
3248	114	0
3249	115	0
3250	115	0
3251	114	0
3252	114	0
3253	114	0
3254	114	0
3255	114	0
3256	114	0
3257	115	0
3258	115	0
3259	114	0
3260	114	0
3261	115	0
3262	115	0
3263	113	0
3264	115	0
3265	114	0
3266	115	0
3267	114	0
3268	115	0
3269	115	0
3270	114	0
3271	113	0
3272	114	0
3273	114	0
3274	114	0
3275	114	0
3276	115	0
3277	114	0
3278	114	0
3279	114	0
3280	115	0
3281	114	0
3282	114	0
3283	115	0
3284	115	0
3285	114	0
3286	115	0
3287	114	0
3288	115	0
3289	114	0
3290	114	0
3291	114	0
3292	114	0
3293	114	0
3294	115	0
3295	114	0
3296	115	0
3297	114	0
3298	114	0
3299	114	0
3300	114	0
3301	114	0
3302	114	0
3303	114	0
3304	113	0
3305	114	0
3306	114	0
3307	114	0
3308	114	0
3309	114	0
3310	114	0
3311	113	0
3312	113	0
3313	114	0
3314	114	0
3315	114	0
3316	114	0
3317	114	0
3318	115	0
3319	114	0
3320	114	0
3321	114	0
3322	114	0
3323	113	0
3324	114	0
3325	114	0
3326	114	0
3327	114	0
3328	114	0
3329	115	0
3330	114	0
3331	114	0
3332	114	0
3333	115	0
3334	114	0
3335	115	0
3336	114	0
3337	114	0
3338	114	0
3339	114	0
3340	115	0
3341	115	0
3342	114	0
3343	114	0
3344	114	0
3345	114	0
3346	114	0
3347	115	0
3348	114	0
3349	113	0
3350	114	0
3351	114	0
3352	113	0
3353	114	0
3354	114	0
3355	115	0
3356	113	0
3357	115	0
3358	115	0
3359	113	0
3360	115	0
3361	114	0
3362	114	0
3363	114	0
3364	115	0
3365	114	0
3366	113	0
3367	114	0
3368	114	0
3369	114	0
3370	114	0
3371	115	0
3372	115	0
3373	113	0
3374	114	0
3375	114	0
3376	114	0
3377	114	0
3378	115	0
3379	114	0
3380	114	0
3381	113	0
3382	114	0
3383	114	0
3384	115	0
3385	114	0
3386	115	0
3387	114	0
3388	114	0
3389	114	0
3390	114	0
3391	114	0
3392	114	0
3393	114	0
3394	114	0
3395	114	0
3396	113	0
3397	114	0
3398	113	0
3399	114	0
3400	114	0
3401	115	0
3402	115	0
3403	115	0
3404	115	0
3405	114	0
3406	113	0
3407	114	0
3408	114	0
3409	114	0
3410	115	0
3411	114	0
3412	115	0
3413	114	0
3414	114	0
3415	114	0
3416	114	0
3417	114	0
3418	114	0
3419	114	0
3420	114	0
3421	114	0
3422	114	0
3423	115	0
3424	114	0
3425	114	0
3426	114	0
3427	114	0
3428	115	0
3429	114	0
3430	113	0
3431	113	0
3432	114	0
3433	115	0
3434	114	0
3435	115	0
3436	113	0
3437	114	0
3438	114	0
3439	114	0
3440	114	0
3441	115	0
3442	115	0
3443	114	0
3444	114	0
3445	113	0
3446	114	0
3447	114	0
3448	115	0
3449	114	0
3450	114	0
3451	115	0
3452	114	0
3453	114	0
3454	114	0
3455	114	0
3456	114	0
3457	114	0
3458	114	0
3459	114	0
3460	115	0
3461	115	0
3462	114	0
3463	114	0
3464	114	0
3465	115	0
3466	114	0
3467	114	0
3468	113	0
3469	114	0
3470	114	0
3471	114	0
3472	114	0
3473	115	0
3474	114	0
3475	114	0
3476	114	0
3477	114	0
3478	115	0
3479	115	0
3480	114	0
3481	114	0
3482	114	0
3483	114	0
3484	114	0
3485	115	0
3486	114	0
3487	114	0
3488	114	0
3489	115	0
3490	113	0
3491	115	0
3492	114	0
3493	114	0
3494	115	0
3495	114	0
3496	114	0
3497	115	0
3498	114	0
3499	114	0
3500	115	0
3501	114	0
3502	114	0
3503	114	0
3504	114	0
3505	113	0
3506	114	0
3507	114	0
3508	114	0
3509	115	0
3510	115	0
3511	115	0
3512	114	0
3513	114	0
3514	113	0
3515	114	0
3516	113	0
3517	114	0
3518	114	0
3519	115	0
3520	114	0
3521	115	0
3522	114	0
3523	114	0
3524	114	0
3525	114	0
3526	114	0
3527	115	0
3528	114	0
3529	114	0
3530	114	0
3531	114	0
3532	115	0
3533	114	0
3534	114	0
3535	113	0
3536	114	0
3537	114	0
3538	115	0
3539	114	0
3540	114	0
3541	115	0
3542	114	0
3543	115	0
3544	114	0
3545	114	0
3546	114	0
3547	115	0
3548	114	0
3549	114	0
3550	114	0
3551	114	0
3552	114	0
3553	115	0
3554	114	0
3555	114	0
3556	114	0
3557	114	0
3558	114	0
3559	115	0
3560	113	0
3561	114	0
3562	114	0
3563	113	0
3564	113	0
3565	114	0
3566	115	0
3567	114	0
3568	115	0
3569	114	0
3570	115	0
3571	115	0
3572	115	0
3573	114	0
3574	115	0
3575	115	0
3576	114	0
3577	114	0
3578	114	0
3579	113	0
3580	114	0
3581	115	0
3582	114	0
3583	114	0
3584	115	0
3585	114	0
3586	114	0
3587	115	0
3588	114	0
3589	114	0
3590	114	0
3591	114	0
3592	114	0
3593	114	0
3594	114	0
3595	114	0
3596	114	0
3597	114	0
3598	115	0
3599	114	0
3600	114	0
3601	115	0
3602	114	0
3603	115	0
3604	114	0
3605	113	0
3606	113	0
3607	114	0
3608	114	0
3609	115	0
3610	114	0
3611	114	0
3612	115	0
3613	114	0
3614	115	0
3615	115	0
3616	114	0
3617	115	0
3618	114	0
3619	115	0
3620	114	0
3621	114	0
3622	114	0
3623	114	0
3624	115	0
3625	115	0
3626	114	0
3627	114	0
3628	114	0
3629	114	0
3630	114	0
3631	115	0
3632	115	0
3633	114	0
3634	113	0
3635	114	0
3636	114	0
3637	114	0
3638	114	0
3639	115	0
3640	115	0
3641	114	0
3642	115	0
3643	115	0
3644	115	0
3645	114	0
3646	115	0
3647	115	0
3648	115	0
3649	114	0
3650	114	0
3651	115	0
3652	114	0
3653	115	0
3654	113	0
3655	113	0
3656	114	0
3657	114	0
3658	115	0
3659	115	0
3660	114	0
3661	115	0
3662	114	0
3663	114	0
3664	114	0
3665	114	0
3666	114	0
3667	114	0
3668	114	0
3669	114	0
3670	115	0
3671	114	0
3672	113	0
3673	114	0
3674	114	0
3675	114	0
3676	115	0
3677	114	0
3678	115	0
3679	114	0
3680	114	0
3681	115	0
3682	114	0
3683	114	0
3684	114	0
3685	114	0
3686	114	0
3687	114	0
3688	114	0
3689	115	0
3690	114	0
3691	113	0
3692	113	0
3693	114	0
3694	114	0
3695	113	0
3696	115	0
3697	114	0
3698	114	0
3699	114	0
3700	114	0
3701	115	0
3702	114	0
3703	114	0
3704	114	0
3705	114	0
3706	114	0
3707	114	0
3708	115	0
3709	114	0
3710	114	0
3711	113	0
3712	115	0
3713	114	0
3714	114	0
3715	115	0
3716	115	0
3717	114	0
3718	114	0
3719	114	0
3720	115	0
3721	114	0
3722	115	0
3723	114	0
3724	115	0
3725	114	0
3726	114	0
3727	114	0
3728	114	0
3729	114	0
3730	115	0
3731	114	0
3732	115	0
3733	115	0
3734	114	0
3735	115	0
3736	114	0
3737	114	0
3738	114	0
3739	114	0
3740	113	0
3741	113	0
3742	114	0
3743	114	0
3744	114	0
3745	114	0
3746	114	0
3747	115	0
3748	114	0
3749	114	0
3750	114	0
3751	115	0
3752	115	0
3753	114	0
3754	114	0
3755	114	0
3756	114	0
3757	114	0
3758	114	0
3759	114	0
3760	114	0
3761	114	0
3762	114	0
3763	115	0
3764	114	0
3765	113	0
3766	114	0
3767	114	0
3768	114	0
3769	114	0
3770	115	0
3771	114	0
3772	114	0
3773	114	0
3774	114	0
3775	115	0
3776	115	0
3777	115	0
3778	115	0
3779	115	0
3780	115	0
3781	114	0
3782	114	0
3783	114	0
3784	114	0
3785	114	0
3786	115	0
3787	114	0
3788	115	0
3789	114	0
3790	114	0
3791	114	0
3792	114	0
3793	114	0
3794	115	0
3795	114	0
3796	114	0
3797	115	0
3798	114	0
3799	115	0
3800	114	0
3801	114	0
3802	114	0
3803	114	0
3804	115	0
3805	115	0
3806	115	0
3807	114	0
3808	113	0
3809	114	0
3810	113	0
3811	114	0
3812	120	0
3813	145	0
3814	169	0
3815	186	0
3816	197	0
3817	201	0
3818	194	0
3819	177	0
3820	154	0
3821	131	0
3822	117	0
3823	113	0
3824	113	0
3825	112	0
3826	113	0
3827	115	0
3828	115	0
3829	115	0
3830	117	0
3831	117	0
3832	121	0
3833	144	0
3834	168	0
3835	187	0
3836	198	0
3837	202	0
3838	188	0
3839	158	0
3840	132	0
3841	118	0
3842	114	0
3843	113	0
3844	112	0
3845	113	0
3846	115	0
3847	115	0
3848	115	0
3849	115	0
3850	116	0
3851	117	0
3852	117	0
3853	115	0
3854	115	0
3855	114	0
3856	114	0
3857	115	0
3858	115	0
3859	114	0
3860	114	0
3861	115	0
3862	114	0
3863	114	0
3864	114	0
3865	115	0
3866	115	0
3867	115	0
3868	114	0
3869	114	0
3870	115	0
3871	114	0
3872	115	0
3873	115	0
3874	114	0
3875	115	0
3876	114	0
3877	114	0
3878	115	0
3879	115	0
3880	114	0
3881	114	0
3882	115	0
3883	115	0
3884	115	0
3885	115	0
3886	115	0
3887	115	0
3888	114	0
3889	114	0
3890	115	0
3891	114	0
3892	114	0
3893	115	0
3894	114	0
3895	114	0
3896	114	0
3897	115	0
3898	114	0
3899	115	0
3900	114	0
3901	114	0
3902	114	0
3903	114	0
3904	114	0
3905	114	0
3906	114	0
3907	115	0
3908	114	0
3909	114	0
3910	113	0
3911	113	0
3912	114	0
3913	115	0
3914	115	0
3915	114	0
3916	114	0
3917	114	0
3918	115	0
3919	114	0
3920	115	0
3921	115	0
3922	114	0
3923	114	0
3924	114	0
3925	115	0
3926	113	0
3927	114	0
3928	114	0
3929	114	0
3930	115	0
3931	115	0
3932	114	0
3933	113	0
3934	114	0
3935	114	0
3936	114	0
3937	114	0
3938	114	0
3939	115	0
3940	114	0
3941	114	0
3942	114	0
3943	114	0
3944	114	0
3945	114	0
3946	114	0
3947	114	0
3948	114	0
3949	114	0
3950	114	0
3951	114	0
3952	114	0
3953	114	0
3954	114	0
3955	114	0
3956	114	0
3957	114	0
3958	114	0
3959	114	0
3960	114	0
3961	113	0
3962	114	0
3963	114	0
3964	114	0
3965	114	0
3966	114	0
3967	114	0
3968	114	0
3969	114	0
3970	115	0
3971	114	0
3972	114	0
3973	114	0
3974	113	0
3975	114	0
3976	114	0
3977	114	0
3978	114	0
3979	115	0
3980	114	0
3981	114	0
3982	114	0
3983	115	0
3984	114	0
3985	114	0
3986	113	0
3987	114	0
3988	114	0
3989	114	0
3990	114	0
3991	114	0
3992	115	0
3993	113	0
3994	115	0
3995	114	0
3996	114	0
3997	115	0
3998	114	0
3999	114	0
4000	115	0
4001	115	0
4002	114	0
4003	114	0
4004	115	0
4005	115	0
4006	115	0
4007	115	0
4008	114	0
4009	115	0
4010	114	0
4011	115	0
4012	114	0
4013	114	0
4014	114	0
4015	115	0
4016	115	0
4017	115	0
4018	113	0
4019	114	0
4020	115	0
4021	114	0
4022	114	0
4023	114	0
4024	114	0
4025	114	0
4026	114	0
4027	114	0
4028	114	0
4029	114	0
4030	114	0
4031	114	0
4032	114	0
4033	115	0
4034	114	0
4035	115	0
4036	114	0
4037	115	0
4038	115	0
4039	114	0
4040	113	0
4041	114	0
4042	114	0
4043	114	0
4044	115	0
4045	115	0
4046	115	0
4047	114	0
4048	114	0
4049	115	0
4050	114	0
4051	113	0
4052	114	0
4053	114	0
4054	114	0
4055	115	0
4056	114	0
4057	114	0
4058	114	0
4059	115	0
4060	115	0
4061	115	0
4062	114	0
4063	114	0
4064	115	0
4065	114	0
4066	114	0
4067	115	0
4068	114	0
4069	114	0
4070	114	0
4071	115	0
4072	115	0
4073	115	0
4074	114	0
4075	114	0
4076	114	0
4077	114	0
4078	114	0
4079	114	0
4080	113	0
4081	115	0
4082	115	0
4083	115	0
4084	114	0
4085	115	0
4086	114	0
4087	114	0
4088	114	0
4089	114	0
4090	114	0
4091	114	0
4092	114	0
4093	113	0
4094	114	0
4095	114	0
4096	114	0
4097	114	0
4098	114	0
4099	115	0
4100	114	0
4101	113	0
4102	114	0
4103	114	0
4104	114	0
4105	115	0
4106	115	0
4107	115	0
4108	114	0
4109	114	0
4110	114	0
4111	115	0
4112	114	0
4113	115	0
4114	115	0
4115	115	0
4116	114	0
4117	115	0
4118	115	0
4119	115	0
4120	115	0
4121	115	0
4122	115	0
4123	115	0
4124	114	0
4125	114	0
4126	113	0
4127	115	0
4128	114	0
4129	114	0
4130	114	0
4131	115	0
4132	115	0
4133	115	0
4134	115	0
4135	114	0
4136	115	0
4137	114	0
4138	113	0
4139	114	0
4140	115	0
4141	114	0
4142	115	0
4143	114	0
4144	114	0
4145	114	0
4146	115	0
4147	114	0
4148	114	0
4149	113	0
4150	114	0
4151	114	0
4152	114	0
4153	114	0
4154	114	0
4155	114	0
4156	114	0
4157	114	0
4158	114	0
4159	113	0
4160	114	0
4161	115	0
4162	114	0
4163	114	0
4164	115	0
4165	115	0
4166	114	0
4167	114	0
4168	115	0
4169	115	0
4170	114	0
4171	115	0
4172	114	0
4173	114	0
4174	115	0
4175	115	0
4176	114	0
4177	115	0
4178	114	0
4179	115	0
4180	114	0
4181	115	0
4182	114	0
4183	114	0
4184	114	0
4185	115	0
4186	114	0
4187	115	0
4188	115	0
4189	114	0
4190	114	0
4191	115	0
4192	115	0
4193	114	0
4194	115	0
4195	114	0
4196	114	0
4197	113	0
4198	114	0
4199	114	0
4200	114	0
4201	114	0
4202	115	0
4203	115	0
4204	114	0
4205	114	0
4206	114	0
4207	114	0
4208	114	0
4209	115	0
4210	114	0
4211	114	0
4212	114	0
4213	113	0
4214	114	0
4215	115	0
4216	114	0
4217	114	0
4218	114	0
4219	115	0
4220	114	0
4221	115	0
4222	115	0
4223	115	0
4224	114	0
4225	114	0
4226	115	0
4227	114	0
4228	114	0
4229	115	0
4230	114	0
4231	114	0
4232	115	0
4233	114	0
4234	114	0
4235	115	0
4236	115	0
4237	115	0
4238	115	0
4239	115	0
4240	115	0
4241	115	0
4242	115	0
4243	114	0
4244	114	0
4245	115	0
4246	114	0
4247	115	0
4248	115	0
4249	115	0
4250	115	0
4251	115	0
4252	115	0
4253	114	0
4254	114	0
4255	115	0
4256	114	0
4257	115	0
4258	114	0
4259	114	0
4260	115	0
4261	114	0
4262	115	0
4263	113	0
4264	114	0
4265	115	0
4266	115	0
4267	115	0
4268	113	0
4269	115	0
4270	115	0
4271	114	0
4272	115	0
4273	114	0
4274	114	0
4275	114	0
4276	115	0
4277	114	0
4278	115	0
4279	113	0
4280	114	0
4281	115	0
4282	114	0
4283	115	0
4284	114	0
4285	114	0
4286	114	0
4287	114	0
4288	115	0
4289	115	0
4290	114	0
4291	114	0
4292	115	0
4293	115	0
4294	114	0
4295	115	0
4296	113	0
4297	114	0
4298	114	0
4299	115	0
4300	114	0
4301	114	0
4302	115	0
4303	114	0
4304	115	0
4305	114	0
4306	114	0
4307	114	0
4308	115	0
4309	115	0
4310	115	0
4311	114	0
4312	114	0
4313	114	0
4314	114	0
4315	114	0
4316	115	0
4317	114	0
4318	114	0
4319	115	0
4320	114	0
4321	114	0
4322	115	0
4323	114	0
4324	115	0
4325	115	0
4326	114	0
4327	114	0
4328	114	0
4329	115	0
4330	115	0
4331	115	0
4332	114	0
4333	114	0
4334	114	0
4335	114	0
4336	114	0
4337	115	0
4338	114	0
4339	113	0
4340	114	0
4341	114	0
4342	114	0
4343	114	0
4344	115	0
4345	114	0
4346	115	0
4347	114	0
4348	114	0
4349	114	0
4350	115	0
4351	114	0
4352	115	0
4353	114	0
4354	114	0
4355	114	0
4356	114	0
4357	115	0
4358	114	0
4359	115	0
4360	114	0
4361	115	0
4362	114	0
4363	114	0
4364	114	0
4365	114	0
4366	114	0
4367	115	0
4368	115	0
4369	115	0
4370	115	0
4371	114	0
4372	115	0
4373	114	0
4374	114	0
4375	114	0
4376	114	0
4377	114	0
4378	115	0
4379	114	0
4380	114	0
4381	115	0
4382	114	0
4383	115	0
4384	115	0
4385	114	0
4386	115	0
4387	115	0
4388	113	0
4389	114	0
4390	114	0
4391	113	0
4392	114	0
4393	115	0
4394	115	0
4395	114	0
4396	115	0
4397	115	0
4398	114	0
4399	113	0
4400	114	0
4401	114	0
4402	114	0
4403	114	0
4404	114	0
4405	114	0
4406	114	0
4407	114	0
4408	114	0
4409	114	0
4410	114	0
4411	115	0
4412	114	0
4413	114	0
4414	114	0
4415	115	0
4416	115	0
4417	115	0
4418	115	0
4419	115	0
4420	115	0
4421	115	0
4422	115	0
4423	114	0
4424	115	0
4425	113	0
4426	115	0
4427	113	0
4428	114	0
4429	115	0
4430	114	0
4431	114	0
4432	114	0
4433	115	0
4434	115	0
4435	114	0
4436	115	0
4437	114	0
4438	114	0
4439	113	0
4440	114	0
4441	114	0
4442	115	0
4443	114	0
4444	115	0
4445	115	0
4446	114	0
4447	114	0
4448	114	0
4449	115	0
4450	115	0
4451	114	0
4452	114	0
4453	114	0
4454	115	0
4455	114	0
4456	114	0
4457	114	0
4458	114	0
4459	115	0
4460	114	0
4461	114	0
4462	114	0
4463	114	0
4464	114	0
4465	115	0
4466	114	0
4467	115	0
4468	114	0
4469	114	0
4470	115	0
4471	115	0
4472	115	0
4473	115	0
4474	115	0
4475	114	0
4476	114	0
4477	114	0
4478	114	0
4479	114	0
4480	115	0
4481	114	0
4482	115	0
4483	114	0
4484	114	0
4485	114	0
4486	115	0
4487	114	0
4488	114	0
4489	114	0
4490	114	0
4491	114	0
4492	114	0
4493	115	0
4494	114	0
4495	115	0
4496	114	0
4497	114	0
4498	114	0
4499	114	0
4500	114	0
4501	114	0
4502	114	0
4503	114	0
4504	114	0
4505	115	0
4506	115	0
4507	114	0
4508	114	0
4509	114	0
4510	114	0
4511	114	0
4512	114	0
4513	115	0
4514	115	0
4515	114	0
4516	113	0
4517	114	0
4518	114	0
4519	114	0
4520	115	0
4521	115	0
4522	114	0
4523	114	0
4524	115	0
4525	114	0
4526	114	0
4527	115	0
4528	114	0
4529	114	0
4530	115	0
4531	114	0
4532	115	0
4533	114	0
4534	113	0
4535	114	0
4536	114	0
4537	114	0
4538	114	0
4539	115	0
4540	115	0
4541	114	0
4542	114	0
4543	114	0
4544	115	0
4545	115	0
4546	114	0
4547	114	0
4548	113	0
4549	114	0
4550	113	0
4551	114	0
4552	115	0
4553	115	0
4554	114	0
4555	115	0
4556	114	0
4557	114	0
4558	114	0
4559	115	0
4560	114	0
4561	113	0
4562	113	0
4563	114	0
4564	114	0
4565	115	0
4566	114	0
4567	114	0
4568	115	0
4569	114	0
4570	114	0
4571	114	0
4572	114	0
4573	114	0
4574	115	0
4575	115	0
4576	115	0
4577	114	0
4578	114	0
4579	114	0
4580	115	0
4581	114	0
4582	114	0
4583	114	0
4584	114	0
4585	114	0
4586	115	0
4587	114	0
4588	114	0
4589	115	0
4590	115	0
4591	115	0
4592	114	0
4593	114	0
4594	115	0
4595	114	0
4596	114	0
4597	115	0
4598	114	0
4599	115	0
4600	115	0
4601	115	0
4602	114	0
4603	114	0
4604	114	0
4605	114	0
4606	113	0
4607	114	0
4608	114	0
4609	114	0
4610	114	0
4611	115	0
4612	114	0
4613	114	0
4614	114	0
4615	115	0
4616	114	0
4617	114	0
4618	114	0
4619	114	0
4620	113	0
4621	114	0
4622	114	0
4623	114	0
4624	114	0
4625	114	0
4626	115	0
4627	113	0
4628	114	0
4629	114	0
4630	115	0
4631	114	0
4632	114	0
4633	114	0
4634	114	0
4635	115	0
4636	115	0
4637	114	0
4638	114	0
4639	114	0
4640	114	0
4641	114	0
4642	115	0
4643	115	0
4644	115	0
4645	114	0
4646	114	0
4647	114	0
4648	114	0
4649	114	0
4650	114	0
4651	115	0
4652	114	0
4653	115	0
4654	115	0
4655	114	0
4656	115	0
4657	115	0
4658	114	0
4659	114	0
4660	114	0
4661	114	0
4662	113	0
4663	115	0
4664	114	0
4665	114	0
4666	114	0
4667	114	0
4668	114	0
4669	115	0
4670	114	0
4671	114	0
4672	114	0
4673	114	0
4674	114	0
4675	115	0
4676	115	0
4677	113	0
4678	114	0
4679	114	0
4680	114	0
4681	115	0
4682	115	0
4683	114	0
4684	114	0
4685	114	0
4686	114	0
4687	114	0
4688	114	0
4689	114	0
4690	113	0
4691	114	0
4692	115	0
4693	114	0
4694	114	0
4695	115	0
4696	115	0
4697	115	0
4698	114	0
4699	114	0
4700	114	0
4701	115	0
4702	114	0
4703	115	0
4704	114	0
4705	114	0
4706	114	0
4707	114	0
4708	114	0
4709	115	0
4710	115	0
4711	114	0
4712	115	0
4713	114	0
4714	114	0
4715	114	0
4716	114	0
4717	115	0
4718	115	0
4719	115	0
4720	114	0
4721	114	0
4722	114	0
4723	113	0
4724	114	0
4725	114	0
4726	114	0
4727	113	0
4728	114	0
4729	114	0
4730	115	0
4731	114	0
4732	114	0
4733	115	0
4734	115	0
4735	115	0
4736	115	0
4737	114	0
4738	115	0
4739	114	0
4740	114	0
4741	114	0
4742	114	0
4743	114	0
4744	115	0
4745	115	0
4746	114	0
4747	114	0
4748	113	0
4749	115	0
4750	114	0
4751	115	0
4752	114	0
4753	114	0
4754	114	0
4755	114	0
4756	114	0
4757	115	0
4758	114	0
4759	114	0
4760	114	0
4761	114	0
4762	114	0
4763	113	0
4764	114	0
4765	113	0
4766	118	0
4767	138	0
4768	162	0
4769	181	0
4770	194	0
4771	200	0
4772	197	0
4773	182	0
4774	160	0
4775	137	0
4776	119	0
4777	114	0
4778	113	0
4779	112	0
4780	113	0
4781	114	0
4782	115	0
4783	116	0
4784	116	0
4785	117	0
4786	118	0
4787	137	0
4788	163	0
4789	182	0
4790	195	0
4791	201	0
4792	195	0
4793	165	0
4794	138	0
4795	121	0
4796	114	0
4797	113	0
4798	113	0
4799	113	0
4800	114	0
4801	115	0
4802	115	0
4803	115	0
4804	116	0
4805	117	0
4806	117	0
4807	115	0
4808	114	0
4809	115	0
4810	114	0
4811	114	0
4812	115	0
4813	114	0
4814	114	0
4815	115	0
4816	113	0
4817	114	0
4818	114	0
4819	114	0
4820	115	0
4821	113	0
4822	114	0
4823	113	0
4824	114	0
4825	114	0
4826	114	0
4827	114	0
4828	115	0
4829	114	0
4830	114	0
4831	114	0
4832	114	0
4833	115	0
4834	115	0
4835	115	0
4836	114	0
4837	114	0
4838	115	0
4839	114	0
4840	114	0
4841	115	0
4842	113	0
4843	114	0
4844	114	0
4845	114	0
4846	114	0
4847	114	0
4848	115	0
4849	114	0
4850	113	0
4851	114	0
4852	115	0
4853	115	0
4854	115	0
4855	115	0
4856	115	0
4857	114	0
4858	114	0
4859	114	0
4860	113	0
4861	114	0
4862	114	0
4863	114	0
4864	113	0
4865	114	0
4866	114	0
4867	114	0
4868	114	0
4869	114	0
4870	114	0
4871	115	0
4872	115	0
4873	114	0
4874	113	0
4875	114	0
4876	114	0
4877	113	0
4878	114	0
4879	115	0
4880	114	0
4881	115	0
4882	114	0
4883	114	0
4884	114	0
4885	114	0
4886	114	0
4887	114	0
4888	114	0
4889	114	0
4890	115	0
4891	114	0
4892	115	0
4893	114	0
4894	114	0
4895	114	0
4896	114	0
4897	115	0
4898	115	0
4899	113	0
4900	114	0
4901	114	0
4902	114	0
4903	114	0
4904	113	0
4905	114	0
4906	115	0
4907	114	0
4908	114	0
4909	114	0
4910	114	0
4911	114	0
4912	114	0
4913	114	0
4914	114	0
4915	114	0
4916	114	0
4917	114	0
4918	114	0
4919	114	0
4920	114	0
4921	114	0
4922	114	0
4923	114	0
4924	115	0
4925	114	0
4926	114	0
4927	114	0
4928	114	0
4929	115	0
4930	114	0
4931	114	0
4932	114	0
4933	114	0
4934	114	0
4935	115	0
4936	114	0
4937	115	0
4938	114	0
4939	114	0
4940	114	0
4941	114	0
4942	113	0
4943	114	0
4944	113	0
4945	114	0
4946	114	0
4947	115	0
4948	114	0
4949	115	0
4950	115	0
4951	114	0
4952	113	0
4953	114	0
4954	114	0
4955	114	0
4956	114	0
4957	115	0
4958	115	0
4959	114	0
4960	114	0
4961	115	0
4962	114	0
4963	113	0
4964	113	0
4965	114	0
4966	115	0
4967	115	0
4968	115	0
4969	113	0
4970	115	0
4971	114	0
4972	114	0
4973	114	0
4974	114	0
4975	114	0
4976	115	0
4977	114	0
4978	114	0
4979	114	0
4980	114	0
4981	114	0
4982	114	0
4983	115	0
4984	114	0
4985	114	0
4986	114	0
4987	115	0
4988	114	0
4989	115	0
4990	115	0
4991	115	0
4992	115	0
4993	114	0
4994	115	0
4995	114	0
4996	114	0
4997	114	0
4998	115	0
4999	114	0
5000	114	0
5001	114	0
5002	114	0
5003	114	0
5004	114	0
5005	114	0
5006	114	0
5007	114	0
5008	115	0
5009	115	0
5010	114	0
5011	114	0
5012	113	0
5013	114	0
5014	115	0
5015	114	0
5016	114	0
5017	114	0
5018	114	0
5019	114	0
5020	114	0
5021	113	0
5022	114	0
5023	114	0
5024	114	0
5025	114	0
5026	115	0
5027	114	0
5028	114	0
5029	114	0
5030	114	0
5031	114	0
5032	114	0
5033	114	0
5034	114	0
5035	114	0
5036	115	0
5037	115	0
5038	114	0
5039	114	0
5040	114	0
5041	114	0
5042	114	0
5043	114	0
5044	114	0
5045	114	0
5046	115	0
5047	114	0
5048	115	0
5049	114	0
5050	115	0
5051	115	0
5052	114	0
5053	115	0
5054	114	0
5055	115	0
5056	114	0
5057	115	0
5058	114	0
5059	115	0
5060	114	0
5061	115	0
5062	115	0
5063	114	0
5064	113	0
5065	114	0
5066	114	0
5067	114	0
5068	115	0
5069	115	0
5070	115	0
5071	113	0
5072	114	0
5073	114	0
5074	114	0
5075	114	0
5076	114	0
5077	115	0
5078	115	0
5079	114	0
5080	114	0
5081	114	0
5082	114	0
5083	114	0
5084	114	0
5085	114	0
5086	113	0
5087	114	0
5088	115	0
5089	113	0
5090	114	0
5091	115	0
5092	115	0
5093	114	0
5094	114	0
5095	115	0
5096	114	0
5097	113	0
5098	114	0
5099	114	0
5100	114	0
5101	115	0
5102	114	0
5103	114	0
5104	114	0
5105	114	0
5106	114	0
5107	114	0
5108	113	0
5109	114	0
5110	114	0
5111	114	0
5112	114	0
5113	115	0
5114	115	0
5115	114	0
5116	114	0
5117	115	0
5118	114	0
5119	114	0
5120	115	0
5121	114	0
5122	114	0
5123	114	0
5124	114	0
5125	115	0
5126	115	0
5127	113	0
5128	114	0
5129	114	0
5130	115	0
5131	114	0
5132	114	0
5133	115	0
5134	115	0
5135	115	0
5136	115	0
5137	114	0
5138	115	0
5139	114	0
5140	114	0
5141	114	0
5142	114	0
5143	114	0
5144	115	0
5145	114	0
5146	115	0
5147	114	0
5148	114	0
5149	114	0
5150	114	0
5151	113	0
5152	114	0
5153	114	0
5154	114	0
5155	114	0
5156	115	0
5157	115	0
5158	114	0
5159	114	0
5160	114	0
5161	114	0
5162	115	0
5163	114	0
5164	114	0
5165	115	0
5166	114	0
5167	115	0
5168	114	0
5169	114	0
5170	114	0
5171	114	0
5172	115	0
5173	114	0
5174	114	0
5175	114	0
5176	114	0
5177	114	0
5178	114	0
5179	113	0
5180	114	0
5181	114	0
5182	114	0
5183	114	0
5184	115	0
5185	114	0
5186	114	0
5187	114	0
5188	115	0
5189	114	0
5190	114	0
5191	114	0
5192	115	0
5193	114	0
5194	113	0
5195	114	0
5196	114	0
5197	114	0
5198	114	0
5199	115	0
5200	114	0
5201	114	0
5202	114	0
5203	114	0
5204	114	0
5205	115	0
5206	114	0
5207	114	0
5208	114	0
5209	114	0
5210	115	0
5211	115	0
5212	115	0
5213	114	0
5214	115	0
5215	115	0
5216	114	0
5217	114	0
5218	114	0
5219	115	0
5220	114	0
5221	114	0
5222	114	0
5223	115	0
5224	115	0
5225	115	0
5226	114	0
5227	114	0
5228	114	0
5229	114	0
5230	114	0
5231	114	0
5232	114	0
5233	114	0
5234	114	0
5235	114	0
5236	114	0
5237	114	0
5238	114	0
5239	114	0
5240	114	0
5241	114	0
5242	114	0
5243	115	0
5244	113	0
5245	113	0
5246	113	0
5247	114	0
5248	114	0
5249	114	0
5250	114	0
5251	114	0
5252	115	0
5253	115	0
5254	114	0
5255	114	0
5256	115	0
5257	115	0
5258	114	0
5259	115	0
5260	114	0
5261	114	0
5262	114	0
5263	115	0
5264	115	0
5265	115	0
5266	113	0
5267	114	0
5268	115	0
5269	114	0
5270	113	0
5271	114	0
5272	114	0
5273	114	0
5274	115	0
5275	114	0
5276	114	0
5277	114	0
5278	115	0
5279	114	0
5280	115	0
5281	114	0
5282	114	0
5283	114	0
5284	114	0
5285	114	0
5286	115	0
5287	113	0
5288	115	0
5289	114	0
5290	114	0
5291	114	0
5292	115	0
5293	115	0
5294	115	0
5295	113	0
5296	114	0
5297	115	0
5298	114	0
5299	114	0
5300	114	0
5301	115	0
5302	115	0
5303	115	0
5304	115	0
5305	114	0
5306	114	0
5307	114	0
5308	114	0
5309	115	0
5310	115	0
5311	115	0
5312	115	0
5313	114	0
5314	115	0
5315	114	0
5316	114	0
5317	114	0
5318	115	0
5319	115	0
5320	114	0
5321	114	0
5322	115	0
5323	114	0
5324	114	0
5325	114	0
5326	113	0
5327	114	0
5328	114	0
5329	114	0
5330	115	0
5331	115	0
5332	114	0
5333	114	0
5334	114	0
5335	114	0
5336	114	0
5337	115	0
5338	114	0
5339	114	0
5340	114	0
5341	114	0
5342	115	0
5343	114	0
5344	113	0
5345	114	0
5346	115	0
5347	114	0
5348	114	0
5349	113	0
5350	114	0
5351	114	0
5352	114	0
5353	114	0
5354	115	0
5355	114	0
5356	114	0
5357	114	0
5358	114	0
5359	115	0
5360	114	0
5361	114	0
5362	113	0
5363	114	0
5364	114	0
5365	114	0
5366	114	0
5367	115	0
5368	114	0
5369	113	0
5370	114	0
5371	114	0
5372	114	0
5373	114	0
5374	114	0
5375	115	0
5376	114	0
5377	115	0
5378	114	0
5379	114	0
5380	115	0
5381	114	0
5382	114	0
5383	114	0
5384	114	0
5385	115	0
5386	114	0
5387	114	0
5388	114	0
5389	115	0
5390	115	0
5391	114	0
5392	115	0
5393	115	0
5394	115	0
5395	113	0
5396	115	0
5397	114	0
5398	114	0
5399	114	0
5400	114	0
5401	115	0
5402	115	0
5403	115	0
5404	114	0
5405	114	0
5406	115	0
5407	113	0
5408	114	0
5409	114	0
5410	114	0
5411	114	0
5412	114	0
5413	113	0
5414	114	0
5415	115	0
5416	114	0
5417	114	0
5418	114	0
5419	114	0
5420	114	0
5421	114	0
5422	114	0
5423	114	0
5424	113	0
5425	114	0
5426	114	0
5427	114	0
5428	114	0
5429	114	0
5430	115	0
5431	114	0
5432	114	0
5433	114	0
5434	114	0
5435	114	0
5436	115	0
5437	114	0
5438	114	0
5439	114	0
5440	115	0
5441	114	0
5442	115	0
5443	114	0
5444	114	0
5445	114	0
5446	114	0
5447	115	0
5448	115	0
5449	114	0
5450	114	0
5451	115	0
5452	114	0
5453	114	0
5454	114	0
5455	114	0
5456	114	0
5457	115	0
5458	114	0
5459	114	0
5460	114	0
5461	115	0
5462	115	0
5463	114	0
5464	114	0
5465	113	0
5466	114	0
5467	114	0
5468	114	0
5469	114	0
5470	114	0
5471	114	0
5472	115	0
5473	115	0
5474	114	0
5475	114	0
5476	113	0
5477	114	0
5478	115	0
5479	115	0
5480	114	0
5481	114	0
5482	114	0
5483	114	0
5484	114	0
5485	114	0
5486	114	0
5487	114	0
5488	114	0
5489	114	0
5490	114	0
5491	114	0
5492	114	0
5493	114	0
5494	114	0
5495	114	0
5496	114	0
5497	114	0
5498	114	0
5499	114	0
5500	114	0
5501	114	0
5502	114	0
5503	113	0
5504	114	0
5505	114	0
5506	114	0
5507	114	0
5508	114	0
5509	115	0
5510	113	0
5511	115	0
5512	114	0
5513	114	0
5514	114	0
5515	115	0
5516	114	0
5517	114	0
5518	114	0
5519	113	0
5520	114	0
5521	114	0
5522	114	0
5523	114	0
5524	115	0
5525	115	0
5526	114	0
5527	114	0
5528	114	0
5529	114	0
5530	114	0
5531	113	0
5532	114	0
5533	114	0
5534	114	0
5535	114	0
5536	114	0
5537	115	0
5538	115	0
5539	114	0
5540	114	0
5541	114	0
5542	115	0
5543	114	0
5544	114	0
5545	115	0
5546	115	0
5547	114	0
5548	114	0
5549	114	0
5550	114	0
5551	114	0
5552	114	0
5553	114	0
5554	114	0
5555	115	0
5556	115	0
5557	114	0
5558	114	0
5559	115	0
5560	115	0
5561	114	0
5562	114	0
5563	113	0
5564	115	0
5565	114	0
5566	114	0
5567	114	0
5568	115	0
5569	114	0
5570	115	0
5571	114	0
5572	115	0
5573	114	0
5574	114	0
5575	114	0
5576	115	0
5577	114	0
5578	115	0
5579	114	0
5580	115	0
5581	114	0
5582	114	0
5583	114	0
5584	114	0
5585	114	0
5586	115	0
5587	115	0
5588	115	0
5589	114	0
5590	113	0
5591	114	0
5592	113	0
5593	114	0
5594	114	0
5595	114	0
5596	114	0
5597	114	0
5598	115	0
5599	114	0
5600	115	0
5601	114	0
5602	113	0
5603	114	0
5604	114	0
5605	114	0
5606	114	0
5607	115	0
5608	114	0
5609	114	0
5610	114	0
5611	114	0
5612	113	0
5613	114	0
5614	114	0
5615	114	0
5616	113	0
5617	114	0
5618	115	0
5619	114	0
5620	113	0
5621	114	0
5622	115	0
5623	114	0
5624	115	0
5625	115	0
5626	114	0
5627	113	0
5628	114	0
5629	113	0
5630	114	0
5631	115	0
5632	115	0
5633	114	0
5634	114	0
5635	115	0
5636	114	0
5637	115	0
5638	114	0
5639	115	0
5640	114	0
5641	114	0
5642	114	0
5643	114	0
5644	114	0
5645	114	0
5646	115	0
5647	114	0
5648	115	0
5649	114	0
5650	115	0
5651	114	0
5652	114	0
5653	113	0
5654	113	0
5655	114	0
5656	114	0
5657	113	0
5658	114	0
5659	114	0
5660	115	0
5661	114	0
5662	115	0
5663	114	0
5664	113	0
5665	114	0
5666	114	0
5667	113	0
5668	114	0
5669	114	0
5670	114	0
5671	114	0
5672	114	0
5673	114	0
5674	114	0
5675	113	0
5676	114	0
5677	114	0
5678	114	0
5679	114	0
5680	115	0
5681	115	0
5682	114	0
5683	113	0
5684	114	0
5685	115	0
5686	114	0
5687	114	0
5688	115	0
5689	114	0
5690	114	0
5691	115	0
5692	114	0
5693	113	0
5694	114	0
5695	114	0
5696	115	0
5697	113	0
5698	114	0
5699	115	0
5700	113	0
5701	114	0
5702	114	0
5703	115	0
5704	114	0
5705	114	0
5706	115	0
5707	115	0
5708	114	0
5709	114	0
5710	113	0
5711	115	0
5712	113	0
5713	114	0
5714	114	0
5715	115	0
5716	114	0
5717	118	0
5718	140	0
5719	164	0
5720	182	0
5721	195	0
5722	200	0
5723	197	0
5724	181	0
5725	159	0
5726	135	0
5727	118	0
5728	113	0
5729	112	0
5730	113	0
5731	113	0
5732	115	0
5733	115	0
5734	115	0
5735	116	0
5736	116	0
5737	118	0
5738	139	0
5739	164	0
5740	183	0
5741	195	0
5742	201	0
5743	192	0
5744	163	0
5745	137	0
5746	121	0
5747	114	0
5748	113	0
5749	113	0
5750	113	0
5751	114	0
5752	115	0
5753	115	0
5754	115	0
5755	116	0
5756	117	0
5757	117	0
5758	115	0
5759	115	0
5760	115	0
5761	114	0
5762	114	0
5763	114	0
5764	114	0
5765	114	0
5766	114	0
5767	114	0
5768	114	0
5769	113	0
5770	114	0
5771	114	0
5772	114	0
5773	114	0
5774	115	0
5775	115	0
5776	114	0
5777	114	0
5778	114	0
5779	114	0
5780	114	0
5781	114	0
5782	113	0
5783	115	0
5784	114	0
5785	114	0
5786	114	0
5787	114	0
5788	114	0
5789	114	0
5790	114	0
5791	113	0
5792	114	0
5793	114	0
5794	114	0
5795	115	0
5796	114	0
5797	114	0
5798	113	0
5799	114	0
5800	114	0
5801	115	0
5802	114	0
5803	114	0
5804	114	0
5805	114	0
5806	114	0
5807	114	0
5808	114	0
5809	114	0
5810	114	0
5811	114	0
5812	114	0
5813	115	0
5814	115	0
5815	114	0
5816	114	0
5817	114	0
5818	114	0
5819	113	0
5820	114	0
5821	114	0
5822	114	0
5823	113	0
5824	114	0
5825	114	0
5826	114	0
5827	114	0
5828	115	0
5829	115	0
5830	115	0
5831	114	0
5832	115	0
5833	114	0
5834	114	0
5835	114	0
5836	114	0
5837	115	0
5838	114	0
5839	113	0
5840	113	0
5841	114	0
5842	115	0
5843	114	0
5844	115	0
5845	114	0
5846	115	0
5847	114	0
5848	115	0
5849	114	0
5850	114	0
5851	114	0
5852	114	0
5853	114	0
5854	114	0
5855	114	0
5856	115	0
5857	113	0
5858	114	0
5859	113	0
5860	114	0
5861	114	0
5862	114	0
5863	114	0
5864	115	0
5865	114	0
5866	114	0
5867	115	0
5868	114	0
5869	114	0
5870	114	0
5871	114	0
5872	115	0
5873	114	0
5874	113	0
5875	113	0
5876	114	0
5877	114	0
5878	114	0
5879	115	0
5880	115	0
5881	115	0
5882	114	0
5883	114	0
5884	115	0
5885	114	0
5886	114	0
5887	114	0
5888	114	0
5889	114	0
5890	115	0
5891	114	0
5892	114	0
5893	113	0
5894	114	0
5895	114	0
5896	114	0
5897	115	0
5898	115	0
5899	115	0
5900	114	0
5901	115	0
5902	114	0
5903	114	0
5904	113	0
5905	115	0
5906	114	0
5907	114	0
5908	115	0
5909	115	0
5910	115	0
5911	115	0
5912	113	0
5913	115	0
5914	114	0
5915	114	0
5916	114	0
5917	115	0
5918	115	0
5919	115	0
5920	114	0
5921	114	0
5922	114	0
5923	113	0
5924	114	0
5925	114	0
5926	114	0
5927	114	0
5928	115	0
5929	114	0
5930	114	0
5931	114	0
5932	114	0
5933	115	0
5934	115	0
5935	115	0
5936	114	0
5937	114	0
5938	115	0
5939	114	0
5940	114	0
5941	115	0
5942	115	0
5943	115	0
5944	115	0
5945	114	0
5946	114	0
5947	114	0
5948	114	0
5949	114	0
5950	115	0
5951	114	0
5952	114	0
5953	114	0
5954	114	0
5955	115	0
5956	115	0
5957	115	0
5958	114	0
5959	114	0
5960	114	0
5961	114	0
5962	114	0
5963	114	0
5964	114	0
5965	114	0
5966	114	0
5967	115	0
5968	114	0
5969	114	0
5970	114	0
5971	114	0
5972	115	0
5973	115	0
5974	114	0
5975	114	0
5976	114	0
5977	115	0
5978	115	0
5979	114	0
5980	115	0
5981	115	0
5982	114	0
5983	114	0
5984	115	0
5985	115	0
5986	114	0
5987	114	0
5988	114	0
5989	113	0
5990	114	0
5991	115	0
5992	114	0
5993	115	0
5994	115	0
5995	114	0
5996	114	0
5997	114	0
5998	114	0
5999	114	0
6000	115	0
6001	114	0
6002	114	0
6003	115	0
6004	114	0
6005	114	0
6006	115	0
6007	114	0
6008	115	0
6009	115	0
6010	115	0
6011	115	0
6012	115	0
6013	114	0
6014	114	0
6015	114	0
6016	114	0
6017	115	0
6018	115	0
6019	114	0
6020	115	0
6021	114	0
6022	114	0
6023	114	0
6024	115	0
6025	115	0
6026	114	0
6027	113	0
6028	114	0
6029	114	0
6030	114	0
6031	115	0
6032	114	0
6033	115	0
6034	114	0
6035	114	0
6036	114	0
6037	114	0
6038	114	0
6039	114	0
6040	114	0
6041	113	0
6042	114	0
6043	114	0
6044	114	0
6045	114	0
6046	115	0
6047	115	0
6048	114	0
6049	114	0
6050	114	0
6051	115	0
6052	114	0
6053	114	0
6054	115	0
6055	115	0
6056	115	0
6057	115	0
6058	114	0
6059	115	0
6060	114	0
6061	115	0
6062	114	0
6063	114	0
6064	115	0
6065	115	0
6066	114	0
6067	115	0
6068	114	0
6069	115	0
6070	114	0
6071	114	0
6072	114	0
6073	114	0
6074	114	0
6075	114	0
6076	114	0
6077	114	0
6078	114	0
6079	114	0
6080	114	0
6081	114	0
6082	114	0
6083	114	0
6084	114	0
6085	115	0
6086	114	0
6087	115	0
6088	114	0
6089	114	0
6090	114	0
6091	114	0
6092	115	0
6093	115	0
6094	115	0
6095	114	0
6096	115	0
6097	114	0
6098	114	0
6099	115	0
6100	115	0
6101	114	0
6102	115	0
6103	115	0
6104	114	0
6105	114	0
6106	114	0
6107	115	0
6108	114	0
6109	115	0
6110	114	0
6111	114	0
6112	114	0
6113	115	0
6114	114	0
6115	115	0
6116	114	0
6117	114	0
6118	114	0
6119	115	0
6120	114	0
6121	115	0
6122	114	0
6123	113	0
6124	114	0
6125	113	0
6126	114	0
6127	114	0
6128	114	0
6129	114	0
6130	115	0
6131	114	0
6132	113	0
6133	114	0
6134	114	0
6135	114	0
6136	114	0
6137	115	0
6138	114	0
6139	114	0
6140	114	0
6141	113	0
6142	114	0
6143	115	0
6144	113	0
6145	113	0
6146	114	0
6147	115	0
6148	114	0
6149	114	0
6150	113	0
6151	115	0
6152	114	0
6153	114	0
6154	113	0
6155	115	0
6156	115	0
6157	115	0
6158	114	0
6159	114	0
6160	114	0
6161	114	0
6162	115	0
6163	114	0
6164	114	0
6165	114	0
6166	114	0
6167	114	0
6168	115	0
6169	114	0
6170	114	0
6171	114	0
6172	115	0
6173	114	0
6174	115	0
6175	114	0
6176	114	0
6177	114	0
6178	115	0
6179	114	0
6180	115	0
6181	114	0
6182	114	0
6183	114	0
6184	115	0
6185	115	0
6186	115	0
6187	114	0
6188	114	0
6189	114	0
6190	114	0
6191	114	0
6192	115	0
6193	114	0
6194	114	0
6195	114	0
6196	114	0
6197	114	0
6198	115	0
6199	113	0
6200	114	0
6201	113	0
6202	114	0
6203	114	0
6204	114	0
6205	114	0
6206	114	0
6207	115	0
6208	114	0
6209	115	0
6210	114	0
6211	113	0
6212	114	0
6213	114	0
6214	113	0
6215	114	0
6216	114	0
6217	114	0
6218	114	0
6219	115	0
6220	115	0
6221	114	0
6222	114	0
6223	114	0
6224	114	0
6225	114	0
6226	114	0
6227	114	0
6228	114	0
6229	113	0
6230	113	0
6231	114	0
6232	114	0
6233	114	0
6234	114	0
6235	114	0
6236	113	0
6237	114	0
6238	114	0
6239	115	0
6240	114	0
6241	114	0
6242	114	0
6243	114	0
6244	114	0
6245	114	0
6246	114	0
6247	114	0
6248	114	0
6249	114	0
6250	114	0
6251	114	0
6252	115	0
6253	115	0
6254	114	0
6255	115	0
6256	114	0
6257	113	0
6258	114	0
6259	114	0
6260	115	0
6261	114	0
6262	115	0
6263	114	0
6264	114	0
6265	114	0
6266	114	0
6267	115	0
6268	115	0
6269	115	0
6270	114	0
6271	114	0
6272	114	0
6273	114	0
6274	114	0
6275	114	0
6276	114	0
6277	114	0
6278	115	0
6279	114	0
6280	113	0
6281	114	0
6282	114	0
6283	114	0
6284	114	0
6285	114	0
6286	115	0
6287	114	0
6288	114	0
6289	114	0
6290	114	0
6291	114	0
6292	114	0
6293	114	0
6294	115	0
6295	114	0
6296	114	0
6297	114	0
6298	114	0
6299	114	0
6300	115	0
6301	114	0
6302	114	0
6303	114	0
6304	115	0
6305	114	0
6306	114	0
6307	114	0
6308	115	0
6309	114	0
6310	114	0
6311	115	0
6312	114	0
6313	113	0
6314	114	0
6315	114	0
6316	115	0
6317	114	0
6318	114	0
6319	115	0
6320	114	0
6321	114	0
6322	114	0
6323	114	0
6324	114	0
6325	114	0
6326	113	0
6327	115	0
6328	115	0
6329	114	0
6330	113	0
6331	115	0
6332	114	0
6333	113	0
6334	114	0
6335	114	0
6336	113	0
6337	115	0
6338	114	0
6339	114	0
6340	114	0
6341	114	0
6342	114	0
6343	115	0
6344	114	0
6345	113	0
6346	114	0
6347	114	0
6348	113	0
6349	114	0
6350	114	0
6351	114	0
6352	113	0
6353	115	0
6354	114	0
6355	114	0
6356	113	0
6357	115	0
6358	114	0
6359	115	0
6360	114	0
6361	114	0
6362	114	0
6363	114	0
6364	114	0
6365	114	0
6366	114	0
6367	114	0
6368	114	0
6369	114	0
6370	114	0
6371	114	0
6372	114	0
6373	114	0
6374	114	0
6375	113	0
6376	114	0
6377	114	0
6378	114	0
6379	114	0
6380	115	0
6381	113	0
6382	114	0
6383	114	0
6384	114	0
6385	114	0
6386	114	0
6387	114	0
6388	114	0
6389	115	0
6390	114	0
6391	114	0
6392	114	0
6393	114	0
6394	114	0
6395	114	0
6396	114	0
6397	113	0
6398	114	0
6399	114	0
6400	114	0
6401	114	0
6402	113	0
6403	114	0
6404	114	0
6405	114	0
6406	114	0
6407	115	0
6408	114	0
6409	114	0
6410	113	0
6411	114	0
6412	114	0
6413	115	0
6414	115	0
6415	114	0
6416	114	0
6417	114	0
6418	114	0
6419	114	0
6420	114	0
6421	114	0
6422	114	0
6423	114	0
6424	114	0
6425	113	0
6426	114	0
6427	114	0
6428	114	0
6429	115	0
6430	115	0
6431	115	0
6432	114	0
6433	114	0
6434	114	0
6435	114	0
6436	114	0
6437	114	0
6438	114	0
6439	114	0
6440	115	0
6441	114	0
6442	114	0
6443	114	0
6444	114	0
6445	114	0
6446	113	0
6447	115	0
6448	114	0
6449	114	0
6450	114	0
6451	114	0
6452	113	0
6453	113	0
6454	113	0
6455	113	0
6456	114	0
6457	114	0
6458	114	0
6459	114	0
6460	114	0
6461	114	0
6462	114	0
6463	114	0
6464	115	0
6465	114	0
6466	113	0
6467	114	0
6468	114	0
6469	114	0
6470	114	0
6471	114	0
6472	115	0
6473	114	0
6474	114	0
6475	113	0
6476	114	0
6477	114	0
6478	114	0
6479	114	0
6480	115	0
6481	114	0
6482	114	0
6483	114	0
6484	114	0
6485	114	0
6486	115	0
6487	113	0
6488	114	0
6489	114	0
6490	115	0
6491	114	0
6492	114	0
6493	115	0
6494	115	0
6495	114	0
6496	114	0
6497	114	0
6498	114	0
6499	114	0
6500	115	0
6501	113	0
6502	114	0
6503	114	0
6504	114	0
6505	114	0
6506	114	0
6507	114	0
6508	114	0
6509	114	0
6510	114	0
6511	113	0
6512	113	0
6513	114	0
6514	114	0
6515	114	0
6516	114	0
6517	114	0
6518	115	0
6519	113	0
6520	113	0
6521	114	0
6522	114	0
6523	115	0
6524	114	0
6525	115	0
6526	114	0
6527	114	0
6528	114	0
6529	115	0
6530	115	0
6531	114	0
6532	114	0
6533	114	0
6534	114	0
6535	114	0
6536	114	0
6537	114	0
6538	115	0
6539	115	0
6540	114	0
6541	114	0
6542	114	0
6543	113	0
6544	114	0
6545	114	0
6546	114	0
6547	114	0
6548	114	0
6549	115	0
6550	114	0
6551	114	0
6552	114	0
6553	114	0
6554	115	0
6555	115	0
6556	114	0
6557	114	0
6558	114	0
6559	114	0
6560	114	0
6561	115	0
6562	114	0
6563	113	0
6564	113	0
6565	114	0
6566	114	0
6567	114	0
6568	114	0
6569	114	0
6570	115	0
6571	113	0
6572	114	0
6573	115	0
6574	114	0
6575	114	0
6576	114	0
6577	115	0
6578	115	0
6579	114	0
6580	114	0
6581	114	0
6582	115	0
6583	114	0
6584	114	0
6585	114	0
6586	114	0
6587	114	0
6588	114	0
6589	114	0
6590	114	0
6591	113	0
6592	114	0
6593	114	0
6594	114	0
6595	114	0
6596	115	0
6597	114	0
6598	114	0
6599	113	0
6600	114	0
6601	114	0
6602	115	0
6603	114	0
6604	115	0
6605	114	0
6606	114	0
6607	114	0
6608	114	0
6609	114	0
6610	115	0
6611	114	0
6612	114	0
6613	114	0
6614	114	0
6615	114	0
6616	114	0
6617	114	0
6618	113	0
6619	114	0
6620	114	0
6621	114	0
6622	114	0
6623	114	0
6624	115	0
6625	114	0
6626	114	0
6627	113	0
6628	114	0
6629	114	0
6630	114	0
6631	114	0
6632	115	0
6633	114	0
6634	114	0
6635	114	0
6636	114	0
6637	114	0
6638	114	0
6639	113	0
6640	114	0
6641	114	0
6642	113	0
6643	114	0
6644	115	0
6645	114	0
6646	114	0
6647	115	0
6648	114	0
6649	114	0
6650	114	0
6651	114	0
6652	115	0
6653	115	0
6654	114	0
6655	115	0
6656	114	0
6657	114	0
6658	114	0
6659	114	0
6660	114	0
6661	114	0
6662	114	0
6663	114	0
6664	113	0
6665	114	0
6666	114	0
6667	114	0
6668	113	0
6669	115	0
6670	122	0
6671	145	0
6672	169	0
6673	186	0
6674	197	0
6675	201	0
6676	194	0
6677	176	0
6678	154	0
6679	129	0
6680	116	0
6681	113	0
6682	113	0
6683	113	0
6684	114	0
6685	113	0
6686	115	0
6687	115	0
6688	116	0
6689	117	0
6690	123	0
6691	145	0
6692	169	0
6693	187	0
6694	198	0
6695	201	0
6696	187	0
6697	156	0
6698	131	0
6699	118	0
6700	114	0
6701	112	0
6702	112	0
6703	114	0
6704	114	0
6705	114	0
6706	114	0
6707	115	0
6708	116	0
6709	117	0
6710	116	0
6711	115	0
6712	114	0
6713	114	0
6714	113	0
6715	113	0
6716	114	0
6717	114	0
6718	113	0
6719	115	0
6720	114	0
6721	114	0
6722	113	0
6723	114	0
6724	114	0
6725	114	0
6726	115	0
6727	115	0
6728	115	0
6729	115	0
6730	114	0
6731	114	0
6732	115	0
6733	114	0
6734	114	0
6735	114	0
6736	114	0
6737	114	0
6738	114	0
6739	114	0
6740	114	0
6741	113	0
6742	114	0
6743	113	0
6744	114	0
6745	114	0
6746	115	0
6747	114	0
6748	114	0
6749	115	0
6750	114	0
6751	114	0
6752	114	0
6753	115	0
6754	114	0
6755	114	0
6756	114	0
6757	113	0
6758	114	0
6759	114	0
6760	113	0
6761	114	0
6762	114	0
6763	114	0
6764	114	0
6765	114	0
6766	114	0
6767	114	0
6768	114	0
6769	115	0
6770	114	0
6771	115	0
6772	114	0
6773	114	0
6774	113	0
6775	114	0
6776	113	0
6777	115	0
6778	114	0
6779	114	0
6780	115	0
6781	114	0
6782	113	0
6783	114	0
6784	113	0
6785	114	0
6786	114	0
6787	114	0
6788	115	0
6789	114	0
6790	115	0
6791	114	0
6792	114	0
6793	115	0
6794	114	0
6795	115	0
6796	114	0
6797	114	0
6798	115	0
6799	114	0
6800	114	0
6801	114	0
6802	114	0
6803	114	0
6804	114	0
6805	114	0
6806	113	0
6807	115	0
6808	114	0
6809	113	0
6810	114	0
6811	115	0
6812	114	0
6813	115	0
6814	114	0
6815	114	0
6816	114	0
6817	114	0
6818	114	0
6819	115	0
6820	114	0
6821	113	0
6822	113	0
6823	113	0
6824	115	0
6825	114	0
6826	114	0
6827	114	0
6828	114	0
6829	114	0
6830	115	0
6831	113	0
6832	115	0
6833	114	0
6834	113	0
6835	114	0
6836	114	0
6837	114	0
6838	114	0
6839	113	0
6840	114	0
6841	114	0
6842	115	0
6843	114	0
6844	114	0
6845	114	0
6846	115	0
6847	114	0
6848	113	0
6849	113	0
6850	114	0
6851	114	0
6852	115	0
6853	115	0
6854	114	0
6855	114	0
6856	114	0
6857	113	0
6858	114	0
6859	114	0
6860	113	0
6861	114	0
6862	114	0
6863	114	0
6864	114	0
6865	115	0
6866	114	0
6867	113	0
6868	114	0
6869	113	0
6870	113	0
6871	115	0
6872	115	0
6873	114	0
6874	113	0
6875	114	0
6876	115	0
6877	114	0
6878	115	0
6879	114	0
6880	114	0
6881	115	0
6882	115	0
6883	114	0
6884	114	0
6885	114	0
6886	115	0
6887	115	0
6888	114	0
6889	115	0
6890	115	0
6891	114	0
6892	114	0
6893	114	0
6894	114	0
6895	114	0
6896	114	0
6897	115	0
6898	114	0
6899	114	0
6900	114	0
6901	115	0
6902	115	0
6903	115	0
6904	114	0
6905	114	0
6906	114	0
6907	114	0
6908	114	0
6909	115	0
6910	115	0
6911	114	0
6912	114	0
6913	114	0
6914	114	0
6915	114	0
6916	114	0
6917	113	0
6918	114	0
6919	114	0
6920	114	0
6921	114	0
6922	114	0
6923	114	0
6924	114	0
6925	114	0
6926	114	0
6927	113	0
6928	114	0
6929	113	0
6930	114	0
6931	114	0
6932	114	0
6933	115	0
6934	114	0
6935	115	0
6936	114	0
6937	115	0
6938	114	0
6939	114	0
6940	114	0
6941	114	0
6942	115	0
6943	114	0
6944	114	0
6945	114	0
6946	113	0
6947	114	0
6948	114	0
6949	113	0
6950	113	0
6951	114	0
6952	114	0
6953	114	0
6954	115	0
6955	114	0
6956	114	0
6957	114	0
6958	113	0
6959	114	0
6960	114	0
6961	114	0
6962	114	0
6963	115	0
6964	114	0
6965	114	0
6966	113	0
6967	113	0
6968	114	0
6969	114	0
6970	114	0
6971	115	0
6972	114	0
6973	115	0
6974	114	0
6975	115	0
6976	114	0
6977	114	0
6978	114	0
6979	114	0
6980	114	0
6981	114	0
6982	114	0
6983	114	0
6984	114	0
6985	114	0
6986	115	0
6987	114	0
6988	114	0
6989	114	0
6990	114	0
6991	114	0
6992	114	0
6993	113	0
6994	114	0
6995	114	0
6996	114	0
6997	114	0
6998	114	0
6999	114	0
7000	114	0
7001	114	0
7002	113	0
7003	115	0
7004	114	0
7005	115	0
7006	114	0
7007	115	0
7008	114	0
7009	114	0
7010	113	0
7011	114	0
7012	114	0
7013	114	0
7014	114	0
7015	114	0
7016	115	0
7017	114	0
7018	114	0
7019	114	0
7020	113	0
7021	115	0
7022	114	0
7023	114	0
7024	114	0
7025	114	0
7026	114	0
7027	114	0
7028	115	0
7029	114	0
7030	114	0
7031	114	0
7032	115	0
7033	114	0
7034	114	0
7035	114	0
7036	114	0
7037	114	0
7038	115	0
7039	114	0
7040	113	0
7041	114	0
7042	114	0
7043	115	0
7044	114	0
7045	114	0
7046	115	0
7047	115	0
7048	113	0
7049	115	0
7050	114	0
7051	113	0
7052	114	0
7053	115	0
7054	114	0
7055	115	0
7056	115	0
7057	115	0
7058	114	0
7059	114	0
7060	114	0
7061	114	0
7062	114	0
7063	114	0
7064	114	0
7065	115	0
7066	114	0
7067	114	0
7068	114	0
7069	115	0
7070	114	0
7071	115	0
7072	115	0
7073	114	0
7074	115	0
7075	114	0
7076	114	0
7077	114	0
7078	114	0
7079	115	0
7080	115	0
7081	114	0
7082	113	0
7083	114	0
7084	115	0
7085	114	0
7086	115	0
7087	113	0
7088	114	0
7089	113	0
7090	113	0
7091	114	0
7092	113	0
7093	114	0
7094	115	0
7095	113	0
7096	114	0
7097	114	0
7098	115	0
7099	114	0
7100	113	0
7101	114	0
7102	114	0
7103	114	0
7104	115	0
7105	115	0
7106	114	0
7107	114	0
7108	114	0
7109	115	0
7110	114	0
7111	115	0
7112	114	0
7113	114	0
7114	115	0
7115	115	0
7116	115	0
7117	114	0
7118	114	0
7119	114	0
7120	114	0
7121	114	0
7122	114	0
7123	115	0
7124	114	0
7125	113	0
7126	114	0
7127	114	0
7128	115	0
7129	114	0
7130	114	0
7131	114	0
7132	114	0
7133	114	0
7134	114	0
7135	113	0
7136	114	0
7137	114	0
7138	114	0
7139	114	0
7140	114	0
7141	115	0
7142	114	0
7143	114	0
7144	114	0
7145	113	0
7146	115	0
7147	114	0
7148	115	0
7149	114	0
7150	114	0
7151	114	0
7152	115	0
7153	114	0
7154	114	0
7155	114	0
7156	114	0
7157	114	0
7158	114	0
7159	114	0
7160	114	0
7161	113	0
7162	114	0
7163	113	0
7164	114	0
7165	114	0
7166	114	0
7167	114	0
7168	115	0
7169	114	0
7170	114	0
7171	114	0
7172	114	0
7173	114	0
7174	114	0
7175	114	0
7176	115	0
7177	113	0
7178	114	0
7179	114	0
7180	115	0
7181	115	0
7182	114	0
7183	115	0
7184	114	0
7185	114	0
7186	115	0
7187	114	0
7188	114	0
7189	114	0
7190	114	0
7191	115	0
7192	114	0
7193	114	0
7194	114	0
7195	114	0
7196	114	0
7197	114	0
7198	114	0
7199	114	0
7200	114	0
7201	115	0
7202	114	0
7203	113	0
7204	114	0
7205	114	0
7206	114	0
7207	115	0
7208	115	0
7209	115	0
7210	114	0
7211	114	0
7212	115	0
7213	115	0
7214	114	0
7215	114	0
7216	114	0
7217	114	0
7218	114	0
7219	114	0
7220	114	0
7221	114	0
7222	114	0
7223	114	0
7224	115	0
7225	114	0
7226	114	0
7227	114	0
7228	114	0
7229	115	0
7230	114	0
7231	114	0
7232	114	0
7233	113	0
7234	114	0
7235	114	0
7236	115	0
7237	113	0
7238	114	0
7239	114	0
7240	115	0
7241	114	0
7242	115	0
7243	114	0
7244	114	0
7245	114	0
7246	115	0
7247	115	0
7248	114	0
7249	114	0
7250	115	0
7251	115	0
7252	114	0
7253	113	0
7254	114	0
7255	114	0
7256	114	0
7257	115	0
7258	114	0
7259	115	0
7260	114	0
7261	115	0
7262	114	0
7263	114	0
7264	114	0
7265	115	0
7266	114	0
7267	114	0
7268	114	0
7269	114	0
7270	114	0
7271	115	0
7272	114	0
7273	113	0
7274	114	0
7275	114	0
7276	114	0
7277	115	0
7278	115	0
7279	115	0
7280	115	0
7281	115	0
7282	115	0
7283	114	0
7284	114	0
7285	115	0
7286	114	0
7287	115	0
7288	115	0
7289	114	0
7290	115	0
7291	115	0
7292	115	0
7293	115	0
7294	114	0
7295	115	0
7296	114	0
7297	113	0
7298	114	0
7299	114	0
7300	115	0
7301	114	0
7302	113	0
7303	114	0
7304	113	0
7305	113	0
7306	115	0
7307	114	0
7308	114	0
7309	115	0
7310	114	0
7311	114	0
7312	114	0
7313	114	0
7314	114	0
7315	114	0
7316	113	0
7317	114	0
7318	114	0
7319	115	0
7320	115	0
7321	114	0
7322	114	0
7323	114	0
7324	115	0
7325	114	0
7326	114	0
7327	114	0
7328	114	0
7329	114	0
7330	115	0
7331	114	0
7332	114	0
7333	113	0
7334	114	0
7335	114	0
7336	114	0
7337	114	0
7338	115	0
7339	115	0
7340	115	0
7341	114	0
7342	114	0
7343	115	0
7344	114	0
7345	114	0
7346	115	0
7347	114	0
7348	114	0
7349	114	0
7350	114	0
7351	114	0
7352	115	0
7353	114	0
7354	115	0
7355	114	0
7356	114	0
7357	114	0
7358	114	0
7359	114	0
7360	114	0
7361	113	0
7362	114	0
7363	114	0
7364	114	0
7365	114	0
7366	115	0
7367	115	0
7368	114	0
7369	114	0
7370	114	0
7371	114	0
7372	114	0
7373	114	0
7374	114	0
7375	115	0
7376	113	0
7377	113	0
7378	114	0
7379	114	0
7380	115	0
7381	113	0
7382	114	0
7383	114	0
7384	114	0
7385	114	0
7386	115	0
7387	114	0
7388	114	0
7389	115	0
7390	114	0
7391	114	0
7392	115	0
7393	114	0
7394	115	0
7395	113	0
7396	113	0
7397	114	0
7398	115	0
7399	115	0
7400	115	0
7401	114	0
7402	114	0
7403	115	0
7404	115	0
7405	114	0
7406	114	0
7407	114	0
7408	114	0
7409	114	0
7410	114	0
7411	114	0
7412	114	0
7413	114	0
7414	113	0
7415	114	0
7416	114	0
7417	114	0
7418	114	0
7419	115	0
7420	114	0
7421	114	0
7422	115	0
7423	113	0
7424	114	0
7425	115	0
7426	115	0
7427	114	0
7428	115	0
7429	115	0
7430	114	0
7431	113	0
7432	114	0
7433	114	0
7434	115	0
7435	114	0
7436	114	0
7437	114	0
7438	114	0
7439	114	0
7440	115	0
7441	114	0
7442	114	0
7443	114	0
7444	115	0
7445	115	0
7446	115	0
7447	115	0
7448	114	0
7449	115	0
7450	114	0
7451	114	0
7452	113	0
7453	114	0
7454	114	0
7455	115	0
7456	115	0
7457	113	0
7458	115	0
7459	114	0
7460	114	0
7461	114	0
7462	114	0
7463	115	0
7464	114	0
7465	114	0
7466	114	0
7467	114	0
7468	115	0
7469	114	0
7470	114	0
7471	114	0
7472	114	0
7473	114	0
7474	114	0
7475	113	0
7476	114	0
7477	114	0
7478	115	0
7479	114	0
7480	114	0
7481	114	0
7482	114	0
7483	115	0
7484	114	0
7485	114	0
7486	114	0
7487	114	0
7488	115	0
7489	115	0
7490	114	0
7491	114	0
7492	114	0
7493	114	0
7494	114	0
7495	114	0
7496	115	0
7497	114	0
7498	114	0
7499	114	0
7500	115	0
7501	115	0
7502	115	0
7503	114	0
7504	114	0
7505	115	0
7506	115	0
7507	114	0
7508	114	0
7509	113	0
7510	114	0
7511	114	0
7512	114	0
7513	114	0
7514	114	0
7515	115	0
7516	114	0
7517	114	0
7518	113	0
7519	114	0
7520	114	0
7521	114	0
7522	114	0
7523	115	0
7524	114	0
7525	114	0
7526	114	0
7527	113	0
7528	114	0
7529	114	0
7530	114	0
7531	114	0
7532	115	0
7533	115	0
7534	115	0
7535	114	0
7536	115	0
7537	115	0
7538	114	0
7539	114	0
7540	114	0
7541	114	0
7542	114	0
7543	114	0
7544	114	0
7545	114	0
7546	114	0
7547	115	0
7548	115	0
7549	114	0
7550	114	0
7551	113	0
7552	114	0
7553	115	0
7554	115	0
7555	114	0
7556	115	0
7557	114	0
7558	114	0
7559	114	0
7560	114	0
7561	114	0
7562	114	0
7563	114	0
7564	115	0
7565	114	0
7566	113	0
7567	115	0
7568	114	0
7569	115	0
7570	115	0
7571	115	0
7572	114	0
7573	115	0
7574	115	0
7575	114	0
7576	114	0
7577	114	0
7578	114	0
7579	113	0
7580	113	0
7581	114	0
7582	114	0
7583	114	0
7584	115	0
7585	114	0
7586	115	0
7587	114	0
7588	114	0
7589	113	0
7590	114	0
7591	114	0
7592	115	0
7593	114	0
7594	114	0
7595	114	0
7596	114	0
7597	114	0
7598	114	0
7599	114	0
7600	114	0
7601	114	0
7602	114	0
7603	114	0
7604	113	0
7605	114	0
7606	115	0
7607	114	0
7608	114	0
7609	115	0
7610	114	0
7611	114	0
7612	114	0
7613	114	0
7614	115	0
7615	115	0
7616	115	0
7617	114	0
7618	114	0
7619	115	0
7620	114	0
7621	114	0
7622	115	0
7623	125	0
7624	149	0
7625	171	0
7626	189	0
7627	198	0
7628	200	0
7629	192	0
7630	174	0
7631	150	0
7632	128	0
7633	116	0
7634	113	0
7635	112	0
7636	113	0
7637	113	0
7638	115	0
7639	115	0
7640	115	0
7641	117	0
7642	117	0
7643	125	0
7644	149	0
7645	173	0
7646	189	0
7647	198	0
7648	200	0
7649	182	0
7650	152	0
7651	129	0
7652	118	0
7653	113	0
7654	113	0
7655	113	0
7656	114	0
7657	115	0
7658	115	0
7659	115	0
7660	115	0
7661	117	0
7662	117	0
7663	116	0
7664	115	0
7665	114	0
7666	115	0
7667	114	0
7668	114	0
7669	114	0
7670	114	0
7671	115	0
7672	114	0
7673	114	0
7674	113	0
7675	114	0
7676	113	0
7677	114	0
7678	113	0
7679	114	0
7680	114	0
7681	114	0
7682	114	0
7683	114	0
7684	114	0
7685	115	0
7686	114	0
7687	114	0
7688	114	0
7689	114	0
7690	114	0
7691	114	0
7692	114	0
7693	114	0
7694	114	0
7695	113	0
7696	114	0
7697	115	0
7698	113	0
7699	115	0
7700	115	0
7701	114	0
7702	114	0
7703	114	0
7704	114	0
7705	114	0
7706	114	0
7707	114	0
7708	115	0
7709	114	0
7710	114	0
7711	114	0
7712	114	0
7713	114	0
7714	114	0
7715	114	0
7716	114	0
7717	114	0
7718	114	0
7719	115	0
7720	114	0
7721	114	0
7722	113	0
7723	114	0
7724	115	0
7725	114	0
7726	114	0
7727	114	0
7728	114	0
7729	114	0
7730	114	0
7731	114	0
7732	114	0
7733	114	0
7734	114	0
7735	113	0
7736	114	0
7737	113	0
7738	114	0
7739	114	0
7740	115	0
7741	115	0
7742	115	0
7743	115	0
7744	114	0
7745	114	0
7746	114	0
7747	115	0
7748	113	0
7749	115	0
7750	114	0
7751	115	0
7752	115	0
7753	115	0
7754	115	0
7755	114	0
7756	114	0
7757	114	0
7758	114	0
7759	114	0
7760	115	0
7761	114	0
7762	114	0
7763	115	0
7764	114	0
7765	115	0
7766	114	0
7767	115	0
7768	114	0
7769	115	0
7770	114	0
7771	114	0
7772	115	0
7773	115	0
7774	114	0
7775	115	0
7776	114	0
7777	114	0
7778	114	0
7779	114	0
7780	114	0
7781	114	0
7782	114	0
7783	114	0
7784	114	0
7785	114	0
7786	114	0
7787	115	0
7788	114	0
7789	114	0
7790	115	0
7791	114	0
7792	115	0
7793	115	0
7794	114	0
7795	113	0
7796	115	0
7797	115	0
7798	115	0
7799	114	0
7800	115	0
7801	114	0
7802	114	0
7803	113	0
7804	114	0
7805	114	0
7806	114	0
7807	114	0
7808	114	0
7809	113	0
7810	114	0
7811	114	0
7812	114	0
7813	114	0
7814	114	0
7815	115	0
7816	114	0
7817	114	0
7818	114	0
7819	114	0
7820	114	0
7821	114	0
7822	115	0
7823	115	0
7824	114	0
7825	114	0
7826	114	0
7827	115	0
7828	114	0
7829	115	0
7830	114	0
7831	114	0
7832	114	0
7833	114	0
7834	114	0
7835	115	0
7836	114	0
7837	113	0
7838	114	0
7839	114	0
7840	113	0
7841	114	0
7842	114	0
7843	114	0
7844	114	0
7845	114	0
7846	114	0
7847	114	0
7848	114	0
7849	114	0
7850	114	0
7851	115	0
7852	114	0
7853	114	0
7854	114	0
7855	114	0
7856	114	0
7857	113	0
7858	115	0
7859	114	0
7860	114	0
7861	114	0
7862	115	0
7863	114	0
7864	114	0
7865	114	0
7866	114	0
7867	115	0
7868	114	0
7869	114	0
7870	114	0
7871	114	0
7872	114	0
7873	114	0
7874	113	0
7875	114	0
7876	113	0
7877	113	0
7878	113	0
7879	114	0
7880	114	0
7881	113	0
7882	114	0
7883	114	0
7884	115	0
7885	114	0
7886	115	0
7887	114	0
7888	114	0
7889	115	0
7890	114	0
7891	115	0
7892	115	0
7893	114	0
7894	114	0
7895	114	0
7896	114	0
7897	114	0
7898	114	0
7899	115	0
7900	114	0
7901	113	0
7902	114	0
7903	114	0
7904	114	0
7905	115	0
7906	115	0
7907	114	0
7908	114	0
7909	115	0
7910	115	0
7911	113	0
7912	115	0
7913	114	0
7914	115	0
7915	114	0
7916	114	0
7917	114	0
7918	114	0
7919	113	0
7920	115	0
7921	114	0
7922	114	0
7923	114	0
7924	115	0
7925	114	0
7926	114	0
7927	114	0
7928	113	0
7929	115	0
7930	115	0
7931	114	0
7932	114	0
7933	115	0
7934	115	0
7935	114	0
7936	114	0
7937	115	0
7938	113	0
7939	114	0
7940	114	0
7941	113	0
7942	114	0
7943	115	0
7944	115	0
7945	114	0
7946	115	0
7947	115	0
7948	114	0
7949	114	0
7950	114	0
7951	114	0
7952	115	0
7953	115	0
7954	114	0
7955	114	0
7956	114	0
7957	115	0
7958	114	0
7959	115	0
7960	113	0
7961	114	0
7962	115	0
7963	115	0
7964	114	0
7965	114	0
7966	114	0
7967	114	0
7968	114	0
7969	115	0
7970	114	0
7971	113	0
7972	114	0
7973	115	0
7974	115	0
7975	115	0
7976	115	0
7977	114	0
7978	115	0
7979	113	0
7980	113	0
7981	114	0
7982	114	0
7983	115	0
7984	115	0
7985	114	0
7986	114	0
7987	114	0
7988	115	0
7989	114	0
7990	114	0
7991	114	0
7992	114	0
7993	115	0
7994	115	0
7995	115	0
7996	115	0
7997	114	0
7998	115	0
7999	114	0
