Oscilloscope data. 
Time step = 10,00 nS
Voltage step = 1,563 mV
Zero level = 94

N 	Smpl.	Trig

0	119	0
1	141	0
2	164	0
3	182	0
4	194	0
5	198	0
6	193	0
7	176	0
8	152	0
9	130	0
10	117	0
11	113	0
12	114	0
13	114	0
14	114	0
15	115	0
16	116	0
17	117	0
18	117	0
19	117	0
20	118	0
21	118	0
22	115	0
23	115	0
24	115	0
25	114	0
26	115	0
27	115	0
28	115	0
29	114	0
30	115	0
31	115	0
32	115	0
33	115	0
34	115	0
35	115	0
36	115	0
37	115	0
38	114	0
39	115	0
40	114	0
41	115	0
42	114	0
43	115	0
44	115	0
45	115	0
46	115	0
47	115	0
48	115	0
49	115	0
50	115	0
51	114	0
52	115	0
53	116	0
54	115	0
55	115	0
56	115	0
57	114	0
58	115	0
59	115	0
60	114	0
61	115	0
62	115	0
63	115	0
64	114	0
65	115	0
66	115	0
67	115	0
68	115	0
69	115	0
70	115	0
71	115	0
72	115	0
73	114	0
74	115	0
75	114	0
76	115	0
77	115	0
78	115	0
79	115	0
80	114	0
81	115	0
82	115	0
83	115	0
84	115	0
85	115	0
86	115	0
87	115	0
88	115	0
89	114	0
90	115	0
91	115	0
92	115	0
93	115	0
94	115	0
95	115	0
96	115	0
97	115	0
98	115	0
99	115	0
100	115	0
101	115	0
102	115	0
103	114	0
104	114	0
105	115	0
106	115	0
107	114	0
108	115	0
109	114	0
110	115	0
111	115	0
112	115	0
113	115	0
114	115	0
115	115	0
116	115	0
117	115	0
118	116	0
119	115	0
120	114	0
121	115	0
122	115	0
123	115	0
124	115	0
125	115	0
126	115	0
127	115	0
128	115	0
129	115	0
130	115	0
131	115	0
132	115	0
133	115	0
134	115	0
135	114	0
136	114	0
137	115	0
138	115	0
139	115	0
140	115	0
141	115	0
142	115	0
143	115	0
144	114	0
145	115	0
146	115	0
147	114	0
148	115	0
149	115	0
150	115	0
151	115	0
152	115	0
153	114	0
154	115	0
155	114	0
156	115	0
157	115	0
158	115	0
159	115	0
160	115	0
161	115	0
162	115	0
163	115	0
164	115	0
165	115	0
166	114	0
167	115	0
168	115	0
169	114	0
170	115	0
171	115	0
172	115	0
173	115	0
174	114	0
175	115	0
176	115	0
177	114	0
178	115	0
179	115	0
180	115	0
181	115	0
182	115	0
183	114	0
184	114	0
185	115	0
186	114	0
187	115	0
188	115	0
189	115	0
190	114	0
191	115	0
192	115	0
193	115	0
194	114	0
195	115	0
196	114	0
197	114	0
198	115	0
199	114	0
200	115	0
201	115	0
202	115	0
203	115	0
204	115	0
205	115	0
206	115	0
207	115	0
208	115	0
209	115	0
210	115	0
211	115	0
212	114	0
213	115	0
214	115	0
215	114	0
216	115	0
217	115	0
218	115	0
219	115	0
220	115	0
221	115	0
222	115	0
223	114	0
224	115	0
225	115	0
226	115	0
227	114	0
228	114	0
229	114	0
230	115	0
231	115	0
232	115	0
233	115	0
234	114	0
235	115	0
236	115	0
237	116	0
238	115	0
239	115	0
240	115	0
241	114	0
242	115	0
243	115	0
244	115	0
245	115	0
246	115	0
247	115	0
248	115	0
249	114	0
250	115	0
251	115	0
252	115	0
253	115	0
254	115	0
255	115	0
256	115	0
257	114	0
258	115	0
259	115	0
260	115	0
261	115	0
262	114	0
263	115	0
264	115	0
265	115	0
266	115	0
267	115	0
268	115	0
269	115	0
270	115	0
271	115	0
272	114	0
273	114	0
274	114	0
275	115	0
276	115	0
277	115	0
278	115	0
279	115	0
280	115	0
281	115	0
282	115	0
283	116	0
284	115	0
285	114	0
286	115	0
287	115	0
288	115	0
289	115	0
290	115	0
291	115	0
292	115	0
293	115	0
294	114	0
295	114	0
296	115	0
297	115	0
298	115	0
299	115	0
300	115	0
301	115	0
302	115	0
303	115	0
304	114	0
305	115	0
306	114	0
307	115	0
308	115	0
309	115	0
310	115	0
311	114	0
312	115	0
313	115	0
314	115	0
315	115	0
316	115	0
317	114	0
318	115	0
319	114	0
320	115	0
321	115	0
322	115	0
323	114	0
324	115	0
325	115	0
326	115	0
327	115	0
328	115	0
329	115	0
330	115	0
331	114	0
332	115	0
333	115	0
334	115	0
335	115	0
336	115	0
337	115	0
338	115	0
339	115	0
340	115	0
341	115	0
342	115	0
343	114	0
344	115	0
345	115	0
346	115	0
347	115	0
348	115	0
349	115	0
350	115	0
351	115	0
352	115	0
353	115	0
354	115	0
355	114	0
356	114	0
357	115	0
358	115	0
359	114	0
360	115	0
361	115	0
362	115	0
363	114	0
364	115	0
365	115	0
366	115	0
367	115	0
368	115	0
369	115	0
370	115	0
371	115	0
372	115	0
373	115	0
374	115	0
375	115	0
376	115	0
377	115	0
378	114	0
379	114	0
380	114	0
381	115	0
382	114	0
383	115	0
384	115	0
385	114	0
386	115	0
387	115	0
388	116	0
389	115	0
390	115	0
391	115	0
392	115	0
393	115	0
394	115	0
395	114	0
396	115	0
397	114	0
398	115	0
399	114	0
400	115	0
401	114	0
402	115	0
403	115	0
404	115	0
405	114	0
406	115	0
407	115	0
408	115	0
409	115	0
410	115	0
411	115	0
412	116	0
413	115	0
414	115	0
415	115	0
416	115	0
417	115	0
418	115	0
419	115	0
420	114	0
421	115	0
422	115	0
423	115	0
424	115	0
425	115	0
426	115	0
427	115	0
428	115	0
429	115	0
430	115	0
431	115	0
432	115	0
433	115	0
434	115	0
435	115	0
436	114	0
437	115	0
438	115	0
439	115	0
440	114	0
441	115	0
442	115	0
443	115	0
444	115	0
445	115	0
446	115	0
447	115	0
448	115	0
449	114	0
450	115	0
451	115	0
452	115	0
453	115	0
454	115	0
455	115	0
456	115	0
457	115	0
458	115	0
459	114	0
460	115	0
461	115	0
462	114	0
463	114	0
464	114	0
465	115	0
466	115	0
467	115	0
468	115	0
469	115	0
470	115	0
471	115	0
472	115	0
473	114	0
474	115	0
475	115	0
476	115	0
477	115	0
478	115	0
479	115	0
480	115	0
481	115	0
482	114	0
483	115	0
484	115	0
485	115	0
486	115	0
487	115	0
488	115	0
489	115	0
490	115	0
491	114	0
492	114	0
493	115	0
494	115	0
495	115	0
496	115	0
497	115	0
498	114	0
499	115	0
500	115	0
501	115	0
502	115	0
503	115	0
504	115	0
505	115	0
506	115	0
507	115	0
508	115	0
509	115	0
510	114	0
511	114	0
512	115	0
513	115	0
514	114	0
515	115	0
516	114	0
517	115	0
518	115	0
519	115	0
520	115	0
521	115	0
522	116	0
523	115	0
524	115	0
525	114	0
526	114	0
527	114	0
528	114	0
529	114	0
530	115	0
531	114	0
532	114	0
533	115	0
534	115	0
535	115	0
536	115	0
537	115	0
538	115	0
539	115	0
540	115	0
541	114	0
542	114	0
543	114	0
544	115	0
545	115	0
546	115	0
547	115	0
548	115	0
549	115	0
550	115	0
551	115	0
552	115	0
553	115	0
554	115	0
555	115	0
556	115	0
557	115	0
558	115	0
559	115	0
560	115	0
561	115	0
562	115	0
563	115	0
564	115	0
565	115	0
566	115	0
567	115	0
568	115	0
569	115	0
570	115	0
571	115	0
572	115	0
573	114	0
574	115	0
575	115	0
576	115	0
577	115	0
578	115	0
579	116	0
580	115	0
581	115	0
582	115	0
583	114	0
584	115	0
585	115	0
586	115	0
587	115	0
588	114	0
589	115	0
590	115	0
591	114	0
592	114	0
593	115	0
594	115	0
595	115	0
596	115	0
597	115	0
598	115	0
599	115	0
600	115	0
601	114	0
602	115	0
603	115	0
604	114	0
605	115	0
606	115	0
607	115	0
608	115	0
609	115	0
610	115	0
611	115	0
612	115	0
613	115	0
614	115	0
615	115	0
616	114	0
617	114	0
618	115	0
619	114	0
620	114	0
621	115	0
622	115	0
623	115	0
624	115	0
625	114	0
626	115	0
627	115	0
628	115	0
629	115	0
630	115	0
631	115	0
632	115	0
633	115	0
634	115	0
635	115	0
636	115	0
637	115	0
638	115	0
639	116	0
640	115	0
641	115	0
642	114	0
643	115	0
644	115	0
645	115	0
646	115	0
647	115	0
648	115	0
649	114	0
650	115	0
651	115	0
652	115	0
653	115	0
654	115	0
655	115	0
656	115	0
657	115	0
658	115	0
659	115	0
660	115	0
661	115	0
662	115	0
663	115	0
664	115	0
665	115	0
666	115	0
667	115	0
668	115	0
669	115	0
670	115	0
671	115	0
672	114	0
673	115	0
674	114	0
675	115	0
676	115	0
677	115	0
678	114	0
679	115	0
680	115	0
681	114	0
682	115	0
683	115	0
684	115	0
685	115	0
686	115	0
687	114	0
688	115	0
689	115	0
690	115	0
691	115	0
692	115	0
693	115	0
694	115	0
695	114	0
696	115	0
697	115	0
698	115	0
699	115	0
700	115	0
701	115	0
702	115	0
703	114	0
704	115	0
705	115	0
706	115	0
707	115	0
708	115	0
709	115	0
710	116	0
711	115	0
712	115	0
713	115	0
714	114	0
715	115	0
716	115	0
717	115	0
718	115	0
719	115	0
720	115	0
721	115	0
722	115	0
723	115	0
724	115	0
725	115	0
726	115	0
727	115	0
728	115	0
729	115	0
730	115	0
731	115	0
732	114	0
733	115	0
734	115	0
735	115	0
736	115	0
737	115	0
738	115	0
739	114	0
740	115	0
741	114	0
742	115	0
743	115	0
744	115	0
745	115	0
746	115	0
747	115	0
748	115	0
749	114	0
750	114	0
751	114	0
752	115	0
753	115	0
754	115	0
755	114	0
756	115	0
757	115	0
758	115	0
759	115	0
760	115	0
761	115	0
762	115	0
763	116	0
764	115	0
765	115	0
766	115	0
767	115	0
768	115	0
769	115	0
770	114	0
771	115	0
772	115	0
773	115	0
774	115	0
775	116	0
776	115	0
777	115	0
778	115	0
779	115	0
780	115	0
781	115	0
782	115	0
783	114	0
784	115	0
785	115	0
786	115	0
787	115	0
788	115	0
789	115	0
790	115	0
791	115	0
792	115	0
793	115	0
794	114	0
795	115	0
796	114	0
797	115	0
798	115	0
799	115	0
800	115	0
801	114	0
802	115	0
803	115	0
804	115	0
805	115	0
806	115	0
807	115	0
808	115	0
809	115	0
810	114	0
811	115	0
812	115	0
813	115	0
814	115	0
815	115	0
816	115	0
817	115	0
818	115	0
819	115	0
820	115	0
821	115	0
822	116	0
823	115	0
824	116	0
825	115	0
826	115	0
827	115	0
828	115	0
829	115	0
830	115	0
831	115	0
832	115	0
833	115	0
834	114	0
835	115	0
836	115	0
837	115	0
838	115	0
839	115	0
840	115	0
841	114	0
842	115	0
843	115	0
844	115	0
845	115	0
846	115	0
847	115	0
848	115	0
849	115	0
850	115	0
851	115	0
852	115	0
853	115	0
854	115	0
855	115	0
856	115	0
857	115	0
858	115	0
859	115	0
860	115	0
861	116	0
862	114	0
863	115	0
864	114	0
865	114	0
866	115	0
867	115	0
868	115	0
869	115	0
870	115	0
871	115	0
872	115	0
873	115	0
874	114	0
875	114	0
876	115	0
877	114	0
878	115	0
879	115	0
880	115	0
881	115	0
882	115	0
883	115	0
884	115	0
885	114	0
886	115	0
887	115	0
888	115	0
889	116	0
890	115	0
891	115	0
892	114	0
893	115	0
894	115	0
895	115	0
896	115	0
897	115	0
898	115	0
899	114	0
900	115	0
901	115	0
902	115	0
903	114	0
904	115	0
905	115	0
906	115	0
907	115	0
908	116	0
909	116	0
910	115	0
911	115	0
912	115	0
913	115	0
914	115	0
915	116	0
916	115	0
917	115	0
918	115	0
919	115	0
920	115	0
921	115	0
922	115	0
923	115	0
924	115	0
925	115	0
926	115	0
927	115	0
928	115	0
929	114	0
930	115	0
931	115	0
932	115	0
933	115	0
934	115	0
935	115	0
936	115	0
937	115	0
938	115	0
939	115	0
940	115	0
941	115	0
942	115	0
943	115	0
944	115	0
945	115	0
946	115	0
947	115	0
948	115	0
949	115	0
950	115	0
951	116	0
952	115	0
953	115	0
954	115	0
955	122	0
956	145	0
957	169	0
958	185	0
959	195	0
960	198	0
961	191	0
962	174	0
963	149	0
964	127	0
965	116	0
966	113	0
967	112	0
968	114	0
969	114	0
970	115	0
971	115	0
972	116	0
973	117	0
974	118	0
975	118	0
976	117	0
977	116	0
978	115	0
979	115	0
980	115	0
981	115	0
982	115	0
983	115	0
984	115	0
985	115	0
986	115	0
987	115	0
988	115	0
989	114	0
990	114	0
991	115	0
992	115	0
993	115	0
994	115	0
995	114	0
996	115	0
997	115	0
998	115	0
999	115	0
1000	115	0
1001	115	0
1002	115	0
1003	115	0
1004	115	0
1005	115	0
1006	115	0
1007	115	0
1008	115	0
1009	115	0
1010	115	0
1011	115	0
1012	115	0
1013	115	0
1014	115	0
1015	115	0
1016	115	0
1017	115	0
1018	115	0
1019	115	0
1020	115	0
1021	115	0
1022	115	0
1023	115	0
1024	115	0
1025	116	0
1026	115	0
1027	115	0
1028	115	0
1029	115	0
1030	115	0
1031	115	0
1032	115	0
1033	115	0
1034	115	0
1035	115	0
1036	115	0
1037	115	0
1038	115	0
1039	115	0
1040	114	0
1041	114	0
1042	114	0
1043	115	0
1044	115	0
1045	115	0
1046	115	0
1047	114	0
1048	115	0
1049	115	0
1050	115	0
1051	115	0
1052	115	0
1053	115	0
1054	115	0
1055	115	0
1056	115	0
1057	115	0
1058	115	0
1059	115	0
1060	115	0
1061	115	0
1062	115	0
1063	115	0
1064	115	0
1065	114	0
1066	115	0
1067	115	0
1068	115	0
1069	115	0
1070	115	0
1071	115	0
1072	114	0
1073	114	0
1074	115	0
1075	115	0
1076	115	0
1077	115	0
1078	114	0
1079	115	0
1080	115	0
1081	115	0
1082	115	0
1083	115	0
1084	115	0
1085	115	0
1086	115	0
1087	115	0
1088	115	0
1089	114	0
1090	115	0
1091	114	0
1092	114	0
1093	115	0
1094	115	0
1095	115	0
1096	115	0
1097	115	0
1098	115	0
1099	115	0
1100	115	0
1101	115	0
1102	115	0
1103	115	0
1104	115	0
1105	115	0
1106	115	0
1107	115	0
1108	115	0
1109	115	0
1110	115	0
1111	115	0
1112	115	0
1113	115	0
1114	114	0
1115	115	0
1116	115	0
1117	115	0
1118	115	0
1119	115	0
1120	115	0
1121	115	0
1122	116	0
1123	115	0
1124	114	0
1125	114	0
1126	115	0
1127	115	0
1128	115	0
1129	115	0
1130	115	0
1131	115	0
1132	115	0
1133	115	0
1134	115	0
1135	114	0
1136	115	0
1137	115	0
1138	115	0
1139	115	0
1140	115	0
1141	114	0
1142	114	0
1143	114	0
1144	115	0
1145	115	0
1146	115	0
1147	114	0
1148	114	0
1149	115	0
1150	115	0
1151	115	0
1152	115	0
1153	115	0
1154	115	0
1155	115	0
1156	114	0
1157	115	0
1158	115	0
1159	115	0
1160	115	0
1161	115	0
1162	115	0
1163	115	0
1164	115	0
1165	115	0
1166	115	0
1167	115	0
1168	115	0
1169	115	0
1170	115	0
1171	115	0
1172	115	0
1173	114	0
1174	115	0
1175	115	0
1176	115	0
1177	115	0
1178	115	0
1179	114	0
1180	114	0
1181	115	0
1182	114	0
1183	115	0
1184	115	0
1185	114	0
1186	115	0
1187	115	0
1188	115	0
1189	115	0
1190	115	0
1191	115	0
1192	115	0
1193	114	0
1194	115	0
1195	115	0
1196	114	0
1197	115	0
1198	114	0
1199	114	0
1200	115	0
1201	114	0
1202	115	0
1203	115	0
1204	114	0
1205	115	0
1206	115	0
1207	114	0
1208	115	0
1209	115	0
1210	115	0
1211	115	0
1212	115	0
1213	115	0
1214	115	0
1215	115	0
1216	115	0
1217	115	0
1218	115	0
1219	114	0
1220	115	0
1221	115	0
1222	115	0
1223	115	0
1224	115	0
1225	115	0
1226	115	0
1227	115	0
1228	115	0
1229	115	0
1230	115	0
1231	114	0
1232	115	0
1233	115	0
1234	115	0
1235	115	0
1236	115	0
1237	115	0
1238	115	0
1239	115	0
1240	115	0
1241	115	0
1242	115	0
1243	116	0
1244	115	0
1245	115	0
1246	115	0
1247	115	0
1248	115	0
1249	116	0
1250	115	0
1251	115	0
1252	115	0
1253	115	0
1254	116	0
1255	115	0
1256	115	0
1257	114	0
1258	114	0
1259	115	0
1260	115	0
1261	115	0
1262	115	0
1263	115	0
1264	115	0
1265	115	0
1266	114	0
1267	115	0
1268	115	0
1269	116	0
1270	115	0
1271	115	0
1272	115	0
1273	114	0
1274	116	0
1275	115	0
1276	115	0
1277	115	0
1278	115	0
1279	115	0
1280	115	0
1281	114	0
1282	115	0
1283	115	0
1284	114	0
1285	115	0
1286	115	0
1287	115	0
1288	115	0
1289	115	0
1290	115	0
1291	115	0
1292	114	0
1293	115	0
1294	115	0
1295	114	0
1296	114	0
1297	114	0
1298	114	0
1299	115	0
1300	115	0
1301	115	0
1302	114	0
1303	114	0
1304	115	0
1305	115	0
1306	115	0
1307	115	0
1308	115	0
1309	115	0
1310	116	0
1311	114	0
1312	114	0
1313	115	0
1314	115	0
1315	115	0
1316	115	0
1317	115	0
1318	115	0
1319	114	0
1320	115	0
1321	115	0
1322	115	0
1323	115	0
1324	115	0
1325	115	0
1326	115	0
1327	115	0
1328	115	0
1329	114	0
1330	115	0
1331	114	0
1332	115	0
1333	115	0
1334	115	0
1335	115	0
1336	115	0
1337	115	0
1338	114	0
1339	115	0
1340	115	0
1341	115	0
1342	114	0
1343	115	0
1344	115	0
1345	115	0
1346	115	0
1347	115	0
1348	115	0
1349	115	0
1350	115	0
1351	115	0
1352	115	0
1353	115	0
1354	115	0
1355	115	0
1356	114	0
1357	115	0
1358	115	0
1359	115	0
1360	115	0
1361	115	0
1362	115	0
1363	114	0
1364	115	0
1365	115	0
1366	115	0
1367	115	0
1368	115	0
1369	115	0
1370	115	0
1371	115	0
1372	115	0
1373	115	0
1374	115	0
1375	115	0
1376	115	0
1377	115	0
1378	114	0
1379	115	0
1380	115	0
1381	115	0
1382	114	0
1383	115	0
1384	115	0
1385	115	0
1386	115	0
1387	115	0
1388	114	0
1389	115	0
1390	115	0
1391	115	0
1392	115	0
1393	115	0
1394	115	0
1395	115	0
1396	115	0
1397	115	0
1398	115	0
1399	114	0
1400	114	0
1401	115	0
1402	115	0
1403	115	0
1404	115	0
1405	115	0
1406	115	0
1407	114	0
1408	115	0
1409	115	0
1410	115	0
1411	114	0
1412	115	0
1413	115	0
1414	114	0
1415	115	0
1416	114	0
1417	115	0
1418	115	0
1419	115	0
1420	115	0
1421	115	0
1422	115	0
1423	115	0
1424	115	0
1425	115	0
1426	115	0
1427	115	0
1428	115	0
1429	115	0
1430	115	0
1431	115	0
1432	115	0
1433	114	0
1434	115	0
1435	115	0
1436	115	0
1437	116	0
1438	115	0
1439	115	0
1440	114	0
1441	115	0
1442	115	0
1443	115	0
1444	115	0
1445	115	0
1446	114	0
1447	115	0
1448	115	0
1449	115	0
1450	115	0
1451	115	0
1452	115	0
1453	115	0
1454	115	0
1455	115	0
1456	115	0
1457	115	0
1458	114	0
1459	114	0
1460	115	0
1461	115	0
1462	115	0
1463	115	0
1464	114	0
1465	115	0
1466	114	0
1467	115	0
1468	115	0
1469	115	0
1470	115	0
1471	115	0
1472	115	0
1473	115	0
1474	114	0
1475	115	0
1476	115	0
1477	115	0
1478	114	0
1479	115	0
1480	115	0
1481	115	0
1482	115	0
1483	115	0
1484	115	0
1485	115	0
1486	115	0
1487	115	0
1488	115	0
1489	115	0
1490	115	0
1491	115	0
1492	115	0
1493	115	0
1494	115	0
1495	115	0
1496	115	0
1497	115	0
1498	115	0
1499	115	0
1500	115	0
1501	115	0
1502	115	0
1503	115	0
1504	115	0
1505	115	0
1506	115	0
1507	115	0
1508	115	0
1509	115	0
1510	115	0
1511	115	0
1512	115	0
1513	115	0
1514	115	0
1515	115	0
1516	115	0
1517	115	0
1518	115	0
1519	114	0
1520	115	0
1521	115	0
1522	115	0
1523	115	0
1524	115	0
1525	115	0
1526	115	0
1527	115	0
1528	115	0
1529	115	0
1530	115	0
1531	115	0
1532	115	0
1533	115	0
1534	115	0
1535	115	0
1536	115	0
1537	115	0
1538	115	0
1539	115	0
1540	115	0
1541	115	0
1542	115	0
1543	115	0
1544	115	0
1545	115	0
1546	115	0
1547	114	0
1548	115	0
1549	115	0
1550	114	0
1551	115	0
1552	115	0
1553	115	0
1554	115	0
1555	115	0
1556	115	0
1557	115	0
1558	114	0
1559	115	0
1560	115	0
1561	115	0
1562	115	0
1563	116	0
1564	115	0
1565	115	0
1566	114	0
1567	115	0
1568	115	0
1569	116	0
1570	114	0
1571	115	0
1572	114	0
1573	114	0
1574	115	0
1575	114	0
1576	115	0
1577	114	0
1578	115	0
1579	114	0
1580	115	0
1581	115	0
1582	115	0
1583	114	0
1584	114	0
1585	115	0
1586	114	0
1587	115	0
1588	114	0
1589	115	0
1590	114	0
1591	115	0
1592	114	0
1593	115	0
1594	114	0
1595	114	0
1596	115	0
1597	115	0
1598	115	0
1599	115	0
1600	115	0
1601	115	0
1602	115	0
1603	115	0
1604	115	0
1605	115	0
1606	115	0
1607	115	0
1608	114	0
1609	115	0
1610	115	0
1611	114	0
1612	114	0
1613	115	0
1614	115	0
1615	115	0
1616	115	0
1617	115	0
1618	115	0
1619	115	0
1620	115	0
1621	115	0
1622	115	0
1623	115	0
1624	114	0
1625	115	0
1626	115	0
1627	115	0
1628	115	0
1629	115	0
1630	115	0
1631	115	0
1632	115	0
1633	115	0
1634	115	0
1635	115	0
1636	115	0
1637	114	0
1638	115	0
1639	115	0
1640	115	0
1641	116	0
1642	115	0
1643	114	0
1644	115	0
1645	115	0
1646	116	0
1647	115	0
1648	115	0
1649	114	0
1650	114	0
1651	116	0
1652	115	0
1653	114	0
1654	115	0
1655	114	0
1656	115	0
1657	115	0
1658	115	0
1659	115	0
1660	115	0
1661	114	0
1662	115	0
1663	115	0
1664	115	0
1665	115	0
1666	115	0
1667	115	0
1668	114	0
1669	115	0
1670	115	0
1671	115	0
1672	115	0
1673	115	0
1674	115	0
1675	114	0
1676	115	0
1677	114	0
1678	115	0
1679	115	0
1680	115	0
1681	115	0
1682	115	0
1683	115	0
1684	115	0
1685	115	0
1686	115	0
1687	115	0
1688	115	0
1689	115	0
1690	115	0
1691	115	0
1692	115	0
1693	115	0
1694	115	0
1695	115	0
1696	114	0
1697	115	0
1698	115	0
1699	114	0
1700	115	0
1701	115	0
1702	115	0
1703	115	0
1704	115	0
1705	115	0
1706	115	0
1707	115	0
1708	115	0
1709	115	0
1710	115	0
1711	115	0
1712	115	0
1713	115	0
1714	115	0
1715	114	0
1716	115	0
1717	114	0
1718	115	0
1719	114	0
1720	114	0
1721	115	0
1722	115	0
1723	115	0
1724	115	0
1725	115	0
1726	115	0
1727	115	0
1728	115	0
1729	115	0
1730	115	0
1731	115	0
1732	115	0
1733	115	0
1734	114	0
1735	115	0
1736	115	0
1737	115	0
1738	114	0
1739	115	0
1740	115	0
1741	115	0
1742	115	0
1743	115	0
1744	115	0
1745	115	0
1746	115	0
1747	113	0
1748	115	0
1749	115	0
1750	115	0
1751	115	0
1752	115	0
1753	115	0
1754	115	0
1755	115	0
1756	114	0
1757	115	0
1758	115	0
1759	115	0
1760	115	0
1761	115	0
1762	115	0
1763	115	0
1764	115	0
1765	115	0
1766	115	0
1767	115	0
1768	115	0
1769	115	0
1770	115	0
1771	115	0
1772	115	0
1773	115	0
1774	115	0
1775	115	0
1776	115	0
1777	114	0
1778	115	0
1779	114	0
1780	115	0
1781	115	0
1782	115	0
1783	115	0
1784	115	0
1785	115	0
1786	115	0
1787	115	0
1788	114	0
1789	115	0
1790	114	0
1791	115	0
1792	115	0
1793	115	0
1794	115	0
1795	115	0
1796	115	0
1797	114	0
1798	115	0
1799	115	0
1800	115	0
1801	114	0
1802	115	0
1803	115	0
1804	115	0
1805	115	0
1806	115	0
1807	115	0
1808	115	0
1809	115	0
1810	115	0
1811	115	0
1812	115	0
1813	115	0
1814	115	0
1815	115	0
1816	115	0
1817	115	0
1818	115	0
1819	115	0
1820	115	0
1821	115	0
1822	115	0
1823	115	0
1824	115	0
1825	115	0
1826	115	0
1827	115	0
1828	114	0
1829	114	0
1830	114	0
1831	115	0
1832	115	0
1833	115	0
1834	115	0
1835	115	0
1836	115	0
1837	115	0
1838	115	0
1839	115	0
1840	115	0
1841	115	0
1842	114	0
1843	115	0
1844	115	0
1845	115	0
1846	114	0
1847	115	0
1848	115	0
1849	115	0
1850	115	0
1851	115	0
1852	115	0
1853	115	0
1854	115	0
1855	114	0
1856	115	0
1857	115	0
1858	115	0
1859	115	0
1860	115	0
1861	115	0
1862	114	0
1863	115	0
1864	114	0
1865	115	0
1866	115	0
1867	115	0
1868	115	0
1869	115	0
1870	115	0
1871	115	0
1872	115	0
1873	115	0
1874	115	0
1875	115	0
1876	114	0
1877	115	0
1878	115	0
1879	115	0
1880	115	0
1881	115	0
1882	115	0
1883	115	0
1884	115	0
1885	115	0
1886	114	0
1887	115	0
1888	115	0
1889	114	0
1890	115	0
1891	115	0
1892	114	0
1893	114	0
1894	115	0
1895	114	0
1896	115	0
1897	115	0
1898	115	0
1899	115	0
1900	115	0
1901	115	0
1902	114	0
1903	115	0
1904	115	0
1905	115	0
1906	115	0
1907	116	0
1908	115	0
1909	116	0
1910	132	0
1911	158	0
1912	178	0
1913	192	0
1914	198	0
1915	195	0
1916	182	0
1917	161	0
1918	137	0
1919	119	0
1920	113	0
1921	113	0
1922	114	0
1923	114	0
1924	115	0
1925	115	0
1926	116	0
1927	117	0
1928	117	0
1929	118	0
1930	118	0
1931	117	0
1932	115	0
1933	115	0
1934	115	0
1935	115	0
1936	115	0
1937	115	0
1938	114	0
1939	115	0
1940	115	0
1941	114	0
1942	115	0
1943	115	0
1944	115	0
1945	114	0
1946	115	0
1947	115	0
1948	115	0
1949	115	0
1950	115	0
1951	115	0
1952	114	0
1953	115	0
1954	115	0
1955	114	0
1956	115	0
1957	115	0
1958	115	0
1959	115	0
1960	115	0
1961	115	0
1962	115	0
1963	115	0
1964	115	0
1965	115	0
1966	115	0
1967	115	0
1968	115	0
1969	114	0
1970	115	0
1971	115	0
1972	115	0
1973	114	0
1974	114	0
1975	115	0
1976	115	0
1977	115	0
1978	115	0
1979	115	0
1980	115	0
1981	114	0
1982	115	0
1983	115	0
1984	115	0
1985	115	0
1986	115	0
1987	115	0
1988	114	0
1989	115	0
1990	114	0
1991	115	0
1992	114	0
1993	115	0
1994	115	0
1995	115	0
1996	115	0
1997	115	0
1998	115	0
1999	115	0
2000	115	0
2001	115	0
2002	115	0
2003	114	0
2004	115	0
2005	115	0
2006	114	0
2007	114	0
2008	115	0
2009	115	0
2010	115	0
2011	115	0
2012	115	0
2013	115	0
2014	115	0
2015	114	0
2016	114	0
2017	115	0
2018	115	0
2019	115	0
2020	115	0
2021	115	0
2022	115	0
2023	115	0
2024	115	0
2025	115	0
2026	114	0
2027	115	0
2028	115	0
2029	115	0
2030	115	0
2031	115	0
2032	115	0
2033	114	0
2034	115	0
2035	115	0
2036	115	0
2037	115	0
2038	115	0
2039	115	0
2040	115	0
2041	115	0
2042	114	0
2043	115	0
2044	115	0
2045	115	0
2046	115	0
2047	115	0
2048	115	0
2049	115	0
2050	115	0
2051	115	0
2052	115	0
2053	114	0
2054	115	0
2055	115	0
2056	115	0
2057	115	0
2058	115	0
2059	115	0
2060	115	0
2061	115	0
2062	115	0
2063	114	0
2064	115	0
2065	115	0
2066	115	0
2067	115	0
2068	114	0
2069	115	0
2070	115	0
2071	115	0
2072	115	0
2073	115	0
2074	115	0
2075	115	0
2076	115	0
2077	114	0
2078	115	0
2079	115	0
2080	115	0
2081	114	0
2082	115	0
2083	115	0
2084	115	0
2085	115	0
2086	115	0
2087	116	0
2088	115	0
2089	115	0
2090	115	0
2091	114	0
2092	115	0
2093	116	0
2094	115	0
2095	115	0
2096	115	0
2097	114	0
2098	115	0
2099	115	0
2100	115	0
2101	115	0
2102	115	0
2103	115	0
2104	115	0
2105	115	0
2106	115	0
2107	115	0
2108	115	0
2109	115	0
2110	115	0
2111	115	0
2112	115	0
2113	115	0
2114	115	0
2115	115	0
2116	115	0
2117	115	0
2118	115	0
2119	115	0
2120	115	0
2121	114	0
2122	115	0
2123	115	0
2124	115	0
2125	115	0
2126	115	0
2127	115	0
2128	115	0
2129	115	0
2130	115	0
2131	115	0
2132	115	0
2133	115	0
2134	115	0
2135	115	0
2136	114	0
2137	115	0
2138	115	0
2139	114	0
2140	115	0
2141	115	0
2142	115	0
2143	115	0
2144	116	0
2145	115	0
2146	115	0
2147	114	0
2148	114	0
2149	115	0
2150	115	0
2151	115	0
2152	115	0
2153	115	0
2154	115	0
2155	115	0
2156	115	0
2157	115	0
2158	115	0
2159	115	0
2160	115	0
2161	115	0
2162	115	0
2163	115	0
2164	115	0
2165	115	0
2166	115	0
2167	115	0
2168	114	0
2169	115	0
2170	115	0
2171	115	0
2172	115	0
2173	115	0
2174	115	0
2175	115	0
2176	114	0
2177	114	0
2178	114	0
2179	114	0
2180	115	0
2181	116	0
2182	115	0
2183	115	0
2184	114	0
2185	115	0
2186	115	0
2187	115	0
2188	115	0
2189	115	0
2190	115	0
2191	115	0
2192	115	0
2193	115	0
2194	115	0
2195	115	0
2196	115	0
2197	115	0
2198	115	0
2199	115	0
2200	115	0
2201	115	0
2202	115	0
2203	115	0
2204	115	0
2205	115	0
2206	114	0
2207	115	0
2208	115	0
2209	115	0
2210	115	0
2211	115	0
2212	116	0
2213	115	0
2214	114	0
2215	114	0
2216	115	0
2217	115	0
2218	115	0
2219	115	0
2220	115	0
2221	115	0
2222	115	0
2223	115	0
2224	115	0
2225	115	0
2226	115	0
2227	115	0
2228	115	0
2229	115	0
2230	115	0
2231	115	0
2232	115	0
2233	115	0
2234	115	0
2235	115	0
2236	115	0
2237	115	0
2238	115	0
2239	115	0
2240	114	0
2241	115	0
2242	115	0
2243	115	0
2244	115	0
2245	115	0
2246	115	0
2247	115	0
2248	114	0
2249	114	0
2250	115	0
2251	115	0
2252	115	0
2253	115	0
2254	115	0
2255	115	0
2256	115	0
2257	115	0
2258	115	0
2259	115	0
2260	115	0
2261	115	0
2262	114	0
2263	114	0
2264	115	0
2265	115	0
2266	115	0
2267	114	0
2268	115	0
2269	115	0
2270	115	0
2271	115	0
2272	115	0
2273	115	0
2274	115	0
2275	115	0
2276	115	0
2277	114	0
2278	115	0
2279	115	0
2280	115	0
2281	115	0
2282	115	0
2283	115	0
2284	115	0
2285	115	0
2286	115	0
2287	115	0
2288	114	0
2289	115	0
2290	115	0
2291	115	0
2292	115	0
2293	115	0
2294	115	0
2295	115	0
2296	115	0
2297	114	0
2298	115	0
2299	114	0
2300	115	0
2301	115	0
2302	115	0
2303	114	0
2304	115	0
2305	115	0
2306	114	0
2307	115	0
2308	115	0
2309	115	0
2310	115	0
2311	115	0
2312	115	0
2313	115	0
2314	115	0
2315	115	0
2316	115	0
2317	115	0
2318	114	0
2319	115	0
2320	114	0
2321	115	0
2322	114	0
2323	115	0
2324	115	0
2325	115	0
2326	115	0
2327	115	0
2328	115	0
2329	115	0
2330	115	0
2331	115	0
2332	115	0
2333	115	0
2334	114	0
2335	115	0
2336	115	0
2337	115	0
2338	115	0
2339	115	0
2340	115	0
2341	115	0
2342	115	0
2343	115	0
2344	115	0
2345	115	0
2346	115	0
2347	115	0
2348	115	0
2349	115	0
2350	115	0
2351	115	0
2352	114	0
2353	115	0
2354	115	0
2355	115	0
2356	114	0
2357	114	0
2358	115	0
2359	115	0
2360	115	0
2361	115	0
2362	115	0
2363	115	0
2364	115	0
2365	115	0
2366	115	0
2367	115	0
2368	115	0
2369	115	0
2370	115	0
2371	115	0
2372	115	0
2373	115	0
2374	115	0
2375	114	0
2376	115	0
2377	115	0
2378	115	0
2379	114	0
2380	115	0
2381	115	0
2382	115	0
2383	115	0
2384	115	0
2385	115	0
2386	116	0
2387	115	0
2388	115	0
2389	114	0
2390	115	0
2391	115	0
2392	115	0
2393	115	0
2394	114	0
2395	114	0
2396	115	0
2397	114	0
2398	114	0
2399	114	0
2400	115	0
2401	114	0
2402	115	0
2403	115	0
2404	115	0
2405	115	0
2406	115	0
2407	115	0
2408	115	0
2409	115	0
2410	115	0
2411	115	0
2412	114	0
2413	115	0
2414	114	0
2415	115	0
2416	115	0
2417	116	0
2418	115	0
2419	115	0
2420	115	0
2421	115	0
2422	116	0
2423	115	0
2424	115	0
2425	115	0
2426	115	0
2427	115	0
2428	115	0
2429	115	0
2430	114	0
2431	115	0
2432	114	0
2433	115	0
2434	114	0
2435	115	0
2436	115	0
2437	115	0
2438	115	0
2439	115	0
2440	114	0
2441	114	0
2442	114	0
2443	115	0
2444	114	0
2445	115	0
2446	115	0
2447	115	0
2448	115	0
2449	115	0
2450	115	0
2451	115	0
2452	115	0
2453	115	0
2454	115	0
2455	114	0
2456	115	0
2457	115	0
2458	115	0
2459	115	0
2460	115	0
2461	115	0
2462	114	0
2463	115	0
2464	115	0
2465	116	0
2466	114	0
2467	115	0
2468	115	0
2469	114	0
2470	115	0
2471	115	0
2472	115	0
2473	115	0
2474	114	0
2475	115	0
2476	115	0
2477	115	0
2478	115	0
2479	114	0
2480	115	0
2481	114	0
2482	115	0
2483	115	0
2484	115	0
2485	115	0
2486	115	0
2487	115	0
2488	114	0
2489	115	0
2490	115	0
2491	115	0
2492	115	0
2493	115	0
2494	115	0
2495	115	0
2496	115	0
2497	115	0
2498	115	0
2499	115	0
2500	115	0
2501	115	0
2502	115	0
2503	115	0
2504	115	0
2505	115	0
2506	115	0
2507	115	0
2508	115	0
2509	115	0
2510	115	0
2511	115	0
2512	115	0
2513	115	0
2514	115	0
2515	115	0
2516	115	0
2517	115	0
2518	115	0
2519	115	0
2520	115	0
2521	115	0
2522	115	0
2523	115	0
2524	115	0
2525	115	0
2526	115	0
2527	115	0
2528	115	0
2529	115	0
2530	115	0
2531	115	0
2532	115	0
2533	115	0
2534	115	0
2535	114	0
2536	115	0
2537	115	0
2538	115	0
2539	115	0
2540	115	0
2541	115	0
2542	115	0
2543	115	0
2544	115	0
2545	115	0
2546	114	0
2547	115	0
2548	114	0
2549	115	0
2550	115	0
2551	115	0
2552	115	0
2553	115	0
2554	115	0
2555	114	0
2556	114	0
2557	115	0
2558	115	0
2559	114	0
2560	115	0
2561	114	0
2562	114	0
2563	114	0
2564	115	0
2565	115	0
2566	114	0
2567	115	0
2568	115	0
2569	115	0
2570	115	0
2571	114	0
2572	115	0
2573	115	0
2574	115	0
2575	115	0
2576	115	0
2577	115	0
2578	115	0
2579	114	0
2580	115	0
2581	115	0
2582	115	0
2583	114	0
2584	115	0
2585	115	0
2586	114	0
2587	115	0
2588	115	0
2589	115	0
2590	115	0
2591	115	0
2592	115	0
2593	115	0
2594	115	0
2595	115	0
2596	115	0
2597	115	0
2598	115	0
2599	115	0
2600	115	0
2601	115	0
2602	114	0
2603	115	0
2604	115	0
2605	114	0
2606	115	0
2607	114	0
2608	115	0
2609	115	0
2610	115	0
2611	115	0
2612	115	0
2613	115	0
2614	115	0
2615	115	0
2616	115	0
2617	115	0
2618	115	0
2619	115	0
2620	114	0
2621	115	0
2622	115	0
2623	115	0
2624	115	0
2625	116	0
2626	115	0
2627	115	0
2628	114	0
2629	115	0
2630	115	0
2631	115	0
2632	114	0
2633	115	0
2634	115	0
2635	115	0
2636	114	0
2637	114	0
2638	115	0
2639	115	0
2640	114	0
2641	115	0
2642	114	0
2643	114	0
2644	114	0
2645	114	0
2646	115	0
2647	115	0
2648	114	0
2649	115	0
2650	114	0
2651	115	0
2652	114	0
2653	115	0
2654	115	0
2655	115	0
2656	115	0
2657	115	0
2658	115	0
2659	114	0
2660	115	0
2661	115	0
2662	115	0
2663	115	0
2664	115	0
2665	115	0
2666	115	0
2667	115	0
2668	115	0
2669	115	0
2670	115	0
2671	115	0
2672	115	0
2673	115	0
2674	114	0
2675	115	0
2676	114	0
2677	115	0
2678	115	0
2679	115	0
2680	115	0
2681	115	0
2682	114	0
2683	114	0
2684	115	0
2685	115	0
2686	115	0
2687	115	0
2688	115	0
2689	115	0
2690	115	0
2691	115	0
2692	115	0
2693	115	0
2694	115	0
2695	115	0
2696	115	0
2697	115	0
2698	115	0
2699	114	0
2700	115	0
2701	114	0
2702	115	0
2703	115	0
2704	115	0
2705	115	0
2706	115	0
2707	114	0
2708	114	0
2709	115	0
2710	115	0
2711	115	0
2712	115	0
2713	114	0
2714	115	0
2715	115	0
2716	114	0
2717	115	0
2718	115	0
2719	115	0
2720	115	0
2721	115	0
2722	115	0
2723	115	0
2724	115	0
2725	115	0
2726	115	0
2727	115	0
2728	115	0
2729	114	0
2730	115	0
2731	115	0
2732	114	0
2733	114	0
2734	113	0
2735	115	0
2736	115	0
2737	115	0
2738	115	0
2739	115	0
2740	115	0
2741	114	0
2742	115	0
2743	114	0
2744	115	0
2745	114	0
2746	115	0
2747	115	0
2748	115	0
2749	115	0
2750	114	0
2751	115	0
2752	115	0
2753	114	0
2754	114	0
2755	115	0
2756	114	0
2757	115	0
2758	114	0
2759	114	0
2760	115	0
2761	115	0
2762	115	0
2763	115	0
2764	115	0
2765	115	0
2766	115	0
2767	115	0
2768	115	0
2769	115	0
2770	115	0
2771	115	0
2772	114	0
2773	115	0
2774	115	0
2775	115	0
2776	115	0
2777	115	0
2778	114	0
2779	115	0
2780	115	0
2781	115	0
2782	115	0
2783	115	0
2784	115	0
2785	115	0
2786	115	0
2787	115	0
2788	115	0
2789	115	0
2790	115	0
2791	115	0
2792	115	0
2793	115	0
2794	115	0
2795	115	0
2796	115	0
2797	113	0
2798	115	0
2799	114	0
2800	114	0
2801	114	0
2802	115	0
2803	115	0
2804	115	0
2805	115	0
2806	115	0
2807	115	0
2808	115	0
2809	115	0
2810	115	0
2811	115	0
2812	115	0
2813	115	0
2814	115	0
2815	115	0
2816	114	0
2817	115	0
2818	115	0
2819	114	0
2820	115	0
2821	115	0
2822	114	0
2823	115	0
2824	115	0
2825	115	0
2826	115	0
2827	115	0
2828	115	0
2829	115	0
2830	115	0
2831	114	0
2832	114	0
2833	115	0
2834	114	0
2835	115	0
2836	115	0
2837	115	0
2838	115	0
2839	115	0
2840	114	0
2841	115	0
2842	114	0
2843	115	0
2844	114	0
2845	115	0
2846	115	0
2847	115	0
2848	115	0
2849	115	0
2850	115	0
2851	114	0
2852	115	0
2853	115	0
2854	114	0
2855	113	0
2856	114	0
2857	114	0
2858	114	0
2859	114	0
2860	115	0
2861	115	0
2862	115	0
2863	114	0
2864	114	0
2865	116	0
2866	132	0
2867	157	0
2868	177	0
2869	191	0
2870	199	0
2871	196	0
2872	182	0
2873	161	0
2874	137	0
2875	119	0
2876	114	0
2877	113	0
2878	113	0
2879	114	0
2880	115	0
2881	115	0
2882	115	0
2883	117	0
2884	118	0
2885	118	0
2886	118	0
2887	116	0
2888	115	0
2889	115	0
2890	115	0
2891	115	0
2892	115	0
2893	115	0
2894	114	0
2895	115	0
2896	115	0
2897	114	0
2898	115	0
2899	115	0
2900	115	0
2901	115	0
2902	115	0
2903	115	0
2904	115	0
2905	114	0
2906	115	0
2907	115	0
2908	115	0
2909	115	0
2910	114	0
2911	115	0
2912	114	0
2913	115	0
2914	115	0
2915	115	0
2916	115	0
2917	116	0
2918	115	0
2919	115	0
2920	114	0
2921	114	0
2922	115	0
2923	115	0
2924	115	0
2925	115	0
2926	115	0
2927	115	0
2928	115	0
2929	114	0
2930	115	0
2931	114	0
2932	115	0
2933	114	0
2934	114	0
2935	115	0
2936	115	0
2937	115	0
2938	115	0
2939	115	0
2940	115	0
2941	115	0
2942	115	0
2943	115	0
2944	115	0
2945	115	0
2946	115	0
2947	115	0
2948	115	0
2949	115	0
2950	115	0
2951	114	0
2952	115	0
2953	114	0
2954	114	0
2955	115	0
2956	115	0
2957	114	0
2958	115	0
2959	114	0
2960	115	0
2961	115	0
2962	114	0
2963	115	0
2964	114	0
2965	115	0
2966	114	0
2967	115	0
2968	115	0
2969	114	0
2970	114	0
2971	115	0
2972	114	0
2973	115	0
2974	115	0
2975	115	0
2976	115	0
2977	115	0
2978	115	0
2979	114	0
2980	114	0
2981	115	0
2982	115	0
2983	115	0
2984	115	0
2985	114	0
2986	115	0
2987	115	0
2988	114	0
2989	115	0
2990	115	0
2991	115	0
2992	115	0
2993	115	0
2994	115	0
2995	114	0
2996	115	0
2997	114	0
2998	115	0
2999	115	0
3000	115	0
3001	114	0
3002	115	0
3003	114	0
3004	115	0
3005	114	0
3006	115	0
3007	115	0
3008	115	0
3009	115	0
3010	115	0
3011	115	0
3012	115	0
3013	115	0
3014	115	0
3015	114	0
3016	115	0
3017	114	0
3018	114	0
3019	114	0
3020	115	0
3021	115	0
3022	115	0
3023	114	0
3024	114	0
3025	115	0
3026	115	0
3027	115	0
3028	115	0
3029	115	0
3030	115	0
3031	115	0
3032	115	0
3033	114	0
3034	114	0
3035	115	0
3036	114	0
3037	114	0
3038	115	0
3039	115	0
3040	115	0
3041	115	0
3042	115	0
3043	114	0
3044	114	0
3045	115	0
3046	115	0
3047	115	0
3048	114	0
3049	115	0
3050	115	0
3051	114	0
3052	115	0
3053	115	0
3054	115	0
3055	115	0
3056	115	0
3057	115	0
3058	116	0
3059	115	0
3060	114	0
3061	115	0
3062	115	0
3063	115	0
3064	115	0
3065	115	0
3066	115	0
3067	115	0
3068	115	0
3069	115	0
3070	115	0
3071	115	0
3072	115	0
3073	114	0
3074	115	0
3075	114	0
3076	115	0
3077	114	0
3078	115	0
3079	115	0
3080	115	0
3081	115	0
3082	115	0
3083	115	0
3084	114	0
3085	115	0
3086	115	0
3087	115	0
3088	115	0
3089	115	0
3090	115	0
3091	114	0
3092	115	0
3093	115	0
3094	115	0
3095	115	0
3096	115	0
3097	115	0
3098	115	0
3099	115	0
3100	115	0
3101	115	0
3102	115	0
3103	115	0
3104	115	0
3105	114	0
3106	114	0
3107	114	0
3108	114	0
3109	115	0
3110	115	0
3111	115	0
3112	115	0
3113	114	0
3114	115	0
3115	114	0
3116	114	0
3117	114	0
3118	115	0
3119	115	0
3120	114	0
3121	114	0
3122	115	0
3123	115	0
3124	115	0
3125	115	0
3126	114	0
3127	115	0
3128	114	0
3129	113	0
3130	115	0
3131	114	0
3132	114	0
3133	115	0
3134	115	0
3135	115	0
3136	115	0
3137	115	0
3138	115	0
3139	115	0
3140	115	0
3141	115	0
3142	115	0
3143	115	0
3144	115	0
3145	115	0
3146	115	0
3147	115	0
3148	115	0
3149	114	0
3150	115	0
3151	114	0
3152	114	0
3153	115	0
3154	115	0
3155	115	0
3156	114	0
3157	115	0
3158	115	0
3159	115	0
3160	115	0
3161	114	0
3162	115	0
3163	115	0
3164	115	0
3165	115	0
3166	115	0
3167	114	0
3168	115	0
3169	115	0
3170	114	0
3171	115	0
3172	115	0
3173	115	0
3174	115	0
3175	115	0
3176	115	0
3177	115	0
3178	115	0
3179	115	0
3180	115	0
3181	115	0
3182	115	0
3183	115	0
3184	115	0
3185	114	0
3186	114	0
3187	115	0
3188	115	0
3189	115	0
3190	115	0
3191	115	0
3192	115	0
3193	115	0
3194	115	0
3195	115	0
3196	114	0
3197	115	0
3198	115	0
3199	115	0
3200	114	0
3201	115	0
3202	115	0
3203	114	0
3204	114	0
3205	115	0
3206	115	0
3207	114	0
3208	115	0
3209	114	0
3210	115	0
3211	115	0
3212	115	0
3213	115	0
3214	115	0
3215	115	0
3216	115	0
3217	115	0
3218	114	0
3219	114	0
3220	115	0
3221	115	0
3222	115	0
3223	115	0
3224	115	0
3225	114	0
3226	116	0
3227	115	0
3228	114	0
3229	114	0
3230	115	0
3231	114	0
3232	115	0
3233	115	0
3234	115	0
3235	115	0
3236	115	0
3237	115	0
3238	115	0
3239	115	0
3240	115	0
3241	115	0
3242	114	0
3243	115	0
3244	115	0
3245	114	0
3246	115	0
3247	115	0
3248	115	0
3249	115	0
3250	115	0
3251	115	0
3252	115	0
3253	114	0
3254	115	0
3255	114	0
3256	115	0
3257	114	0
3258	115	0
3259	115	0
3260	115	0
3261	114	0
3262	114	0
3263	115	0
3264	114	0
3265	114	0
3266	114	0
3267	114	0
3268	115	0
3269	114	0
3270	115	0
3271	114	0
3272	115	0
3273	114	0
3274	114	0
3275	114	0
3276	115	0
3277	114	0
3278	114	0
3279	114	0
3280	114	0
3281	115	0
3282	114	0
3283	114	0
3284	114	0
3285	115	0
3286	115	0
3287	115	0
3288	115	0
3289	114	0
3290	115	0
3291	114	0
3292	115	0
3293	114	0
3294	115	0
3295	115	0
3296	114	0
3297	114	0
3298	114	0
3299	115	0
3300	115	0
3301	115	0
3302	115	0
3303	114	0
3304	115	0
3305	114	0
3306	115	0
3307	115	0
3308	114	0
3309	115	0
3310	115	0
3311	115	0
3312	115	0
3313	115	0
3314	115	0
3315	114	0
3316	115	0
3317	114	0
3318	114	0
3319	115	0
3320	115	0
3321	115	0
3322	115	0
3323	115	0
3324	115	0
3325	115	0
3326	114	0
3327	115	0
3328	115	0
3329	114	0
3330	115	0
3331	114	0
3332	115	0
3333	115	0
3334	115	0
3335	115	0
3336	115	0
3337	115	0
3338	115	0
3339	115	0
3340	115	0
3341	115	0
3342	115	0
3343	114	0
3344	114	0
3345	114	0
3346	114	0
3347	114	0
3348	115	0
3349	114	0
3350	114	0
3351	115	0
3352	115	0
3353	115	0
3354	115	0
3355	114	0
3356	115	0
3357	115	0
3358	114	0
3359	115	0
3360	114	0
3361	115	0
3362	114	0
3363	115	0
3364	114	0
3365	115	0
3366	114	0
3367	115	0
3368	114	0
3369	114	0
3370	114	0
3371	115	0
3372	115	0
3373	115	0
3374	115	0
3375	115	0
3376	115	0
3377	115	0
3378	115	0
3379	115	0
3380	115	0
3381	114	0
3382	114	0
3383	114	0
3384	115	0
3385	114	0
3386	115	0
3387	114	0
3388	115	0
3389	115	0
3390	115	0
3391	115	0
3392	114	0
3393	114	0
3394	115	0
3395	115	0
3396	115	0
3397	115	0
3398	114	0
3399	115	0
3400	114	0
3401	115	0
3402	114	0
3403	115	0
3404	115	0
3405	114	0
3406	115	0
3407	115	0
3408	115	0
3409	114	0
3410	115	0
3411	115	0
3412	114	0
3413	114	0
3414	115	0
3415	115	0
3416	115	0
3417	115	0
3418	114	0
3419	114	0
3420	114	0
3421	115	0
3422	115	0
3423	115	0
3424	115	0
3425	115	0
3426	115	0
3427	114	0
3428	115	0
3429	115	0
3430	115	0
3431	115	0
3432	115	0
3433	115	0
3434	115	0
3435	115	0
3436	115	0
3437	115	0
3438	114	0
3439	115	0
3440	115	0
3441	115	0
3442	115	0
3443	115	0
3444	114	0
3445	115	0
3446	115	0
3447	114	0
3448	114	0
3449	115	0
3450	115	0
3451	114	0
3452	115	0
3453	115	0
3454	115	0
3455	115	0
3456	114	0
3457	115	0
3458	115	0
3459	115	0
3460	114	0
3461	115	0
3462	115	0
3463	114	0
3464	115	0
3465	115	0
3466	115	0
3467	114	0
3468	115	0
3469	114	0
3470	114	0
3471	115	0
3472	115	0
3473	115	0
3474	114	0
3475	115	0
3476	114	0
3477	115	0
3478	115	0
3479	115	0
3480	114	0
3481	115	0
3482	114	0
3483	115	0
3484	115	0
3485	115	0
3486	114	0
3487	115	0
3488	115	0
3489	115	0
3490	115	0
3491	114	0
3492	115	0
3493	115	0
3494	115	0
3495	115	0
3496	115	0
3497	115	0
3498	114	0
3499	114	0
3500	115	0
3501	114	0
3502	115	0
3503	115	0
3504	114	0
3505	115	0
3506	115	0
3507	113	0
3508	114	0
3509	115	0
3510	114	0
3511	114	0
3512	115	0
3513	115	0
3514	115	0
3515	115	0
3516	115	0
3517	114	0
3518	115	0
3519	115	0
3520	115	0
3521	114	0
3522	115	0
3523	115	0
3524	114	0
3525	115	0
3526	115	0
3527	115	0
3528	115	0
3529	114	0
3530	115	0
3531	115	0
3532	114	0
3533	115	0
3534	115	0
3535	115	0
3536	114	0
3537	115	0
3538	115	0
3539	115	0
3540	115	0
3541	115	0
3542	114	0
3543	116	0
3544	115	0
3545	115	0
3546	114	0
3547	115	0
3548	115	0
3549	115	0
3550	115	0
3551	114	0
3552	115	0
3553	115	0
3554	115	0
3555	115	0
3556	115	0
3557	114	0
3558	115	0
3559	114	0
3560	115	0
3561	114	0
3562	115	0
3563	115	0
3564	115	0
3565	115	0
3566	115	0
3567	115	0
3568	114	0
3569	114	0
3570	114	0
3571	115	0
3572	115	0
3573	115	0
3574	114	0
3575	114	0
3576	114	0
3577	115	0
3578	115	0
3579	115	0
3580	115	0
3581	115	0
3582	115	0
3583	115	0
3584	115	0
3585	114	0
3586	113	0
3587	115	0
3588	114	0
3589	114	0
3590	114	0
3591	115	0
3592	115	0
3593	115	0
3594	114	0
3595	114	0
3596	115	0
3597	114	0
3598	115	0
3599	115	0
3600	114	0
3601	114	0
3602	115	0
3603	115	0
3604	114	0
3605	115	0
3606	114	0
3607	115	0
3608	115	0
3609	114	0
3610	114	0
3611	115	0
3612	115	0
3613	114	0
3614	115	0
3615	114	0
3616	115	0
3617	114	0
3618	115	0
3619	114	0
3620	114	0
3621	115	0
3622	115	0
3623	114	0
3624	114	0
3625	115	0
3626	115	0
3627	115	0
3628	114	0
3629	115	0
3630	115	0
3631	115	0
3632	115	0
3633	115	0
3634	115	0
3635	115	0
3636	114	0
3637	115	0
3638	114	0
3639	115	0
3640	114	0
3641	115	0
3642	114	0
3643	115	0
3644	114	0
3645	115	0
3646	114	0
3647	115	0
3648	115	0
3649	115	0
3650	114	0
3651	114	0
3652	115	0
3653	114	0
3654	114	0
3655	115	0
3656	114	0
3657	115	0
3658	115	0
3659	114	0
3660	115	0
3661	115	0
3662	115	0
3663	113	0
3664	114	0
3665	115	0
3666	115	0
3667	115	0
3668	115	0
3669	115	0
3670	115	0
3671	115	0
3672	114	0
3673	115	0
3674	114	0
3675	115	0
3676	115	0
3677	115	0
3678	115	0
3679	114	0
3680	114	0
3681	115	0
3682	114	0
3683	114	0
3684	115	0
3685	114	0
3686	115	0
3687	115	0
3688	114	0
3689	115	0
3690	115	0
3691	115	0
3692	113	0
3693	115	0
3694	113	0
3695	115	0
3696	115	0
3697	115	0
3698	115	0
3699	114	0
3700	115	0
3701	115	0
3702	115	0
3703	115	0
3704	115	0
3705	114	0
3706	114	0
3707	115	0
3708	114	0
3709	114	0
3710	114	0
3711	114	0
3712	114	0
3713	115	0
3714	115	0
3715	115	0
3716	115	0
3717	115	0
3718	115	0
3719	115	0
3720	115	0
3721	115	0
3722	115	0
3723	115	0
3724	115	0
3725	115	0
3726	115	0
3727	114	0
3728	115	0
3729	115	0
3730	115	0
3731	115	0
3732	115	0
3733	115	0
3734	115	0
3735	115	0
3736	114	0
3737	115	0
3738	115	0
3739	115	0
3740	114	0
3741	114	0
3742	115	0
3743	115	0
3744	114	0
3745	114	0
3746	114	0
3747	115	0
3748	114	0
3749	115	0
3750	114	0
3751	115	0
3752	115	0
3753	115	0
3754	115	0
3755	114	0
3756	115	0
3757	114	0
3758	115	0
3759	114	0
3760	115	0
3761	115	0
3762	115	0
3763	115	0
3764	115	0
3765	115	0
3766	114	0
3767	115	0
3768	114	0
3769	115	0
3770	115	0
3771	115	0
3772	115	0
3773	115	0
3774	115	0
3775	114	0
3776	114	0
3777	114	0
3778	115	0
3779	115	0
3780	115	0
3781	115	0
3782	114	0
3783	114	0
3784	114	0
3785	114	0
3786	115	0
3787	114	0
3788	114	0
3789	115	0
3790	115	0
3791	115	0
3792	115	0
3793	114	0
3794	115	0
3795	115	0
3796	115	0
3797	114	0
3798	115	0
3799	114	0
3800	115	0
3801	114	0
3802	114	0
3803	115	0
3804	115	0
3805	115	0
3806	114	0
3807	114	0
3808	115	0
3809	115	0
3810	114	0
3811	114	0
3812	115	0
3813	114	0
3814	114	0
3815	115	0
3816	114	0
3817	115	0
3818	115	0
3819	115	0
3820	114	0
3821	117	0
3822	133	0
3823	158	0
3824	178	0
3825	192	0
3826	198	0
3827	195	0
3828	182	0
3829	161	0
3830	137	0
3831	118	0
3832	113	0
3833	113	0
3834	113	0
3835	114	0
3836	115	0
3837	115	0
3838	115	0
3839	117	0
3840	117	0
3841	117	0
3842	118	0
3843	116	0
3844	115	0
3845	114	0
3846	115	0
3847	115	0
3848	114	0
3849	115	0
3850	114	0
3851	115	0
3852	114	0
3853	114	0
3854	114	0
3855	115	0
3856	115	0
3857	115	0
3858	115	0
3859	115	0
3860	115	0
3861	115	0
3862	115	0
3863	114	0
3864	115	0
3865	115	0
3866	114	0
3867	114	0
3868	115	0
3869	115	0
3870	115	0
3871	115	0
3872	115	0
3873	115	0
3874	115	0
3875	114	0
3876	114	0
3877	115	0
3878	114	0
3879	115	0
3880	115	0
3881	114	0
3882	115	0
3883	114	0
3884	114	0
3885	114	0
3886	115	0
3887	115	0
3888	114	0
3889	115	0
3890	116	0
3891	115	0
3892	115	0
3893	114	0
3894	115	0
3895	115	0
3896	115	0
3897	115	0
3898	115	0
3899	114	0
3900	114	0
3901	115	0
3902	114	0
3903	115	0
3904	115	0
3905	115	0
3906	115	0
3907	114	0
3908	114	0
3909	115	0
3910	114	0
3911	115	0
3912	114	0
3913	114	0
3914	115	0
3915	115	0
3916	115	0
3917	114	0
3918	114	0
3919	115	0
3920	115	0
3921	115	0
3922	114	0
3923	115	0
3924	114	0
3925	114	0
3926	114	0
3927	115	0
3928	114	0
3929	115	0
3930	114	0
3931	115	0
3932	115	0
3933	115	0
3934	114	0
3935	114	0
3936	115	0
3937	115	0
3938	115	0
3939	115	0
3940	115	0
3941	114	0
3942	114	0
3943	114	0
3944	115	0
3945	114	0
3946	115	0
3947	115	0
3948	114	0
3949	114	0
3950	114	0
3951	115	0
3952	115	0
3953	115	0
3954	114	0
3955	115	0
3956	114	0
3957	115	0
3958	114	0
3959	114	0
3960	115	0
3961	115	0
3962	114	0
3963	114	0
3964	114	0
3965	115	0
3966	115	0
3967	115	0
3968	115	0
3969	115	0
3970	114	0
3971	115	0
3972	115	0
3973	115	0
3974	115	0
3975	115	0
3976	114	0
3977	114	0
3978	115	0
3979	115	0
3980	115	0
3981	115	0
3982	114	0
3983	115	0
3984	115	0
3985	115	0
3986	115	0
3987	115	0
3988	115	0
3989	115	0
3990	115	0
3991	114	0
3992	114	0
3993	115	0
3994	115	0
3995	115	0
3996	115	0
3997	114	0
3998	115	0
3999	115	0
4000	115	0
4001	115	0
4002	115	0
4003	115	0
4004	114	0
4005	114	0
4006	115	0
4007	115	0
4008	115	0
4009	115	0
4010	115	0
4011	115	0
4012	114	0
4013	115	0
4014	115	0
4015	115	0
4016	115	0
4017	115	0
4018	115	0
4019	114	0
4020	114	0
4021	114	0
4022	114	0
4023	115	0
4024	114	0
4025	115	0
4026	115	0
4027	114	0
4028	114	0
4029	115	0
4030	115	0
4031	115	0
4032	114	0
4033	115	0
4034	114	0
4035	114	0
4036	114	0
4037	115	0
4038	114	0
4039	115	0
4040	114	0
4041	114	0
4042	115	0
4043	115	0
4044	115	0
4045	115	0
4046	115	0
4047	115	0
4048	115	0
4049	114	0
4050	114	0
4051	114	0
4052	114	0
4053	113	0
4054	115	0
4055	114	0
4056	114	0
4057	115	0
4058	115	0
4059	114	0
4060	114	0
4061	114	0
4062	113	0
4063	114	0
4064	115	0
4065	115	0
4066	114	0
4067	115	0
4068	115	0
4069	115	0
4070	115	0
4071	114	0
4072	115	0
4073	115	0
4074	114	0
4075	115	0
4076	115	0
4077	115	0
4078	114	0
4079	114	0
4080	114	0
4081	115	0
4082	115	0
4083	115	0
4084	115	0
4085	114	0
4086	115	0
4087	115	0
4088	114	0
4089	114	0
4090	115	0
4091	114	0
4092	115	0
4093	115	0
4094	114	0
4095	115	0
4096	115	0
4097	114	0
4098	114	0
4099	115	0
4100	115	0
4101	115	0
4102	115	0
4103	115	0
4104	114	0
4105	115	0
4106	114	0
4107	115	0
4108	115	0
4109	115	0
4110	115	0
4111	115	0
4112	115	0
4113	114	0
4114	114	0
4115	114	0
4116	115	0
4117	114	0
4118	115	0
4119	114	0
4120	115	0
4121	114	0
4122	115	0
4123	115	0
4124	114	0
4125	115	0
4126	114	0
4127	114	0
4128	114	0
4129	115	0
4130	114	0
4131	115	0
4132	114	0
4133	115	0
4134	114	0
4135	115	0
4136	114	0
4137	115	0
4138	114	0
4139	115	0
4140	115	0
4141	115	0
4142	115	0
4143	114	0
4144	115	0
4145	114	0
4146	114	0
4147	114	0
4148	115	0
4149	115	0
4150	115	0
4151	115	0
4152	115	0
4153	115	0
4154	115	0
4155	114	0
4156	114	0
4157	115	0
4158	115	0
4159	114	0
4160	115	0
4161	114	0
4162	115	0
4163	114	0
4164	114	0
4165	115	0
4166	114	0
4167	114	0
4168	115	0
4169	115	0
4170	115	0
4171	114	0
4172	114	0
4173	114	0
4174	115	0
4175	115	0
4176	115	0
4177	115	0
4178	114	0
4179	114	0
4180	114	0
4181	115	0
4182	115	0
4183	115	0
4184	115	0
4185	114	0
4186	115	0
4187	115	0
4188	115	0
4189	114	0
4190	115	0
4191	115	0
4192	114	0
4193	115	0
4194	115	0
4195	115	0
4196	115	0
4197	115	0
4198	115	0
4199	114	0
4200	115	0
4201	115	0
4202	114	0
4203	113	0
4204	115	0
4205	114	0
4206	114	0
4207	115	0
4208	115	0
4209	114	0
4210	115	0
4211	114	0
4212	115	0
4213	114	0
4214	115	0
4215	114	0
4216	114	0
4217	114	0
4218	115	0
4219	114	0
4220	115	0
4221	114	0
4222	114	0
4223	114	0
4224	114	0
4225	114	0
4226	114	0
4227	114	0
4228	115	0
4229	114	0
4230	114	0
4231	115	0
4232	115	0
4233	115	0
4234	114	0
4235	114	0
4236	115	0
4237	114	0
4238	115	0
4239	115	0
4240	115	0
4241	115	0
4242	114	0
4243	115	0
4244	115	0
4245	115	0
4246	115	0
4247	114	0
4248	113	0
4249	114	0
4250	114	0
4251	114	0
4252	115	0
4253	115	0
4254	114	0
4255	114	0
4256	114	0
4257	115	0
4258	115	0
4259	114	0
4260	115	0
4261	115	0
4262	115	0
4263	115	0
4264	115	0
4265	115	0
4266	115	0
4267	115	0
4268	114	0
4269	114	0
4270	115	0
4271	115	0
4272	114	0
4273	115	0
4274	115	0
4275	115	0
4276	114	0
4277	115	0
4278	115	0
4279	115	0
4280	114	0
4281	114	0
4282	115	0
4283	115	0
4284	114	0
4285	115	0
4286	114	0
4287	115	0
4288	114	0
4289	114	0
4290	114	0
4291	114	0
4292	115	0
4293	115	0
4294	115	0
4295	115	0
4296	114	0
4297	114	0
4298	115	0
4299	115	0
4300	114	0
4301	115	0
4302	114	0
4303	115	0
4304	114	0
4305	114	0
4306	115	0
4307	115	0
4308	115	0
4309	115	0
4310	115	0
4311	115	0
4312	114	0
4313	114	0
4314	114	0
4315	114	0
4316	114	0
4317	115	0
4318	115	0
4319	115	0
4320	115	0
4321	115	0
4322	114	0
4323	115	0
4324	114	0
4325	115	0
4326	114	0
4327	114	0
4328	114	0
4329	114	0
4330	115	0
4331	115	0
4332	115	0
4333	114	0
4334	115	0
4335	114	0
4336	115	0
4337	114	0
4338	115	0
4339	114	0
4340	115	0
4341	115	0
4342	115	0
4343	114	0
4344	114	0
4345	114	0
4346	115	0
4347	114	0
4348	113	0
4349	114	0
4350	114	0
4351	114	0
4352	114	0
4353	115	0
4354	114	0
4355	114	0
4356	114	0
4357	115	0
4358	115	0
4359	114	0
4360	115	0
4361	114	0
4362	115	0
4363	114	0
4364	115	0
4365	114	0
4366	114	0
4367	114	0
4368	115	0
4369	115	0
4370	115	0
4371	114	0
4372	115	0
4373	114	0
4374	115	0
4375	114	0
4376	115	0
4377	115	0
4378	114	0
4379	114	0
4380	114	0
4381	114	0
4382	114	0
4383	114	0
4384	114	0
4385	114	0
4386	114	0
4387	114	0
4388	114	0
4389	115	0
4390	114	0
4391	115	0
4392	114	0
4393	114	0
4394	115	0
4395	115	0
4396	115	0
4397	115	0
4398	114	0
4399	115	0
4400	114	0
4401	114	0
4402	114	0
4403	115	0
4404	115	0
4405	115	0
4406	115	0
4407	114	0
4408	114	0
4409	115	0
4410	114	0
4411	115	0
4412	114	0
4413	115	0
4414	115	0
4415	115	0
4416	114	0
4417	114	0
4418	115	0
4419	115	0
4420	115	0
4421	115	0
4422	115	0
4423	114	0
4424	114	0
4425	114	0
4426	115	0
4427	114	0
4428	115	0
4429	115	0
4430	115	0
4431	115	0
4432	113	0
4433	115	0
4434	114	0
4435	114	0
4436	114	0
4437	115	0
4438	115	0
4439	115	0
4440	115	0
4441	115	0
4442	115	0
4443	113	0
4444	115	0
4445	115	0
4446	114	0
4447	113	0
4448	115	0
4449	114	0
4450	114	0
4451	114	0
4452	115	0
4453	113	0
4454	115	0
4455	114	0
4456	114	0
4457	114	0
4458	115	0
4459	114	0
4460	114	0
4461	114	0
4462	114	0
4463	113	0
4464	115	0
4465	115	0
4466	115	0
4467	114	0
4468	115	0
4469	114	0
4470	115	0
4471	114	0
4472	115	0
4473	114	0
4474	114	0
4475	114	0
4476	115	0
4477	115	0
4478	115	0
4479	114	0
4480	114	0
4481	115	0
4482	114	0
4483	115	0
4484	114	0
4485	114	0
4486	114	0
4487	115	0
4488	115	0
4489	114	0
4490	115	0
4491	114	0
4492	115	0
4493	114	0
4494	114	0
4495	114	0
4496	115	0
4497	115	0
4498	114	0
4499	113	0
4500	114	0
4501	114	0
4502	114	0
4503	115	0
4504	115	0
4505	115	0
4506	114	0
4507	114	0
4508	114	0
4509	114	0
4510	115	0
4511	115	0
4512	115	0
4513	114	0
4514	115	0
4515	115	0
4516	114	0
4517	114	0
4518	115	0
4519	114	0
4520	115	0
4521	115	0
4522	115	0
4523	114	0
4524	115	0
4525	115	0
4526	115	0
4527	114	0
4528	115	0
4529	115	0
4530	115	0
4531	114	0
4532	115	0
4533	115	0
4534	114	0
4535	115	0
4536	115	0
4537	115	0
4538	114	0
4539	115	0
4540	114	0
4541	114	0
4542	115	0
4543	115	0
4544	115	0
4545	115	0
4546	115	0
4547	114	0
4548	114	0
4549	115	0
4550	115	0
4551	114	0
4552	115	0
4553	114	0
4554	115	0
4555	114	0
4556	115	0
4557	114	0
4558	114	0
4559	115	0
4560	114	0
4561	115	0
4562	115	0
4563	114	0
4564	114	0
4565	114	0
4566	114	0
4567	114	0
4568	115	0
4569	115	0
4570	115	0
4571	115	0
4572	114	0
4573	115	0
4574	115	0
4575	115	0
4576	115	0
4577	115	0
4578	115	0
4579	115	0
4580	114	0
4581	115	0
4582	114	0
4583	114	0
4584	115	0
4585	114	0
4586	115	0
4587	115	0
4588	115	0
4589	115	0
4590	114	0
4591	114	0
4592	114	0
4593	115	0
4594	114	0
4595	115	0
4596	115	0
4597	114	0
4598	115	0
4599	114	0
4600	115	0
4601	115	0
4602	115	0
4603	114	0
4604	115	0
4605	114	0
4606	114	0
4607	114	0
4608	115	0
4609	115	0
4610	114	0
4611	115	0
4612	114	0
4613	114	0
4614	115	0
4615	115	0
4616	114	0
4617	115	0
4618	115	0
4619	114	0
4620	114	0
4621	115	0
4622	114	0
4623	114	0
4624	115	0
4625	114	0
4626	114	0
4627	115	0
4628	115	0
4629	115	0
4630	114	0
4631	115	0
4632	115	0
4633	115	0
4634	114	0
4635	115	0
4636	115	0
4637	115	0
4638	115	0
4639	114	0
4640	115	0
4641	115	0
4642	114	0
4643	115	0
4644	114	0
4645	114	0
4646	114	0
4647	115	0
4648	115	0
4649	115	0
4650	115	0
4651	115	0
4652	115	0
4653	115	0
4654	115	0
4655	115	0
4656	115	0
4657	115	0
4658	115	0
4659	115	0
4660	115	0
4661	115	0
4662	114	0
4663	115	0
4664	115	0
4665	114	0
4666	114	0
4667	115	0
4668	115	0
4669	115	0
4670	115	0
4671	114	0
4672	115	0
4673	115	0
4674	114	0
4675	115	0
4676	115	0
4677	114	0
4678	115	0
4679	114	0
4680	115	0
4681	114	0
4682	114	0
4683	114	0
4684	115	0
4685	115	0
4686	115	0
4687	115	0
4688	114	0
4689	114	0
4690	114	0
4691	115	0
4692	115	0
4693	115	0
4694	115	0
4695	114	0
4696	115	0
4697	114	0
4698	115	0
4699	115	0
4700	115	0
4701	115	0
4702	115	0
4703	115	0
4704	115	0
4705	114	0
4706	115	0
4707	115	0
4708	115	0
4709	114	0
4710	115	0
4711	114	0
4712	115	0
4713	115	0
4714	114	0
4715	114	0
4716	115	0
4717	114	0
4718	114	0
4719	114	0
4720	114	0
4721	114	0
4722	115	0
4723	114	0
4724	114	0
4725	114	0
4726	114	0
4727	115	0
4728	114	0
4729	115	0
4730	115	0
4731	115	0
4732	114	0
4733	115	0
4734	114	0
4735	115	0
4736	115	0
4737	115	0
4738	115	0
4739	115	0
4740	115	0
4741	115	0
4742	114	0
4743	115	0
4744	115	0
4745	115	0
4746	115	0
4747	115	0
4748	115	0
4749	114	0
4750	115	0
4751	114	0
4752	115	0
4753	114	0
4754	114	0
4755	115	0
4756	115	0
4757	115	0
4758	115	0
4759	115	0
4760	114	0
4761	115	0
4762	115	0
4763	115	0
4764	115	0
4765	114	0
4766	115	0
4767	114	0
4768	114	0
4769	114	0
4770	114	0
4771	114	0
4772	115	0
4773	115	0
4774	114	0
4775	114	0
4776	115	0
4777	118	0
4778	137	0
4779	161	0
4780	180	0
4781	193	0
4782	198	0
4783	194	0
4784	178	0
4785	157	0
4786	133	0
4787	118	0
4788	113	0
4789	113	0
4790	113	0
4791	114	0
4792	115	0
4793	115	0
4794	116	0
4795	116	0
4796	118	0
4797	118	0
4798	118	0
4799	116	0
4800	115	0
4801	114	0
4802	115	0
4803	114	0
4804	115	0
4805	115	0
4806	115	0
4807	114	0
4808	114	0
4809	115	0
4810	115	0
4811	115	0
4812	114	0
4813	115	0
4814	115	0
4815	115	0
4816	115	0
4817	115	0
4818	114	0
4819	114	0
4820	114	0
4821	114	0
4822	115	0
4823	115	0
4824	114	0
4825	114	0
4826	115	0
4827	115	0
4828	113	0
4829	115	0
4830	114	0
4831	114	0
4832	114	0
4833	114	0
4834	114	0
4835	115	0
4836	115	0
4837	115	0
4838	115	0
4839	115	0
4840	115	0
4841	114	0
4842	114	0
4843	115	0
4844	114	0
4845	115	0
4846	114	0
4847	114	0
4848	115	0
4849	115	0
4850	115	0
4851	114	0
4852	113	0
4853	114	0
4854	114	0
4855	114	0
4856	115	0
4857	114	0
4858	115	0
4859	115	0
4860	115	0
4861	115	0
4862	115	0
4863	114	0
4864	114	0
4865	114	0
4866	115	0
4867	114	0
4868	115	0
4869	114	0
4870	114	0
4871	115	0
4872	115	0
4873	115	0
4874	115	0
4875	114	0
4876	115	0
4877	115	0
4878	115	0
4879	114	0
4880	115	0
4881	114	0
4882	115	0
4883	115	0
4884	114	0
4885	114	0
4886	115	0
4887	115	0
4888	115	0
4889	115	0
4890	113	0
4891	115	0
4892	115	0
4893	114	0
4894	114	0
4895	114	0
4896	115	0
4897	115	0
4898	115	0
4899	114	0
4900	114	0
4901	115	0
4902	114	0
4903	114	0
4904	115	0
4905	114	0
4906	115	0
4907	115	0
4908	115	0
4909	114	0
4910	115	0
4911	115	0
4912	115	0
4913	114	0
4914	115	0
4915	115	0
4916	114	0
4917	114	0
4918	114	0
4919	114	0
4920	114	0
4921	115	0
4922	114	0
4923	114	0
4924	115	0
4925	114	0
4926	115	0
4927	114	0
4928	114	0
4929	115	0
4930	115	0
4931	114	0
4932	115	0
4933	115	0
4934	114	0
4935	115	0
4936	114	0
4937	115	0
4938	115	0
4939	115	0
4940	115	0
4941	114	0
4942	115	0
4943	115	0
4944	115	0
4945	114	0
4946	115	0
4947	115	0
4948	115	0
4949	115	0
4950	115	0
4951	115	0
4952	115	0
4953	115	0
4954	115	0
4955	115	0
4956	115	0
4957	115	0
4958	115	0
4959	115	0
4960	115	0
4961	115	0
4962	115	0
4963	115	0
4964	114	0
4965	114	0
4966	114	0
4967	114	0
4968	113	0
4969	115	0
4970	114	0
4971	114	0
4972	114	0
4973	115	0
4974	114	0
4975	115	0
4976	114	0
4977	115	0
4978	115	0
4979	114	0
4980	115	0
4981	114	0
4982	114	0
4983	113	0
4984	115	0
4985	114	0
4986	114	0
4987	114	0
4988	115	0
4989	115	0
4990	115	0
4991	114	0
4992	115	0
4993	115	0
4994	115	0
4995	115	0
4996	114	0
4997	115	0
4998	115	0
4999	114	0
5000	114	0
5001	115	0
5002	115	0
5003	114	0
5004	115	0
5005	115	0
5006	115	0
5007	114	0
5008	115	0
5009	115	0
5010	115	0
5011	114	0
5012	114	0
5013	114	0
5014	114	0
5015	115	0
5016	115	0
5017	114	0
5018	114	0
5019	115	0
5020	114	0
5021	115	0
5022	115	0
5023	115	0
5024	115	0
5025	115	0
5026	115	0
5027	114	0
5028	115	0
5029	115	0
5030	115	0
5031	114	0
5032	115	0
5033	115	0
5034	114	0
5035	115	0
5036	115	0
5037	114	0
5038	114	0
5039	115	0
5040	115	0
5041	115	0
5042	115	0
5043	114	0
5044	115	0
5045	114	0
5046	114	0
5047	115	0
5048	115	0
5049	115	0
5050	114	0
5051	114	0
5052	115	0
5053	115	0
5054	114	0
5055	115	0
5056	115	0
5057	114	0
5058	114	0
5059	114	0
5060	115	0
5061	114	0
5062	115	0
5063	114	0
5064	114	0
5065	114	0
5066	115	0
5067	114	0
5068	114	0
5069	114	0
5070	115	0
5071	115	0
5072	115	0
5073	115	0
5074	114	0
5075	115	0
5076	114	0
5077	114	0
5078	115	0
5079	115	0
5080	115	0
5081	115	0
5082	114	0
5083	115	0
5084	114	0
5085	114	0
5086	115	0
5087	115	0
5088	115	0
5089	115	0
5090	115	0
5091	114	0
5092	114	0
5093	114	0
5094	115	0
5095	115	0
5096	115	0
5097	115	0
5098	114	0
5099	115	0
5100	115	0
5101	115	0
5102	115	0
5103	114	0
5104	115	0
5105	113	0
5106	114	0
5107	115	0
5108	114	0
5109	114	0
5110	115	0
5111	115	0
5112	114	0
5113	114	0
5114	115	0
5115	115	0
5116	114	0
5117	114	0
5118	115	0
5119	115	0
5120	114	0
5121	115	0
5122	114	0
5123	115	0
5124	114	0
5125	115	0
5126	114	0
5127	115	0
5128	114	0
5129	114	0
5130	114	0
5131	115	0
5132	115	0
5133	115	0
5134	115	0
5135	113	0
5136	115	0
5137	114	0
5138	114	0
5139	115	0
5140	115	0
5141	115	0
5142	115	0
5143	114	0
5144	115	0
5145	115	0
5146	114	0
5147	114	0
5148	115	0
5149	115	0
5150	114	0
5151	115	0
5152	115	0
5153	115	0
5154	115	0
5155	115	0
5156	115	0
5157	114	0
5158	115	0
5159	114	0
5160	115	0
5161	114	0
5162	114	0
5163	115	0
5164	115	0
5165	115	0
5166	115	0
5167	114	0
5168	115	0
5169	115	0
5170	115	0
5171	115	0
5172	115	0
5173	114	0
5174	115	0
5175	114	0
5176	114	0
5177	114	0
5178	114	0
5179	114	0
5180	115	0
5181	115	0
5182	114	0
5183	114	0
5184	114	0
5185	114	0
5186	114	0
5187	115	0
5188	114	0
5189	114	0
5190	115	0
5191	115	0
5192	115	0
5193	115	0
5194	115	0
5195	115	0
5196	114	0
5197	114	0
5198	114	0
5199	113	0
5200	114	0
5201	115	0
5202	114	0
5203	114	0
5204	114	0
5205	114	0
5206	115	0
5207	115	0
5208	115	0
5209	115	0
5210	114	0
5211	115	0
5212	115	0
5213	114	0
5214	115	0
5215	115	0
5216	115	0
5217	115	0
5218	115	0
5219	114	0
5220	114	0
5221	114	0
5222	114	0
5223	113	0
5224	114	0
5225	114	0
5226	115	0
5227	114	0
5228	115	0
5229	115	0
5230	114	0
5231	114	0
5232	115	0
5233	115	0
5234	114	0
5235	115	0
5236	115	0
5237	114	0
5238	115	0
5239	114	0
5240	115	0
5241	114	0
5242	115	0
5243	114	0
5244	114	0
5245	115	0
5246	115	0
5247	113	0
5248	115	0
5249	114	0
5250	115	0
5251	115	0
5252	115	0
5253	115	0
5254	115	0
5255	114	0
5256	114	0
5257	114	0
5258	115	0
5259	115	0
5260	115	0
5261	114	0
5262	114	0
5263	115	0
5264	115	0
5265	114	0
5266	115	0
5267	115	0
5268	115	0
5269	115	0
5270	115	0
5271	115	0
5272	115	0
5273	114	0
5274	115	0
5275	115	0
5276	114	0
5277	114	0
5278	114	0
5279	115	0
5280	114	0
5281	115	0
5282	114	0
5283	115	0
5284	115	0
5285	115	0
5286	115	0
5287	114	0
5288	115	0
5289	115	0
5290	114	0
5291	114	0
5292	115	0
5293	115	0
5294	115	0
5295	115	0
5296	114	0
5297	115	0
5298	115	0
5299	115	0
5300	115	0
5301	114	0
5302	115	0
5303	114	0
5304	114	0
5305	114	0
5306	115	0
5307	114	0
5308	115	0
5309	115	0
5310	115	0
5311	115	0
5312	115	0
5313	115	0
5314	115	0
5315	115	0
5316	115	0
5317	115	0
5318	115	0
5319	115	0
5320	115	0
5321	115	0
5322	115	0
5323	115	0
5324	115	0
5325	114	0
5326	114	0
5327	114	0
5328	115	0
5329	115	0
5330	115	0
5331	114	0
5332	114	0
5333	115	0
5334	114	0
5335	114	0
5336	115	0
5337	115	0
5338	114	0
5339	115	0
5340	115	0
5341	114	0
5342	115	0
5343	115	0
5344	114	0
5345	113	0
5346	114	0
5347	114	0
5348	115	0
5349	115	0
5350	115	0
5351	114	0
5352	114	0
5353	115	0
5354	115	0
5355	114	0
5356	115	0
5357	114	0
5358	114	0
5359	114	0
5360	115	0
5361	115	0
5362	115	0
5363	115	0
5364	115	0
5365	115	0
5366	114	0
5367	115	0
5368	115	0
5369	115	0
5370	115	0
5371	116	0
5372	115	0
5373	114	0
5374	115	0
5375	114	0
5376	115	0
5377	115	0
5378	115	0
5379	115	0
5380	114	0
5381	115	0
5382	114	0
5383	114	0
5384	114	0
5385	115	0
5386	115	0
5387	115	0
5388	115	0
5389	115	0
5390	115	0
5391	114	0
5392	114	0
5393	114	0
5394	114	0
5395	114	0
5396	114	0
5397	115	0
5398	115	0
5399	114	0
5400	114	0
5401	114	0
5402	115	0
5403	114	0
5404	115	0
5405	114	0
5406	115	0
5407	114	0
5408	115	0
5409	114	0
5410	114	0
5411	115	0
5412	115	0
5413	115	0
5414	115	0
5415	114	0
5416	115	0
5417	114	0
5418	115	0
5419	115	0
5420	115	0
5421	115	0
5422	115	0
5423	115	0
5424	115	0
5425	114	0
5426	115	0
5427	115	0
5428	115	0
5429	115	0
5430	115	0
5431	115	0
5432	114	0
5433	115	0
5434	115	0
5435	115	0
5436	115	0
5437	115	0
5438	115	0
5439	115	0
5440	114	0
5441	114	0
5442	114	0
5443	115	0
5444	115	0
5445	114	0
5446	114	0
5447	115	0
5448	115	0
5449	115	0
5450	115	0
5451	115	0
5452	114	0
5453	114	0
5454	115	0
5455	115	0
5456	114	0
5457	115	0
5458	115	0
5459	114	0
5460	115	0
5461	115	0
5462	114	0
5463	115	0
5464	114	0
5465	115	0
5466	114	0
5467	115	0
5468	115	0
5469	115	0
5470	114	0
5471	115	0
5472	114	0
5473	115	0
5474	115	0
5475	115	0
5476	114	0
5477	115	0
5478	115	0
5479	114	0
5480	114	0
5481	115	0
5482	115	0
5483	114	0
5484	114	0
5485	115	0
5486	115	0
5487	114	0
5488	115	0
5489	115	0
5490	115	0
5491	115	0
5492	115	0
5493	115	0
5494	115	0
5495	115	0
5496	114	0
5497	114	0
5498	115	0
5499	114	0
5500	115	0
5501	114	0
5502	114	0
5503	114	0
5504	115	0
5505	115	0
5506	115	0
5507	115	0
5508	115	0
5509	115	0
5510	114	0
5511	114	0
5512	114	0
5513	115	0
5514	114	0
5515	115	0
5516	115	0
5517	115	0
5518	114	0
5519	115	0
5520	115	0
5521	114	0
5522	115	0
5523	115	0
5524	115	0
5525	114	0
5526	115	0
5527	115	0
5528	114	0
5529	115	0
5530	114	0
5531	115	0
5532	115	0
5533	115	0
5534	114	0
5535	115	0
5536	115	0
5537	115	0
5538	114	0
5539	115	0
5540	115	0
5541	115	0
5542	114	0
5543	115	0
5544	114	0
5545	114	0
5546	114	0
5547	114	0
5548	115	0
5549	115	0
5550	115	0
5551	115	0
5552	115	0
5553	115	0
5554	115	0
5555	115	0
5556	115	0
5557	114	0
5558	114	0
5559	114	0
5560	115	0
5561	115	0
5562	115	0
5563	114	0
5564	115	0
5565	114	0
5566	114	0
5567	113	0
5568	115	0
5569	115	0
5570	115	0
5571	115	0
5572	115	0
5573	115	0
5574	115	0
5575	114	0
5576	114	0
5577	114	0
5578	115	0
5579	115	0
5580	115	0
5581	115	0
5582	114	0
5583	115	0
5584	114	0
5585	115	0
5586	114	0
5587	115	0
5588	115	0
5589	115	0
5590	114	0
5591	114	0
5592	114	0
5593	114	0
5594	114	0
5595	114	0
5596	115	0
5597	114	0
5598	115	0
5599	115	0
5600	115	0
5601	115	0
5602	115	0
5603	115	0
5604	114	0
5605	115	0
5606	115	0
5607	115	0
5608	115	0
5609	115	0
5610	115	0
5611	113	0
5612	115	0
5613	114	0
5614	115	0
5615	115	0
5616	114	0
5617	114	0
5618	114	0
5619	114	0
5620	115	0
5621	114	0
5622	115	0
5623	115	0
5624	114	0
5625	114	0
5626	115	0
5627	115	0
5628	114	0
5629	115	0
5630	115	0
5631	115	0
5632	114	0
5633	115	0
5634	115	0
5635	115	0
5636	115	0
5637	115	0
5638	114	0
5639	115	0
5640	115	0
5641	115	0
5642	114	0
5643	115	0
5644	115	0
5645	114	0
5646	114	0
5647	115	0
5648	115	0
5649	115	0
5650	115	0
5651	114	0
5652	114	0
5653	115	0
5654	115	0
5655	115	0
5656	115	0
5657	114	0
5658	114	0
5659	114	0
5660	115	0
5661	114	0
5662	115	0
5663	115	0
5664	115	0
5665	115	0
5666	114	0
5667	115	0
5668	115	0
5669	115	0
5670	115	0
5671	114	0
5672	115	0
5673	115	0
5674	114	0
5675	115	0
5676	115	0
5677	115	0
5678	114	0
5679	115	0
5680	114	0
5681	115	0
5682	114	0
5683	115	0
5684	115	0
5685	115	0
5686	115	0
5687	115	0
5688	115	0
5689	114	0
5690	114	0
5691	114	0
5692	114	0
5693	115	0
5694	116	0
5695	114	0
5696	115	0
5697	114	0
5698	115	0
5699	115	0
5700	115	0
5701	115	0
5702	115	0
5703	115	0
5704	114	0
5705	113	0
5706	114	0
5707	114	0
5708	115	0
5709	115	0
5710	115	0
5711	115	0
5712	114	0
5713	115	0
5714	115	0
5715	114	0
5716	114	0
5717	115	0
5718	115	0
5719	115	0
5720	115	0
5721	115	0
5722	114	0
5723	114	0
5724	114	0
5725	115	0
5726	114	0
5727	115	0
5728	114	0
5729	114	0
5730	116	0
5731	133	0
5732	158	0
5733	178	0
5734	192	0
5735	198	0
5736	196	0
5737	182	0
5738	161	0
5739	136	0
5740	119	0
5741	113	0
5742	112	0
5743	113	0
5744	114	0
5745	115	0
5746	115	0
5747	116	0
5748	116	0
5749	117	0
5750	118	0
5751	118	0
5752	117	0
5753	115	0
5754	115	0
5755	115	0
5756	114	0
5757	115	0
5758	115	0
5759	115	0
5760	115	0
5761	115	0
5762	115	0
5763	114	0
5764	115	0
5765	115	0
5766	115	0
5767	115	0
5768	115	0
5769	115	0
5770	115	0
5771	115	0
5772	114	0
5773	114	0
5774	115	0
5775	114	0
5776	115	0
5777	115	0
5778	115	0
5779	115	0
5780	115	0
5781	115	0
5782	114	0
5783	115	0
5784	115	0
5785	115	0
5786	114	0
5787	115	0
5788	115	0
5789	114	0
5790	115	0
5791	115	0
5792	115	0
5793	114	0
5794	114	0
5795	115	0
5796	114	0
5797	114	0
5798	115	0
5799	115	0
5800	115	0
5801	115	0
5802	115	0
5803	115	0
5804	115	0
5805	115	0
5806	115	0
5807	115	0
5808	115	0
5809	115	0
5810	114	0
5811	115	0
5812	115	0
5813	114	0
5814	115	0
5815	114	0
5816	115	0
5817	115	0
5818	115	0
5819	115	0
5820	115	0
5821	115	0
5822	115	0
5823	115	0
5824	115	0
5825	115	0
5826	114	0
5827	114	0
5828	115	0
5829	115	0
5830	115	0
5831	115	0
5832	114	0
5833	115	0
5834	115	0
5835	115	0
5836	115	0
5837	115	0
5838	115	0
5839	115	0
5840	115	0
5841	115	0
5842	115	0
5843	115	0
5844	115	0
5845	114	0
5846	114	0
5847	115	0
5848	115	0
5849	115	0
5850	115	0
5851	115	0
5852	114	0
5853	114	0
5854	115	0
5855	115	0
5856	115	0
5857	115	0
5858	115	0
5859	115	0
5860	115	0
5861	115	0
5862	115	0
5863	115	0
5864	115	0
5865	114	0
5866	115	0
5867	115	0
5868	115	0
5869	115	0
5870	115	0
5871	115	0
5872	114	0
5873	115	0
5874	115	0
5875	115	0
5876	114	0
5877	115	0
5878	114	0
5879	114	0
5880	114	0
5881	115	0
5882	115	0
5883	115	0
5884	114	0
5885	114	0
5886	114	0
5887	114	0
5888	115	0
5889	115	0
5890	115	0
5891	114	0
5892	115	0
5893	114	0
5894	114	0
5895	114	0
5896	115	0
5897	114	0
5898	115	0
5899	115	0
5900	114	0
5901	115	0
5902	115	0
5903	115	0
5904	114	0
5905	114	0
5906	115	0
5907	115	0
5908	114	0
5909	114	0
5910	114	0
5911	115	0
5912	115	0
5913	115	0
5914	114	0
5915	114	0
5916	115	0
5917	114	0
5918	115	0
5919	115	0
5920	115	0
5921	115	0
5922	115	0
5923	115	0
5924	115	0
5925	115	0
5926	114	0
5927	115	0
5928	115	0
5929	114	0
5930	115	0
5931	115	0
5932	115	0
5933	115	0
5934	114	0
5935	115	0
5936	114	0
5937	115	0
5938	114	0
5939	115	0
5940	115	0
5941	114	0
5942	115	0
5943	115	0
5944	115	0
5945	115	0
5946	115	0
5947	115	0
5948	115	0
5949	115	0
5950	114	0
5951	114	0
5952	114	0
5953	114	0
5954	115	0
5955	115	0
5956	114	0
5957	115	0
5958	115	0
5959	115	0
5960	115	0
5961	115	0
5962	115	0
5963	114	0
5964	114	0
5965	115	0
5966	114	0
5967	115	0
5968	114	0
5969	115	0
5970	114	0
5971	115	0
5972	114	0
5973	114	0
5974	114	0
5975	115	0
5976	115	0
5977	115	0
5978	115	0
5979	114	0
5980	115	0
5981	115	0
5982	115	0
5983	115	0
5984	115	0
5985	115	0
5986	115	0
5987	115	0
5988	115	0
5989	115	0
5990	115	0
5991	114	0
5992	114	0
5993	115	0
5994	115	0
5995	115	0
5996	115	0
5997	114	0
5998	115	0
5999	115	0
6000	115	0
6001	114	0
6002	114	0
6003	115	0
6004	115	0
6005	115	0
6006	115	0
6007	115	0
6008	115	0
6009	115	0
6010	115	0
6011	115	0
6012	114	0
6013	114	0
6014	114	0
6015	115	0
6016	115	0
6017	115	0
6018	114	0
6019	115	0
6020	114	0
6021	114	0
6022	114	0
6023	115	0
6024	115	0
6025	115	0
6026	115	0
6027	115	0
6028	115	0
6029	115	0
6030	116	0
6031	115	0
6032	115	0
6033	115	0
6034	115	0
6035	114	0
6036	115	0
6037	115	0
6038	114	0
6039	114	0
6040	114	0
6041	114	0
6042	115	0
6043	115	0
6044	115	0
6045	115	0
6046	115	0
6047	115	0
6048	114	0
6049	114	0
6050	114	0
6051	115	0
6052	115	0
6053	115	0
6054	115	0
6055	115	0
6056	115	0
6057	114	0
6058	115	0
6059	114	0
6060	115	0
6061	115	0
6062	116	0
6063	114	0
6064	115	0
6065	115	0
6066	115	0
6067	115	0
6068	115	0
6069	115	0
6070	114	0
6071	115	0
6072	114	0
6073	114	0
6074	114	0
6075	115	0
6076	115	0
6077	115	0
6078	115	0
6079	114	0
6080	114	0
6081	114	0
6082	115	0
6083	115	0
6084	115	0
6085	115	0
6086	115	0
6087	114	0
6088	114	0
6089	115	0
6090	115	0
6091	114	0
6092	115	0
6093	115	0
6094	114	0
6095	115	0
6096	115	0
6097	115	0
6098	116	0
6099	115	0
6100	114	0
6101	114	0
6102	114	0
6103	115	0
6104	115	0
6105	115	0
6106	115	0
6107	115	0
6108	114	0
6109	115	0
6110	115	0
6111	114	0
6112	115	0
6113	115	0
6114	115	0
6115	114	0
6116	114	0
6117	115	0
6118	115	0
6119	114	0
6120	115	0
6121	115	0
6122	114	0
6123	115	0
6124	115	0
6125	115	0
6126	114	0
6127	114	0
6128	115	0
6129	114	0
6130	113	0
6131	115	0
6132	115	0
6133	115	0
6134	115	0
6135	115	0
6136	115	0
6137	114	0
6138	115	0
6139	115	0
6140	115	0
6141	115	0
6142	115	0
6143	115	0
6144	115	0
6145	115	0
6146	114	0
6147	115	0
6148	115	0
6149	114	0
6150	115	0
6151	115	0
6152	115	0
6153	115	0
6154	115	0
6155	114	0
6156	115	0
6157	115	0
6158	115	0
6159	115	0
6160	115	0
6161	115	0
6162	115	0
6163	115	0
6164	115	0
6165	115	0
6166	115	0
6167	115	0
6168	115	0
6169	114	0
6170	114	0
6171	115	0
6172	115	0
6173	115	0
6174	115	0
6175	115	0
6176	115	0
6177	115	0
6178	115	0
6179	115	0
6180	115	0
6181	114	0
6182	115	0
6183	115	0
6184	114	0
6185	114	0
6186	115	0
6187	115	0
6188	114	0
6189	115	0
6190	115	0
6191	115	0
6192	115	0
6193	115	0
6194	115	0
6195	115	0
6196	115	0
6197	115	0
6198	115	0
6199	115	0
6200	114	0
6201	114	0
6202	114	0
6203	114	0
6204	114	0
6205	114	0
6206	115	0
6207	115	0
6208	114	0
6209	115	0
6210	114	0
6211	114	0
6212	114	0
6213	115	0
6214	114	0
6215	114	0
6216	114	0
6217	114	0
6218	115	0
6219	114	0
6220	114	0
6221	115	0
6222	114	0
6223	114	0
6224	115	0
6225	115	0
6226	115	0
6227	115	0
6228	114	0
6229	115	0
6230	115	0
6231	114	0
6232	114	0
6233	114	0
6234	115	0
6235	115	0
6236	115	0
6237	115	0
6238	115	0
6239	115	0
6240	115	0
6241	115	0
6242	114	0
6243	115	0
6244	114	0
6245	114	0
6246	115	0
6247	115	0
6248	115	0
6249	115	0
6250	114	0
6251	114	0
6252	115	0
6253	115	0
6254	115	0
6255	114	0
6256	115	0
6257	115	0
6258	115	0
6259	115	0
6260	115	0
6261	115	0
6262	115	0
6263	115	0
6264	115	0
6265	115	0
6266	114	0
6267	115	0
6268	114	0
6269	114	0
6270	114	0
6271	115	0
6272	115	0
6273	114	0
6274	115	0
6275	115	0
6276	115	0
6277	115	0
6278	115	0
6279	115	0
6280	115	0
6281	115	0
6282	114	0
6283	114	0
6284	114	0
6285	115	0
6286	115	0
6287	115	0
6288	115	0
6289	115	0
6290	116	0
6291	115	0
6292	115	0
6293	115	0
6294	114	0
6295	115	0
6296	115	0
6297	114	0
6298	114	0
6299	115	0
6300	115	0
6301	115	0
6302	115	0
6303	115	0
6304	115	0
6305	115	0
6306	115	0
6307	115	0
6308	114	0
6309	114	0
6310	114	0
6311	115	0
6312	115	0
6313	115	0
6314	115	0
6315	115	0
6316	115	0
6317	115	0
6318	115	0
6319	115	0
6320	115	0
6321	115	0
6322	115	0
6323	114	0
6324	114	0
6325	114	0
6326	115	0
6327	115	0
6328	115	0
6329	114	0
6330	114	0
6331	114	0
6332	114	0
6333	115	0
6334	115	0
6335	115	0
6336	115	0
6337	115	0
6338	115	0
6339	114	0
6340	115	0
6341	115	0
6342	115	0
6343	115	0
6344	115	0
6345	114	0
6346	114	0
6347	114	0
6348	114	0
6349	115	0
6350	115	0
6351	115	0
6352	114	0
6353	115	0
6354	115	0
6355	114	0
6356	114	0
6357	115	0
6358	114	0
6359	113	0
6360	115	0
6361	115	0
6362	114	0
6363	114	0
6364	114	0
6365	115	0
6366	114	0
6367	115	0
6368	115	0
6369	115	0
6370	115	0
6371	115	0
6372	116	0
6373	115	0
6374	115	0
6375	115	0
6376	115	0
6377	116	0
6378	115	0
6379	115	0
6380	114	0
6381	115	0
6382	115	0
6383	115	0
6384	115	0
6385	115	0
6386	114	0
6387	115	0
6388	115	0
6389	115	0
6390	115	0
6391	115	0
6392	115	0
6393	115	0
6394	115	0
6395	115	0
6396	115	0
6397	114	0
6398	115	0
6399	115	0
6400	114	0
6401	115	0
6402	115	0
6403	115	0
6404	115	0
6405	115	0
6406	115	0
6407	114	0
6408	115	0
6409	115	0
6410	115	0
6411	115	0
6412	115	0
6413	115	0
6414	115	0
6415	114	0
6416	115	0
6417	115	0
6418	115	0
6419	115	0
6420	114	0
6421	115	0
6422	115	0
6423	115	0
6424	114	0
6425	115	0
6426	114	0
6427	115	0
6428	115	0
6429	115	0
6430	115	0
6431	115	0
6432	115	0
6433	115	0
6434	115	0
6435	115	0
6436	115	0
6437	115	0
6438	115	0
6439	115	0
6440	115	0
6441	115	0
6442	115	0
6443	114	0
6444	114	0
6445	114	0
6446	114	0
6447	115	0
6448	115	0
6449	114	0
6450	115	0
6451	115	0
6452	115	0
6453	114	0
6454	115	0
6455	115	0
6456	114	0
6457	115	0
6458	115	0
6459	114	0
6460	114	0
6461	115	0
6462	115	0
6463	114	0
6464	115	0
6465	115	0
6466	115	0
6467	115	0
6468	115	0
6469	115	0
6470	115	0
6471	114	0
6472	114	0
6473	115	0
6474	115	0
6475	114	0
6476	115	0
6477	114	0
6478	115	0
6479	114	0
6480	115	0
6481	114	0
6482	114	0
6483	114	0
6484	115	0
6485	115	0
6486	115	0
6487	115	0
6488	115	0
6489	115	0
6490	115	0
6491	114	0
6492	115	0
6493	115	0
6494	114	0
6495	115	0
6496	115	0
6497	115	0
6498	115	0
6499	115	0
6500	115	0
6501	114	0
6502	115	0
6503	115	0
6504	115	0
6505	115	0
6506	115	0
6507	115	0
6508	115	0
6509	115	0
6510	115	0
6511	115	0
6512	115	0
6513	114	0
6514	114	0
6515	115	0
6516	115	0
6517	114	0
6518	114	0
6519	114	0
6520	115	0
6521	115	0
6522	115	0
6523	115	0
6524	115	0
6525	115	0
6526	114	0
6527	115	0
6528	115	0
6529	115	0
6530	115	0
6531	115	0
6532	115	0
6533	114	0
6534	115	0
6535	115	0
6536	115	0
6537	114	0
6538	115	0
6539	115	0
6540	115	0
6541	115	0
6542	115	0
6543	115	0
6544	115	0
6545	114	0
6546	114	0
6547	115	0
6548	115	0
6549	115	0
6550	114	0
6551	115	0
6552	114	0
6553	115	0
6554	114	0
6555	115	0
6556	115	0
6557	115	0
6558	115	0
6559	115	0
6560	115	0
6561	115	0
6562	115	0
6563	114	0
6564	115	0
6565	115	0
6566	115	0
6567	115	0
6568	115	0
6569	115	0
6570	114	0
6571	114	0
6572	114	0
6573	115	0
6574	115	0
6575	115	0
6576	114	0
6577	115	0
6578	115	0
6579	115	0
6580	115	0
6581	115	0
6582	115	0
6583	114	0
6584	115	0
6585	115	0
6586	114	0
6587	114	0
6588	115	0
6589	115	0
6590	115	0
6591	115	0
6592	115	0
6593	114	0
6594	115	0
6595	114	0
6596	114	0
6597	114	0
6598	115	0
6599	115	0
6600	115	0
6601	115	0
6602	115	0
6603	115	0
6604	114	0
6605	114	0
6606	114	0
6607	115	0
6608	115	0
6609	115	0
6610	115	0
6611	114	0
6612	114	0
6613	115	0
6614	115	0
6615	115	0
6616	114	0
6617	115	0
6618	115	0
6619	115	0
6620	115	0
6621	115	0
6622	115	0
6623	114	0
6624	114	0
6625	114	0
6626	115	0
6627	115	0
6628	115	0
6629	115	0
6630	115	0
6631	114	0
6632	115	0
6633	114	0
6634	115	0
6635	115	0
6636	115	0
6637	115	0
6638	115	0
6639	115	0
6640	114	0
6641	115	0
6642	114	0
6643	115	0
6644	114	0
6645	115	0
6646	114	0
6647	115	0
6648	115	0
6649	115	0
6650	114	0
6651	115	0
6652	114	0
6653	114	0
6654	115	0
6655	115	0
6656	115	0
6657	115	0
6658	114	0
6659	114	0
6660	115	0
6661	114	0
6662	114	0
6663	115	0
6664	114	0
6665	115	0
6666	115	0
6667	115	0
6668	115	0
6669	115	0
6670	114	0
6671	115	0
6672	115	0
6673	114	0
6674	114	0
6675	115	0
6676	114	0
6677	114	0
6678	115	0
6679	115	0
6680	115	0
6681	128	0
6682	153	0
6683	174	0
6684	189	0
6685	197	0
6686	198	0
6687	185	0
6688	166	0
6689	142	0
6690	123	0
6691	114	0
6692	113	0
6693	114	0
6694	113	0
6695	115	0
6696	115	0
6697	115	0
6698	116	0
6699	117	0
6700	117	0
6701	117	0
6702	116	0
6703	115	0
6704	115	0
6705	114	0
6706	115	0
6707	114	0
6708	115	0
6709	114	0
6710	115	0
6711	114	0
6712	114	0
6713	114	0
6714	115	0
6715	115	0
6716	114	0
6717	113	0
6718	115	0
6719	115	0
6720	114	0
6721	115	0
6722	115	0
6723	115	0
6724	115	0
6725	115	0
6726	115	0
6727	114	0
6728	115	0
6729	115	0
6730	115	0
6731	115	0
6732	115	0
6733	115	0
6734	115	0
6735	115	0
6736	115	0
6737	115	0
6738	115	0
6739	115	0
6740	115	0
6741	115	0
6742	115	0
6743	114	0
6744	115	0
6745	115	0
6746	115	0
6747	115	0
6748	115	0
6749	114	0
6750	115	0
6751	115	0
6752	115	0
6753	114	0
6754	115	0
6755	115	0
6756	114	0
6757	115	0
6758	115	0
6759	115	0
6760	115	0
6761	115	0
6762	115	0
6763	115	0
6764	115	0
6765	114	0
6766	114	0
6767	115	0
6768	115	0
6769	114	0
6770	115	0
6771	115	0
6772	114	0
6773	114	0
6774	115	0
6775	115	0
6776	114	0
6777	114	0
6778	115	0
6779	114	0
6780	115	0
6781	115	0
6782	114	0
6783	115	0
6784	115	0
6785	115	0
6786	115	0
6787	115	0
6788	114	0
6789	113	0
6790	115	0
6791	115	0
6792	115	0
6793	114	0
6794	115	0
6795	115	0
6796	115	0
6797	114	0
6798	115	0
6799	115	0
6800	114	0
6801	114	0
6802	115	0
6803	115	0
6804	114	0
6805	114	0
6806	114	0
6807	115	0
6808	114	0
6809	115	0
6810	114	0
6811	115	0
6812	115	0
6813	115	0
6814	115	0
6815	115	0
6816	115	0
6817	115	0
6818	115	0
6819	115	0
6820	115	0
6821	114	0
6822	114	0
6823	115	0
6824	114	0
6825	114	0
6826	115	0
6827	114	0
6828	115	0
6829	114	0
6830	114	0
6831	114	0
6832	114	0
6833	115	0
6834	115	0
6835	114	0
6836	115	0
6837	115	0
6838	115	0
6839	115	0
6840	115	0
6841	115	0
6842	115	0
6843	115	0
6844	115	0
6845	115	0
6846	115	0
6847	115	0
6848	115	0
6849	114	0
6850	114	0
6851	115	0
6852	114	0
6853	115	0
6854	115	0
6855	114	0
6856	115	0
6857	115	0
6858	115	0
6859	114	0
6860	114	0
6861	114	0
6862	115	0
6863	115	0
6864	115	0
6865	115	0
6866	114	0
6867	114	0
6868	114	0
6869	115	0
6870	114	0
6871	115	0
6872	115	0
6873	114	0
6874	115	0
6875	115	0
6876	115	0
6877	115	0
6878	115	0
6879	114	0
6880	114	0
6881	115	0
6882	114	0
6883	115	0
6884	114	0
6885	114	0
6886	115	0
6887	115	0
6888	115	0
6889	115	0
6890	114	0
6891	115	0
6892	114	0
6893	114	0
6894	115	0
6895	114	0
6896	114	0
6897	115	0
6898	114	0
6899	115	0
6900	115	0
6901	115	0
6902	115	0
6903	115	0
6904	115	0
6905	114	0
6906	114	0
6907	115	0
6908	115	0
6909	115	0
6910	115	0
6911	115	0
6912	115	0
6913	114	0
6914	114	0
6915	115	0
6916	115	0
6917	115	0
6918	115	0
6919	115	0
6920	115	0
6921	114	0
6922	114	0
6923	115	0
6924	115	0
6925	114	0
6926	115	0
6927	115	0
6928	115	0
6929	114	0
6930	115	0
6931	115	0
6932	114	0
6933	114	0
6934	115	0
6935	115	0
6936	114	0
6937	115	0
6938	115	0
6939	115	0
6940	115	0
6941	114	0
6942	115	0
6943	114	0
6944	114	0
6945	114	0
6946	115	0
6947	115	0
6948	115	0
6949	114	0
6950	115	0
6951	115	0
6952	114	0
6953	114	0
6954	114	0
6955	115	0
6956	114	0
6957	115	0
6958	115	0
6959	115	0
6960	115	0
6961	115	0
6962	115	0
6963	114	0
6964	115	0
6965	114	0
6966	114	0
6967	114	0
6968	115	0
6969	115	0
6970	115	0
6971	115	0
6972	115	0
6973	115	0
6974	115	0
6975	115	0
6976	115	0
6977	115	0
6978	115	0
6979	115	0
6980	115	0
6981	115	0
6982	114	0
6983	115	0
6984	114	0
6985	115	0
6986	114	0
6987	115	0
6988	115	0
6989	115	0
6990	114	0
6991	115	0
6992	115	0
6993	115	0
6994	114	0
6995	115	0
6996	115	0
6997	114	0
6998	114	0
6999	114	0
7000	115	0
7001	115	0
7002	115	0
7003	114	0
7004	115	0
7005	115	0
7006	115	0
7007	114	0
7008	115	0
7009	115	0
7010	115	0
7011	115	0
7012	115	0
7013	114	0
7014	115	0
7015	114	0
7016	115	0
7017	115	0
7018	115	0
7019	115	0
7020	115	0
7021	115	0
7022	115	0
7023	114	0
7024	115	0
7025	115	0
7026	115	0
7027	115	0
7028	115	0
7029	115	0
7030	113	0
7031	115	0
7032	115	0
7033	115	0
7034	115	0
7035	114	0
7036	114	0
7037	114	0
7038	114	0
7039	114	0
7040	115	0
7041	114	0
7042	115	0
7043	114	0
7044	115	0
7045	115	0
7046	114	0
7047	114	0
7048	114	0
7049	115	0
7050	114	0
7051	114	0
7052	114	0
7053	114	0
7054	115	0
7055	115	0
7056	115	0
7057	115	0
7058	115	0
7059	115	0
7060	115	0
7061	115	0
7062	114	0
7063	114	0
7064	114	0
7065	115	0
7066	114	0
7067	115	0
7068	115	0
7069	115	0
7070	114	0
7071	114	0
7072	113	0
7073	114	0
7074	115	0
7075	115	0
7076	114	0
7077	114	0
7078	115	0
7079	115	0
7080	114	0
7081	115	0
7082	115	0
7083	115	0
7084	114	0
7085	115	0
7086	115	0
7087	115	0
7088	115	0
7089	114	0
7090	115	0
7091	114	0
7092	115	0
7093	115	0
7094	115	0
7095	115	0
7096	115	0
7097	115	0
7098	114	0
7099	115	0
7100	115	0
7101	114	0
7102	114	0
7103	115	0
7104	115	0
7105	114	0
7106	115	0
7107	114	0
7108	115	0
7109	115	0
7110	115	0
7111	115	0
7112	115	0
7113	114	0
7114	114	0
7115	114	0
7116	115	0
7117	115	0
7118	115	0
7119	115	0
7120	115	0
7121	115	0
7122	114	0
7123	115	0
7124	114	0
7125	115	0
7126	115	0
7127	115	0
7128	114	0
7129	115	0
7130	114	0
7131	114	0
7132	114	0
7133	115	0
7134	114	0
7135	115	0
7136	114	0
7137	114	0
7138	115	0
7139	115	0
7140	115	0
7141	115	0
7142	114	0
7143	115	0
7144	115	0
7145	115	0
7146	114	0
7147	115	0
7148	114	0
7149	115	0
7150	115	0
7151	115	0
7152	115	0
7153	115	0
7154	114	0
7155	114	0
7156	114	0
7157	114	0
7158	114	0
7159	115	0
7160	115	0
7161	114	0
7162	115	0
7163	114	0
7164	114	0
7165	115	0
7166	115	0
7167	115	0
7168	114	0
7169	115	0
7170	114	0
7171	114	0
7172	115	0
7173	115	0
7174	115	0
7175	114	0
7176	114	0
7177	114	0
7178	115	0
7179	115	0
7180	115	0
7181	115	0
7182	115	0
7183	115	0
7184	115	0
7185	115	0
7186	115	0
7187	115	0
7188	114	0
7189	114	0
7190	114	0
7191	114	0
7192	114	0
7193	115	0
7194	115	0
7195	115	0
7196	114	0
7197	115	0
7198	114	0
7199	114	0
7200	114	0
7201	115	0
7202	115	0
7203	115	0
7204	114	0
7205	115	0
7206	114	0
7207	114	0
7208	113	0
7209	114	0
7210	115	0
7211	114	0
7212	115	0
7213	115	0
7214	115	0
7215	114	0
7216	115	0
7217	114	0
7218	115	0
7219	114	0
7220	115	0
7221	115	0
7222	115	0
7223	115	0
7224	115	0
7225	115	0
7226	115	0
7227	115	0
7228	114	0
7229	114	0
7230	114	0
7231	114	0
7232	115	0
7233	115	0
7234	114	0
7235	115	0
7236	114	0
7237	115	0
7238	115	0
7239	115	0
7240	115	0
7241	115	0
7242	114	0
7243	114	0
7244	115	0
7245	115	0
7246	115	0
7247	115	0
7248	115	0
7249	115	0
7250	114	0
7251	114	0
7252	114	0
7253	115	0
7254	114	0
7255	115	0
7256	115	0
7257	115	0
7258	115	0
7259	115	0
7260	115	0
7261	114	0
7262	114	0
7263	115	0
7264	115	0
7265	115	0
7266	114	0
7267	115	0
7268	114	0
7269	113	0
7270	114	0
7271	115	0
7272	115	0
7273	114	0
7274	115	0
7275	114	0
7276	114	0
7277	114	0
7278	115	0
7279	115	0
7280	114	0
7281	114	0
7282	114	0
7283	115	0
7284	114	0
7285	115	0
7286	114	0
7287	114	0
7288	115	0
7289	115	0
7290	114	0
7291	115	0
7292	114	0
7293	114	0
7294	114	0
7295	115	0
7296	115	0
7297	114	0
7298	114	0
7299	114	0
7300	115	0
7301	114	0
7302	115	0
7303	114	0
7304	115	0
7305	114	0
7306	115	0
7307	114	0
7308	115	0
7309	115	0
7310	115	0
7311	114	0
7312	115	0
7313	115	0
7314	114	0
7315	115	0
7316	115	0
7317	115	0
7318	115	0
7319	115	0
7320	115	0
7321	116	0
7322	115	0
7323	115	0
7324	114	0
7325	114	0
7326	115	0
7327	114	0
7328	114	0
7329	115	0
7330	115	0
7331	115	0
7332	115	0
7333	114	0
7334	114	0
7335	115	0
7336	114	0
7337	114	0
7338	115	0
7339	115	0
7340	115	0
7341	114	0
7342	115	0
7343	114	0
7344	115	0
7345	115	0
7346	115	0
7347	114	0
7348	114	0
7349	114	0
7350	115	0
7351	114	0
7352	115	0
7353	114	0
7354	115	0
7355	115	0
7356	116	0
7357	115	0
7358	114	0
7359	114	0
7360	114	0
7361	115	0
7362	115	0
7363	115	0
7364	114	0
7365	114	0
7366	115	0
7367	115	0
7368	115	0
7369	115	0
7370	114	0
7371	115	0
7372	114	0
7373	114	0
7374	114	0
7375	115	0
7376	115	0
7377	115	0
7378	115	0
7379	114	0
7380	115	0
7381	115	0
7382	115	0
7383	115	0
7384	115	0
7385	115	0
7386	115	0
7387	114	0
7388	115	0
7389	115	0
7390	115	0
7391	114	0
7392	114	0
7393	115	0
7394	115	0
7395	115	0
7396	115	0
7397	114	0
7398	115	0
7399	115	0
7400	114	0
7401	114	0
7402	114	0
7403	115	0
7404	115	0
7405	115	0
7406	115	0
7407	114	0
7408	115	0
7409	114	0
7410	115	0
7411	115	0
7412	114	0
7413	115	0
7414	114	0
7415	114	0
7416	114	0
7417	115	0
7418	115	0
7419	115	0
7420	115	0
7421	114	0
7422	114	0
7423	115	0
7424	115	0
7425	115	0
7426	114	0
7427	114	0
7428	115	0
7429	115	0
7430	114	0
7431	115	0
7432	114	0
7433	114	0
7434	114	0
7435	115	0
7436	115	0
7437	115	0
7438	115	0
7439	114	0
7440	115	0
7441	114	0
7442	115	0
7443	115	0
7444	115	0
7445	115	0
7446	115	0
7447	115	0
7448	115	0
7449	115	0
7450	115	0
7451	115	0
7452	115	0
7453	115	0
7454	114	0
7455	115	0
7456	115	0
7457	115	0
7458	115	0
7459	114	0
7460	114	0
7461	114	0
7462	114	0
7463	115	0
7464	115	0
7465	115	0
7466	114	0
7467	114	0
7468	114	0
7469	115	0
7470	115	0
7471	115	0
7472	114	0
7473	115	0
7474	115	0
7475	114	0
7476	115	0
7477	115	0
7478	115	0
7479	114	0
7480	115	0
7481	115	0
7482	115	0
7483	115	0
7484	114	0
7485	115	0
7486	115	0
7487	115	0
7488	115	0
7489	115	0
7490	115	0
7491	114	0
7492	115	0
7493	115	0
7494	115	0
7495	115	0
7496	115	0
7497	115	0
7498	115	0
7499	115	0
7500	115	0
7501	115	0
7502	114	0
7503	115	0
7504	114	0
7505	115	0
7506	115	0
7507	114	0
7508	114	0
7509	115	0
7510	115	0
7511	114	0
7512	115	0
7513	115	0
7514	115	0
7515	115	0
7516	115	0
7517	115	0
7518	115	0
7519	115	0
7520	115	0
7521	115	0
7522	114	0
7523	115	0
7524	114	0
7525	114	0
7526	114	0
7527	115	0
7528	114	0
7529	115	0
7530	114	0
7531	114	0
7532	115	0
7533	115	0
7534	114	0
7535	115	0
7536	114	0
7537	114	0
7538	114	0
7539	115	0
7540	114	0
7541	114	0
7542	114	0
7543	114	0
7544	114	0
7545	115	0
7546	114	0
7547	114	0
7548	115	0
7549	115	0
7550	115	0
7551	115	0
7552	115	0
7553	115	0
7554	115	0
7555	114	0
7556	114	0
7557	114	0
7558	114	0
7559	114	0
7560	115	0
7561	114	0
7562	114	0
7563	114	0
7564	115	0
7565	115	0
7566	115	0
7567	114	0
7568	114	0
7569	115	0
7570	114	0
7571	115	0
7572	115	0
7573	114	0
7574	115	0
7575	115	0
7576	114	0
7577	115	0
7578	114	0
7579	115	0
7580	115	0
7581	115	0
7582	115	0
7583	115	0
7584	115	0
7585	115	0
7586	115	0
7587	115	0
7588	115	0
7589	115	0
7590	115	0
7591	115	0
7592	115	0
7593	114	0
7594	114	0
7595	114	0
7596	115	0
7597	115	0
7598	115	0
7599	114	0
7600	115	0
7601	114	0
7602	114	0
7603	115	0
7604	115	0
7605	115	0
7606	115	0
7607	115	0
7608	115	0
7609	114	0
7610	114	0
7611	115	0
7612	115	0
7613	114	0
7614	114	0
7615	114	0
7616	115	0
7617	114	0
7618	115	0
7619	114	0
7620	114	0
7621	114	0
7622	115	0
7623	114	0
7624	114	0
7625	114	0
7626	113	0
7627	115	0
7628	114	0
7629	115	0
7630	114	0
7631	115	0
7632	114	0
7633	115	0
7634	114	0
7635	115	0
7636	123	0
7637	147	0
7638	169	0
7639	186	0
7640	196	0
7641	198	0
7642	189	0
7643	171	0
7644	147	0
7645	126	0
7646	115	0
7647	113	0
7648	113	0
7649	113	0
7650	114	0
7651	115	0
7652	115	0
7653	117	0
7654	117	0
7655	118	0
7656	118	0
7657	117	0
7658	115	0
7659	115	0
7660	115	0
7661	114	0
7662	115	0
7663	115	0
7664	114	0
7665	114	0
7666	114	0
7667	114	0
7668	115	0
7669	114	0
7670	114	0
7671	115	0
7672	115	0
7673	114	0
7674	115	0
7675	115	0
7676	114	0
7677	115	0
7678	115	0
7679	114	0
7680	115	0
7681	115	0
7682	115	0
7683	114	0
7684	114	0
7685	115	0
7686	115	0
7687	115	0
7688	115	0
7689	114	0
7690	115	0
7691	114	0
7692	115	0
7693	115	0
7694	115	0
7695	115	0
7696	115	0
7697	115	0
7698	115	0
7699	115	0
7700	115	0
7701	114	0
7702	115	0
7703	114	0
7704	114	0
7705	114	0
7706	115	0
7707	115	0
7708	116	0
7709	114	0
7710	115	0
7711	114	0
7712	115	0
7713	115	0
7714	115	0
7715	115	0
7716	115	0
7717	115	0
7718	114	0
7719	115	0
7720	115	0
7721	114	0
7722	115	0
7723	115	0
7724	115	0
7725	114	0
7726	115	0
7727	114	0
7728	115	0
7729	115	0
7730	115	0
7731	115	0
7732	115	0
7733	115	0
7734	115	0
7735	115	0
7736	115	0
7737	115	0
7738	115	0
7739	115	0
7740	115	0
7741	114	0
7742	115	0
7743	114	0
7744	115	0
7745	113	0
7746	114	0
7747	114	0
7748	115	0
7749	115	0
7750	115	0
7751	115	0
7752	115	0
7753	115	0
7754	114	0
7755	115	0
7756	115	0
7757	115	0
7758	115	0
7759	115	0
7760	115	0
7761	114	0
7762	114	0
7763	114	0
7764	115	0
7765	114	0
7766	115	0
7767	114	0
7768	114	0
7769	115	0
7770	115	0
7771	115	0
7772	115	0
7773	115	0
7774	115	0
7775	114	0
7776	114	0
7777	115	0
7778	114	0
7779	115	0
7780	115	0
7781	115	0
7782	115	0
7783	115	0
7784	115	0
7785	114	0
7786	114	0
7787	115	0
7788	115	0
7789	114	0
7790	115	0
7791	114	0
7792	114	0
7793	114	0
7794	115	0
7795	115	0
7796	115	0
7797	115	0
7798	115	0
7799	114	0
7800	114	0
7801	114	0
7802	114	0
7803	115	0
7804	115	0
7805	114	0
7806	114	0
7807	115	0
7808	115	0
7809	115	0
7810	115	0
7811	114	0
7812	114	0
7813	114	0
7814	115	0
7815	115	0
7816	115	0
7817	115	0
7818	115	0
7819	116	0
7820	115	0
7821	114	0
7822	115	0
7823	115	0
7824	115	0
7825	116	0
7826	115	0
7827	115	0
7828	115	0
7829	115	0
7830	115	0
7831	115	0
7832	114	0
7833	115	0
7834	114	0
7835	115	0
7836	115	0
7837	115	0
7838	115	0
7839	115	0
7840	114	0
7841	115	0
7842	114	0
7843	115	0
7844	114	0
7845	115	0
7846	115	0
7847	115	0
7848	115	0
7849	115	0
7850	115	0
7851	115	0
7852	115	0
7853	114	0
7854	114	0
7855	115	0
7856	114	0
7857	115	0
7858	114	0
7859	115	0
7860	115	0
7861	115	0
7862	115	0
7863	114	0
7864	114	0
7865	114	0
7866	115	0
7867	114	0
7868	115	0
7869	115	0
7870	114	0
7871	115	0
7872	115	0
7873	115	0
7874	115	0
7875	115	0
7876	115	0
7877	114	0
7878	115	0
7879	114	0
7880	115	0
7881	115	0
7882	114	0
7883	114	0
7884	114	0
7885	115	0
7886	115	0
7887	115	0
7888	115	0
7889	115	0
7890	115	0
7891	114	0
7892	115	0
7893	115	0
7894	115	0
7895	115	0
7896	115	0
7897	115	0
7898	114	0
7899	115	0
7900	115	0
7901	115	0
7902	115	0
7903	115	0
7904	115	0
7905	115	0
7906	115	0
7907	115	0
7908	115	0
7909	115	0
7910	114	0
7911	115	0
7912	114	0
7913	115	0
7914	115	0
7915	115	0
7916	115	0
7917	115	0
7918	115	0
7919	115	0
7920	113	0
7921	115	0
7922	114	0
7923	115	0
7924	115	0
7925	115	0
7926	115	0
7927	115	0
7928	115	0
7929	115	0
7930	114	0
7931	115	0
7932	114	0
7933	114	0
7934	115	0
7935	115	0
7936	115	0
7937	116	0
7938	115	0
7939	114	0
7940	115	0
7941	115	0
7942	114	0
7943	115	0
7944	115	0
7945	115	0
7946	115	0
7947	115	0
7948	114	0
7949	114	0
7950	115	0
7951	115	0
7952	115	0
7953	115	0
7954	114	0
7955	114	0
7956	115	0
7957	115	0
7958	115	0
7959	115	0
7960	114	0
7961	115	0
7962	114	0
7963	115	0
7964	115	0
7965	115	0
7966	114	0
7967	115	0
7968	115	0
7969	114	0
7970	114	0
7971	115	0
7972	115	0
7973	115	0
7974	115	0
7975	114	0
7976	115	0
7977	115	0
7978	115	0
7979	115	0
7980	115	0
7981	115	0
7982	115	0
7983	114	0
7984	115	0
7985	114	0
7986	114	0
7987	114	0
7988	115	0
7989	115	0
7990	115	0
7991	115	0
7992	115	0
7993	115	0
7994	114	0
7995	115	0
7996	114	0
7997	115	0
7998	115	0
7999	115	0
