Oscilloscope data. 
Time step = 10,00 nS
Voltage step = 1,563 mV
Zero level = 22

N 	Smpl.	Trig

0	58	0
1	98	0
2	133	0
3	159	0
4	179	0
5	193	0
6	204	0
7	210	0
8	214	0
9	219	0
10	222	0
11	224	0
12	226	0
13	227	0
14	229	0
15	230	0
16	233	0
17	234	0
18	235	0
19	237	0
20	238	0
21	240	0
22	240	0
23	241	0
24	240	0
25	240	0
26	238	0
27	237	0
28	237	0
29	235	0
30	233	0
31	233	0
32	232	0
33	232	0
34	232	0
35	233	0
36	234	0
37	236	0
38	237	0
39	238	0
40	241	0
41	241	0
42	242	0
43	242	0
44	242	0
45	241	0
46	238	0
47	237	0
48	235	0
49	233	0
50	232	0
51	232	0
52	230	0
53	232	0
54	234	0
55	236	0
56	238	0
57	241	0
58	242	0
59	242	0
60	241	0
61	238	0
62	235	0
63	233	0
64	233	0
65	237	0
66	243	0
67	248	0
68	248	0
69	240	0
70	227	0
71	218	0
72	219	0
73	228	0
74	241	0
75	246	0
76	240	0
77	227	0
78	219	0
79	222	0
80	238	0
81	251	0
82	251	0
83	241	0
84	226	0
85	222	0
86	228	0
87	241	0
88	249	0
89	243	0
90	229	0
91	217	0
92	214	0
93	224	0
94	239	0
95	246	0
96	240	0
97	227	0
98	218	0
99	222	0
100	237	0
101	250	0
102	251	0
103	241	0
104	225	0
105	221	0
106	228	0
107	241	0
108	249	0
109	221	0
110	169	0
111	123	0
112	90	0
113	67	0
114	52	0
115	43	0
116	37	0
117	33	0
118	32	0
119	32	0
120	35	0
121	38	0
122	33	0
123	31	0
124	29	0
125	27	0
126	25	0
127	23	0
128	21	0
129	20	0
130	18	0
131	17	0
132	16	0
133	15	0
134	14	0
135	14	0
136	15	0
137	14	0
138	16	0
139	17	0
140	17	0
141	19	0
142	19	0
143	20	0
144	20	0
145	20	0
146	21	0
147	20	0
148	19	0
149	19	0
150	18	0
151	18	0
152	17	0
153	17	0
154	16	0
155	14	0
156	15	0
157	16	0
158	15	0
159	15	0
160	17	0
161	16	0
162	17	0
163	18	0
164	17	0
165	19	0
166	19	0
167	19	0
168	19	0
169	18	0
170	19	0
171	18	0
172	18	0
173	17	0
174	19	0
175	17	0
176	17	0
177	17	0
178	17	0
179	16	0
180	16	0
181	16	0
182	16	0
183	16	0
184	17	0
185	17	0
186	17	0
187	16	0
188	17	0
189	17	0
190	17	0
191	17	0
192	18	0
193	18	0
194	17	0
195	18	0
196	18	0
197	18	0
198	17	0
199	17	0
200	17	0
201	16	0
202	17	0
203	17	0
204	17	0
205	16	0
206	16	0
207	17	0
208	17	0
209	16	0
210	16	0
211	17	0
212	17	0
213	16	0
214	17	0
215	17	0
216	17	0
217	18	0
218	17	0
219	17	0
220	17	0
221	17	0
222	17	0
223	17	0
224	17	0
225	17	0
226	17	0
227	16	0
228	17	0
229	16	0
230	17	0
231	17	0
232	17	0
233	17	0
234	16	0
235	17	0
236	17	0
237	17	0
238	16	0
239	17	0
240	16	0
241	17	0
242	17	0
243	17	0
244	17	0
245	17	0
246	18	0
247	17	0
248	17	0
249	17	0
250	16	0
251	17	0
252	18	0
253	17	0
254	17	0
255	16	0
256	17	0
257	16	0
258	17	0
259	17	0
260	17	0
261	17	0
262	17	0
263	16	0
264	16	0
265	17	0
266	17	0
267	17	0
268	18	0
269	16	0
270	17	0
271	17	0
272	17	0
273	17	0
274	17	0
275	17	0
276	17	0
277	17	0
278	17	0
279	17	0
280	17	0
281	16	0
282	16	0
283	17	0
284	17	0
285	17	0
286	17	0
287	16	0
288	17	0
289	17	0
290	17	0
291	17	0
292	17	0
293	17	0
294	16	0
295	16	0
296	17	0
297	17	0
298	17	0
299	17	0
300	16	0
301	17	0
302	17	0
303	16	0
304	17	0
305	17	0
306	16	0
307	17	0
308	17	0
309	17	0
310	16	0
311	17	0
312	17	0
313	16	0
314	17	0
315	16	0
316	17	0
317	17	0
318	17	0
319	17	0
320	16	0
321	17	0
322	17	0
323	17	0
324	16	0
325	16	0
326	17	0
327	17	0
328	16	0
329	17	0
330	17	0
331	17	0
332	17	0
333	17	0
334	17	0
335	17	0
336	16	0
337	17	0
338	17	0
339	17	0
340	17	0
341	16	0
342	17	0
343	17	0
344	17	0
345	17	0
346	16	0
347	17	0
348	17	0
349	17	0
350	17	0
351	17	0
352	17	0
353	17	0
354	17	0
355	16	0
356	17	0
357	17	0
358	17	0
359	17	0
360	17	0
361	17	0
362	17	0
363	17	0
364	16	0
365	17	0
366	17	0
367	17	0
368	17	0
369	17	0
370	17	0
371	17	0
372	16	0
373	17	0
374	17	0
375	17	0
376	17	0
377	17	0
378	17	0
379	17	0
380	16	0
381	17	0
382	17	0
383	17	0
384	17	0
385	17	0
386	16	0
387	17	0
388	16	0
389	17	0
390	17	0
391	17	0
392	17	0
393	17	0
394	16	0
395	16	0
396	17	0
397	17	0
398	17	0
399	17	0
400	17	0
401	17	0
402	16	0
403	17	0
404	16	0
405	17	0
406	17	0
407	17	0
408	17	0
409	17	0
410	17	0
411	17	0
412	16	0
413	16	0
414	17	0
415	17	0
416	17	0
417	17	0
418	16	0
419	17	0
420	17	0
421	17	0
422	16	0
423	17	0
424	17	0
425	17	0
426	17	0
427	17	0
428	17	0
429	17	0
430	17	0
431	17	0
432	17	0
433	17	0
434	17	0
435	17	0
436	18	0
437	18	0
438	17	0
439	17	0
440	16	0
441	17	0
442	16	0
443	17	0
444	17	0
445	17	0
446	17	0
447	17	0
448	16	0
449	17	0
450	17	0
451	16	0
452	17	0
453	17	0
454	17	0
455	17	0
456	17	0
457	16	0
458	17	0
459	16	0
460	17	0
461	17	0
462	16	0
463	17	0
464	17	0
465	17	0
466	17	0
467	16	0
468	17	0
469	16	0
470	17	0
471	17	0
472	16	0
473	16	0
474	17	0
475	17	0
476	16	0
477	17	0
478	17	0
479	18	0
480	17	0
481	17	0
482	17	0
483	17	0
484	17	0
485	17	0
486	16	0
487	17	0
488	17	0
489	17	0
490	16	0
491	17	0
492	17	0
493	16	0
494	17	0
495	17	0
496	17	0
497	17	0
498	16	0
499	17	0
500	17	0
501	17	0
502	16	0
503	16	0
504	17	0
505	17	0
506	17	0
507	17	0
508	17	0
509	17	0
510	16	0
511	17	0
512	17	0
513	17	0
514	17	0
515	17	0
516	16	0
517	17	0
518	17	0
519	17	0
520	17	0
521	15	0
522	14	0
523	15	0
524	15	0
525	15	0
526	16	0
527	16	0
528	16	0
529	16	0
530	16	0
531	17	0
532	17	0
533	17	0
534	16	0
535	17	0
536	16	0
537	17	0
538	16	0
539	17	0
540	16	0
541	17	0
542	16	0
543	17	0
544	17	0
545	16	0
546	17	0
547	17	0
548	17	0
549	16	0
550	17	0
551	17	0
552	17	0
553	17	0
554	17	0
555	17	0
556	17	0
557	17	0
558	17	0
559	17	0
560	17	0
561	16	0
562	17	0
563	16	0
564	17	0
565	17	0
566	17	0
567	16	0
568	17	0
569	17	0
570	17	0
571	16	0
572	17	0
573	17	0
574	16	0
575	17	0
576	17	0
577	17	0
578	17	0
579	17	0
580	17	0
581	17	0
582	17	0
583	17	0
584	17	0
585	17	0
586	17	0
587	17	0
588	17	0
589	18	0
590	17	0
591	17	0
592	17	0
593	17	0
594	17	0
595	17	0
596	17	0
597	16	0
598	17	0
599	17	0
600	17	0
601	17	0
602	17	0
603	17	0
604	17	0
605	17	0
606	16	0
607	17	0
608	17	0
609	16	0
610	17	0
611	17	0
612	17	0
613	17	0
614	16	0
615	17	0
616	17	0
617	17	0
618	16	0
619	16	0
620	17	0
621	17	0
622	17	0
623	17	0
624	16	0
625	17	0
626	17	0
627	17	0
628	17	0
629	17	0
630	17	0
631	16	0
632	17	0
633	17	0
634	16	0
635	17	0
636	17	0
637	17	0
638	16	0
639	17	0
640	17	0
641	17	0
642	17	0
643	17	0
644	17	0
645	17	0
646	17	0
647	17	0
648	16	0
649	16	0
650	17	0
651	17	0
652	17	0
653	17	0
654	17	0
655	17	0
656	16	0
657	16	0
658	17	0
659	17	0
660	16	0
661	17	0
662	17	0
663	16	0
664	16	0
665	16	0
666	17	0
667	17	0
668	18	0
669	17	0
670	16	0
671	17	0
672	16	0
673	16	0
674	17	0
675	17	0
676	17	0
677	17	0
678	17	0
679	17	0
680	17	0
681	17	0
682	17	0
683	17	0
684	17	0
685	16	0
686	17	0
687	17	0
688	17	0
689	17	0
690	17	0
691	17	0
692	17	0
693	16	0
694	17	0
695	17	0
696	17	0
697	17	0
698	17	0
699	17	0
700	17	0
701	17	0
702	17	0
703	17	0
704	17	0
705	16	0
706	17	0
707	16	0
708	17	0
709	16	0
710	17	0
711	17	0
712	17	0
713	16	0
714	16	0
715	17	0
716	17	0
717	17	0
718	17	0
719	16	0
720	17	0
721	17	0
722	17	0
723	17	0
724	17	0
725	17	0
726	17	0
727	17	0
728	17	0
729	17	0
730	17	0
731	16	0
732	17	0
733	17	0
734	17	0
735	17	0
736	17	0
737	17	0
738	17	0
739	16	0
740	17	0
741	17	0
742	17	0
743	17	0
744	17	0
745	17	0
746	17	0
747	17	0
748	17	0
749	17	0
750	16	0
751	17	0
752	16	0
753	17	0
754	17	0
755	17	0
756	17	0
757	17	0
758	17	0
759	16	0
760	16	0
761	16	0
762	16	0
763	17	0
764	18	0
765	16	0
766	17	0
767	17	0
768	16	0
769	17	0
770	16	0
771	17	0
772	17	0
773	17	0
774	17	0
775	17	0
776	17	0
777	17	0
778	16	0
779	17	0
780	17	0
781	16	0
782	18	0
783	18	0
784	18	0
785	17	0
786	17	0
787	16	0
788	17	0
789	17	0
790	17	0
791	17	0
792	17	0
793	17	0
794	17	0
795	18	0
796	17	0
797	17	0
798	16	0
799	16	0
800	16	0
801	17	0
802	17	0
803	17	0
804	17	0
805	17	0
806	17	0
807	17	0
808	16	0
809	17	0
810	17	0
811	17	0
812	17	0
813	17	0
814	17	0
815	17	0
816	17	0
817	17	0
818	17	0
819	17	0
820	17	0
821	18	0
822	17	0
823	16	0
824	17	0
825	17	0
826	17	0
827	17	0
828	16	0
829	17	0
830	17	0
831	16	0
832	17	0
833	16	0
834	17	0
835	17	0
836	17	0
837	17	0
838	17	0
839	17	0
840	16	0
841	17	0
842	16	0
843	17	0
844	17	0
845	17	0
846	16	0
847	16	0
848	17	0
849	18	0
850	17	0
851	17	0
852	17	0
853	17	0
854	16	0
855	17	0
856	16	0
857	17	0
858	17	0
859	18	0
860	17	0
861	17	0
862	17	0
863	17	0
864	17	0
865	17	0
866	17	0
867	17	0
868	17	0
869	17	0
870	17	0
871	17	0
872	16	0
873	17	0
874	17	0
875	17	0
876	17	0
877	16	0
878	17	0
879	17	0
880	17	0
881	17	0
882	17	0
883	17	0
884	17	0
885	17	0
886	17	0
887	17	0
888	17	0
889	17	0
890	17	0
891	18	0
892	17	0
893	17	0
894	17	0
895	17	0
896	17	0
897	18	0
898	16	0
899	16	0
900	17	0
901	17	0
902	17	0
903	17	0
904	17	0
905	17	0
906	17	0
907	17	0
908	17	0
909	17	0
910	17	0
911	18	0
912	18	0
913	18	0
914	19	0
915	18	0
916	18	0
917	18	0
918	17	0
919	17	0
920	18	0
921	17	0
922	17	0
923	18	0
924	17	0
925	18	0
926	16	0
927	17	0
928	18	0
929	17	0
930	18	0
931	16	0
932	17	0
933	17	0
934	17	0
935	18	0
936	17	0
937	17	0
938	16	0
939	17	0
940	17	0
941	17	0
942	16	0
943	16	0
944	17	0
945	17	0
946	16	0
947	17	0
948	16	0
949	28	0
950	65	0
951	105	0
952	138	0
953	163	0
954	182	0
955	195	0
956	205	0
957	211	0
958	215	0
959	220	0
960	222	0
961	225	0
962	226	0
963	227	0
964	229	0
965	231	0
966	233	0
967	234	0
968	235	0
969	237	0
970	238	0
971	240	0
972	240	0
973	241	0
974	240	0
975	239	0
976	238	0
977	237	0
978	236	0
979	234	0
980	233	0
981	232	0
982	233	0
983	233	0
984	234	0
985	234	0
986	235	0
987	236	0
988	237	0
989	238	0
990	238	0
991	240	0
992	241	0
993	240	0
994	241	0
995	240	0
996	240	0
997	238	0
998	237	0
999	236	0
1000	235	0
1001	235	0
1002	234	0
1003	233	0
1004	233	0
1005	232	0
1006	233	0
1007	234	0
1008	235	0
1009	237	0
1010	238	0
1011	240	0
1012	242	0
1013	243	0
1014	245	0
1015	245	0
1016	244	0
1017	241	0
1018	237	0
1019	233	0
1020	228	0
1021	226	0
1022	226	0
1023	229	0
1024	234	0
1025	242	0
1026	246	0
1027	245	0
1028	237	0
1029	227	0
1030	224	0
1031	231	0
1032	245	0
1033	254	0
1034	250	0
1035	237	0
1036	223	0
1037	220	0
1038	228	0
1039	240	0
1040	246	0
1041	238	0
1042	225	0
1043	214	0
1044	216	0
1045	229	0
1046	244	0
1047	247	0
1048	240	0
1049	226	0
1050	220	0
1051	226	0
1052	242	0
1053	253	0
1054	250	0
1055	236	0
1056	222	0
1057	218	0
1058	227	0
1059	208	0
1060	166	0
1061	132	0
1062	105	0
1063	83	0
1064	66	0
1065	52	0
1066	40	0
1067	33	0
1068	28	0
1069	24	0
1070	25	0
1071	27	0
1072	22	0
1073	23	0
1074	22	0
1075	22	0
1076	23	0
1077	24	0
1078	23	0
1079	22	0
1080	22	0
1081	22	0
1082	22	0
1083	22	0
1084	19	0
1085	18	0
1086	17	0
1087	17	0
1088	17	0
1089	15	0
1090	14	0
1091	15	0
1092	14	0
1093	14	0
1094	17	0
1095	17	0
1096	16	0
1097	17	0
1098	17	0
1099	19	0
1100	19	0
1101	20	0
1102	19	0
1103	19	0
1104	20	0
1105	19	0
1106	19	0
1107	19	0
1108	17	0
1109	16	0
1110	17	0
1111	16	0
1112	17	0
1113	16	0
1114	16	0
1115	16	0
1116	16	0
1117	17	0
1118	17	0
1119	17	0
1120	17	0
1121	17	0
1122	18	0
1123	18	0
1124	18	0
1125	18	0
1126	18	0
1127	20	0
1128	18	0
1129	18	0
1130	17	0
1131	17	0
1132	18	0
1133	17	0
1134	17	0
1135	17	0
1136	16	0
1137	16	0
1138	17	0
1139	16	0
1140	16	0
1141	16	0
1142	16	0
1143	16	0
1144	17	0
1145	17	0
1146	16	0
1147	17	0
1148	17	0
1149	17	0
1150	18	0
1151	18	0
1152	18	0
1153	17	0
1154	17	0
1155	18	0
1156	17	0
1157	17	0
1158	17	0
1159	16	0
1160	16	0
1161	17	0
1162	17	0
1163	16	0
1164	17	0
1165	16	0
1166	17	0
1167	17	0
1168	16	0
1169	16	0
1170	17	0
1171	17	0
1172	17	0
1173	17	0
1174	16	0
1175	18	0
1176	17	0
1177	17	0
1178	17	0
1179	17	0
1180	17	0
1181	17	0
1182	17	0
1183	16	0
1184	17	0
1185	17	0
1186	17	0
1187	17	0
1188	17	0
1189	17	0
1190	16	0
1191	17	0
1192	17	0
1193	17	0
1194	17	0
1195	17	0
1196	17	0
1197	17	0
1198	17	0
1199	17	0
1200	17	0
1201	17	0
1202	17	0
1203	17	0
1204	17	0
1205	17	0
1206	17	0
1207	18	0
1208	17	0
1209	18	0
1210	17	0
1211	17	0
1212	17	0
1213	17	0
1214	17	0
1215	17	0
1216	17	0
1217	17	0
1218	17	0
1219	17	0
1220	16	0
1221	17	0
1222	17	0
1223	17	0
1224	16	0
1225	17	0
1226	17	0
1227	17	0
1228	17	0
1229	17	0
1230	17	0
1231	17	0
1232	17	0
1233	17	0
1234	17	0
1235	17	0
1236	17	0
1237	17	0
1238	17	0
1239	16	0
1240	17	0
1241	17	0
1242	18	0
1243	16	0
1244	16	0
1245	17	0
1246	17	0
1247	17	0
1248	17	0
1249	17	0
1250	17	0
1251	17	0
1252	17	0
1253	18	0
1254	16	0
1255	16	0
1256	18	0
1257	17	0
1258	17	0
1259	17	0
1260	17	0
1261	16	0
1262	16	0
1263	17	0
1264	17	0
1265	16	0
1266	18	0
1267	16	0
1268	17	0
1269	17	0
1270	17	0
1271	16	0
1272	16	0
1273	17	0
1274	16	0
1275	16	0
1276	18	0
1277	17	0
1278	17	0
1279	17	0
1280	16	0
1281	17	0
1282	17	0
1283	17	0
1284	16	0
1285	17	0
1286	17	0
1287	17	0
1288	16	0
1289	17	0
1290	17	0
1291	16	0
1292	17	0
1293	17	0
1294	17	0
1295	17	0
1296	17	0
1297	17	0
1298	17	0
1299	17	0
1300	17	0
1301	17	0
1302	17	0
1303	17	0
1304	17	0
1305	16	0
1306	17	0
1307	17	0
1308	17	0
1309	17	0
1310	17	0
1311	17	0
1312	16	0
1313	17	0
1314	17	0
1315	17	0
1316	17	0
1317	17	0
1318	17	0
1319	17	0
1320	17	0
1321	17	0
1322	16	0
1323	17	0
1324	17	0
1325	17	0
1326	17	0
1327	17	0
1328	17	0
1329	17	0
1330	17	0
1331	17	0
1332	16	0
1333	17	0
1334	17	0
1335	17	0
1336	16	0
1337	17	0
1338	16	0
1339	17	0
1340	17	0
1341	17	0
1342	17	0
1343	16	0
1344	16	0
1345	17	0
1346	16	0
1347	17	0
1348	17	0
1349	17	0
1350	17	0
1351	17	0
1352	18	0
1353	17	0
1354	17	0
1355	17	0
1356	16	0
1357	17	0
1358	17	0
1359	16	0
1360	17	0
1361	17	0
1362	18	0
1363	16	0
1364	17	0
1365	17	0
1366	17	0
1367	17	0
1368	17	0
1369	16	0
1370	17	0
1371	17	0
1372	17	0
1373	17	0
1374	17	0
1375	16	0
1376	17	0
1377	17	0
1378	17	0
1379	16	0
1380	16	0
1381	17	0
1382	16	0
1383	16	0
1384	16	0
1385	17	0
1386	16	0
1387	17	0
1388	17	0
1389	17	0
1390	16	0
1391	17	0
1392	17	0
1393	17	0
1394	16	0
1395	16	0
1396	17	0
1397	17	0
1398	17	0
1399	16	0
1400	17	0
1401	17	0
1402	16	0
1403	16	0
1404	17	0
1405	17	0
1406	17	0
1407	17	0
1408	17	0
1409	17	0
1410	17	0
1411	16	0
1412	17	0
1413	16	0
1414	16	0
1415	17	0
1416	17	0
1417	17	0
1418	16	0
1419	17	0
1420	17	0
1421	16	0
1422	17	0
1423	17	0
1424	17	0
1425	17	0
1426	17	0
1427	17	0
1428	17	0
1429	17	0
1430	17	0
1431	17	0
1432	17	0
1433	17	0
1434	16	0
1435	17	0
1436	17	0
1437	16	0
1438	17	0
1439	16	0
1440	17	0
1441	17	0
1442	17	0
1443	16	0
1444	16	0
1445	17	0
1446	17	0
1447	17	0
1448	17	0
1449	17	0
1450	16	0
1451	17	0
1452	17	0
1453	17	0
1454	17	0
1455	17	0
1456	17	0
1457	17	0
1458	16	0
1459	16	0
1460	17	0
1461	17	0
1462	17	0
1463	17	0
1464	17	0
1465	17	0
1466	16	0
1467	17	0
1468	17	0
1469	17	0
1470	17	0
1471	16	0
1472	17	0
1473	16	0
1474	16	0
1475	15	0
1476	16	0
1477	15	0
1478	16	0
1479	14	0
1480	16	0
1481	17	0
1482	17	0
1483	17	0
1484	17	0
1485	17	0
1486	17	0
1487	17	0
1488	17	0
1489	17	0
1490	17	0
1491	17	0
1492	16	0
1493	17	0
1494	16	0
1495	17	0
1496	17	0
1497	17	0
1498	17	0
1499	16	0
1500	17	0
1501	16	0
1502	16	0
1503	17	0
1504	16	0
1505	17	0
1506	16	0
1507	17	0
1508	17	0
1509	17	0
1510	17	0
1511	16	0
1512	17	0
1513	17	0
1514	17	0
1515	17	0
1516	16	0
1517	17	0
1518	17	0
1519	17	0
1520	16	0
1521	16	0
1522	17	0
1523	17	0
1524	16	0
1525	17	0
1526	17	0
1527	17	0
1528	17	0
1529	17	0
1530	17	0
1531	17	0
1532	17	0
1533	17	0
1534	17	0
1535	17	0
1536	17	0
1537	17	0
1538	17	0
1539	17	0
1540	17	0
1541	18	0
1542	17	0
1543	17	0
1544	17	0
1545	17	0
1546	17	0
1547	17	0
1548	16	0
1549	17	0
1550	17	0
1551	16	0
1552	17	0
1553	17	0
1554	17	0
1555	17	0
1556	17	0
1557	18	0
1558	16	0
1559	16	0
1560	17	0
1561	17	0
1562	17	0
1563	16	0
1564	17	0
1565	17	0
1566	17	0
1567	16	0
1568	17	0
1569	17	0
1570	17	0
1571	16	0
1572	17	0
1573	17	0
1574	16	0
1575	17	0
1576	17	0
1577	17	0
1578	17	0
1579	17	0
1580	17	0
1581	17	0
1582	16	0
1583	17	0
1584	17	0
1585	17	0
1586	17	0
1587	16	0
1588	17	0
1589	17	0
1590	16	0
1591	17	0
1592	16	0
1593	18	0
1594	17	0
1595	17	0
1596	16	0
1597	17	0
1598	18	0
1599	18	0
1600	17	0
1601	17	0
1602	16	0
1603	17	0
1604	17	0
1605	17	0
1606	17	0
1607	17	0
1608	17	0
1609	17	0
1610	17	0
1611	17	0
1612	17	0
1613	17	0
1614	17	0
1615	17	0
1616	17	0
1617	17	0
1618	17	0
1619	17	0
1620	17	0
1621	17	0
1622	17	0
1623	16	0
1624	16	0
1625	17	0
1626	16	0
1627	17	0
1628	17	0
1629	17	0
1630	17	0
1631	17	0
1632	16	0
1633	17	0
1634	16	0
1635	16	0
1636	17	0
1637	17	0
1638	17	0
1639	17	0
1640	17	0
1641	17	0
1642	17	0
1643	16	0
1644	17	0
1645	17	0
1646	17	0
1647	16	0
1648	17	0
1649	17	0
1650	17	0
1651	17	0
1652	17	0
1653	17	0
1654	16	0
1655	17	0
1656	17	0
1657	17	0
1658	17	0
1659	17	0
1660	17	0
1661	17	0
1662	17	0
1663	17	0
1664	18	0
1665	17	0
1666	17	0
1667	16	0
1668	17	0
1669	17	0
1670	17	0
1671	17	0
1672	16	0
1673	17	0
1674	17	0
1675	17	0
1676	17	0
1677	18	0
1678	17	0
1679	17	0
1680	17	0
1681	17	0
1682	17	0
1683	17	0
1684	16	0
1685	17	0
1686	17	0
1687	17	0
1688	17	0
1689	17	0
1690	17	0
1691	17	0
1692	17	0
1693	17	0
1694	17	0
1695	17	0
1696	17	0
1697	17	0
1698	17	0
1699	17	0
1700	17	0
1701	16	0
1702	17	0
1703	17	0
1704	17	0
1705	17	0
1706	16	0
1707	17	0
1708	17	0
1709	17	0
1710	16	0
1711	16	0
1712	18	0
1713	17	0
1714	16	0
1715	17	0
1716	17	0
1717	17	0
1718	17	0
1719	17	0
1720	17	0
1721	16	0
1722	17	0
1723	16	0
1724	17	0
1725	16	0
1726	17	0
1727	17	0
1728	17	0
1729	16	0
1730	17	0
1731	17	0
1732	17	0
1733	17	0
1734	17	0
1735	17	0
1736	17	0
1737	16	0
1738	17	0
1739	17	0
1740	17	0
1741	16	0
1742	17	0
1743	17	0
1744	17	0
1745	17	0
1746	18	0
1747	17	0
1748	17	0
1749	17	0
1750	17	0
1751	17	0
1752	17	0
1753	17	0
1754	17	0
1755	16	0
1756	18	0
1757	17	0
1758	17	0
1759	17	0
1760	17	0
1761	16	0
1762	17	0
1763	17	0
1764	17	0
1765	16	0
1766	17	0
1767	17	0
1768	17	0
1769	17	0
1770	17	0
1771	17	0
1772	17	0
1773	17	0
1774	17	0
1775	17	0
1776	17	0
1777	17	0
1778	17	0
1779	16	0
1780	17	0
1781	16	0
1782	17	0
1783	17	0
1784	17	0
1785	16	0
1786	17	0
1787	17	0
1788	17	0
1789	16	0
1790	17	0
1791	16	0
1792	17	0
1793	17	0
1794	17	0
1795	17	0
1796	17	0
1797	17	0
1798	17	0
1799	16	0
1800	16	0
1801	17	0
1802	16	0
1803	17	0
1804	17	0
1805	16	0
1806	17	0
1807	17	0
1808	17	0
1809	17	0
1810	16	0
1811	17	0
1812	17	0
1813	16	0
1814	17	0
1815	17	0
1816	17	0
1817	17	0
1818	17	0
1819	17	0
1820	17	0
1821	17	0
1822	17	0
1823	17	0
1824	17	0
1825	17	0
1826	17	0
1827	17	0
1828	17	0
1829	17	0
1830	17	0
1831	16	0
1832	17	0
1833	16	0
1834	17	0
1835	16	0
1836	17	0
1837	16	0
1838	17	0
1839	17	0
1840	17	0
1841	17	0
1842	16	0
1843	17	0
1844	17	0
1845	17	0
1846	17	0
1847	17	0
1848	17	0
1849	16	0
1850	17	0
1851	16	0
1852	17	0
1853	17	0
1854	17	0
1855	17	0
1856	17	0
1857	17	0
1858	17	0
1859	17	0
1860	17	0
1861	16	0
1862	16	0
1863	18	0
1864	17	0
1865	18	0
1866	18	0
1867	18	0
1868	18	0
1869	18	0
1870	19	0
1871	18	0
1872	18	0
1873	17	0
1874	18	0
1875	18	0
1876	18	0
1877	17	0
1878	17	0
1879	18	0
1880	17	0
1881	17	0
1882	17	0
1883	17	0
1884	17	0
1885	16	0
1886	17	0
1887	17	0
1888	17	0
1889	17	0
1890	17	0
1891	17	0
1892	17	0
1893	17	0
1894	17	0
1895	17	0
1896	17	0
1897	16	0
1898	16	0
1899	17	0
1900	17	0
1901	16	0
1902	17	0
1903	19	0
1904	44	0
1905	86	0
1906	122	0
1907	151	0
1908	174	0
1909	190	0
1910	200	0
1911	208	0
1912	214	0
1913	217	0
1914	221	0
1915	223	0
1916	225	0
1917	227	0
1918	229	0
1919	229	0
1920	232	0
1921	234	0
1922	235	0
1923	237	0
1924	238	0
1925	238	0
1926	240	0
1927	240	0
1928	240	0
1929	239	0
1930	238	0
1931	238	0
1932	236	0
1933	235	0
1934	234	0
1935	233	0
1936	233	0
1937	233	0
1938	233	0
1939	233	0
1940	234	0
1941	235	0
1942	237	0
1943	237	0
1944	238	0
1945	238	0
1946	239	0
1947	240	0
1948	240	0
1949	240	0
1950	238	0
1951	238	0
1952	238	0
1953	237	0
1954	236	0
1955	235	0
1956	234	0
1957	233	0
1958	233	0
1959	233	0
1960	232	0
1961	233	0
1962	233	0
1963	234	0
1964	237	0
1965	239	0
1966	242	0
1967	244	0
1968	246	0
1969	246	0
1970	245	0
1971	242	0
1972	237	0
1973	229	0
1974	224	0
1975	224	0
1976	230	0
1977	238	0
1978	244	0
1979	245	0
1980	236	0
1981	224	0
1982	219	0
1983	227	0
1984	241	0
1985	252	0
1986	250	0
1987	237	0
1988	225	0
1989	222	0
1990	232	0
1991	245	0
1992	249	0
1993	241	0
1994	226	0
1995	214	0
1996	216	0
1997	228	0
1998	241	0
1999	246	0
2000	237	0
2001	222	0
2002	216	0
2003	223	0
2004	239	0
2005	251	0
2006	250	0
2007	238	0
2008	224	0
2009	222	0
2010	231	0
2011	244	0
2012	249	0
2013	233	0
2014	180	0
2015	129	0
2016	94	0
2017	72	0
2018	55	0
2019	47	0
2020	41	0
2021	38	0
2022	36	0
2023	37	0
2024	38	0
2025	41	0
2026	36	0
2027	32	0
2028	29	0
2029	26	0
2030	24	0
2031	21	0
2032	19	0
2033	18	0
2034	17	0
2035	15	0
2036	15	0
2037	15	0
2038	14	0
2039	15	0
2040	17	0
2041	16	0
2042	17	0
2043	18	0
2044	18	0
2045	21	0
2046	20	0
2047	20	0
2048	20	0
2049	19	0
2050	20	0
2051	19	0
2052	18	0
2053	17	0
2054	17	0
2055	17	0
2056	16	0
2057	14	0
2058	15	0
2059	14	0
2060	14	0
2061	14	0
2062	16	0
2063	15	0
2064	16	0
2065	17	0
2066	17	0
2067	18	0
2068	18	0
2069	19	0
2070	18	0
2071	17	0
2072	18	0
2073	18	0
2074	19	0
2075	17	0
2076	18	0
2077	17	0
2078	17	0
2079	17	0
2080	17	0
2081	16	0
2082	17	0
2083	16	0
2084	16	0
2085	15	0
2086	16	0
2087	16	0
2088	17	0
2089	16	0
2090	17	0
2091	17	0
2092	17	0
2093	17	0
2094	17	0
2095	18	0
2096	18	0
2097	18	0
2098	18	0
2099	18	0
2100	18	0
2101	17	0
2102	16	0
2103	17	0
2104	16	0
2105	16	0
2106	17	0
2107	17	0
2108	17	0
2109	17	0
2110	17	0
2111	17	0
2112	16	0
2113	16	0
2114	17	0
2115	17	0
2116	17	0
2117	17	0
2118	17	0
2119	17	0
2120	17	0
2121	17	0
2122	17	0
2123	18	0
2124	17	0
2125	17	0
2126	17	0
2127	17	0
2128	16	0
2129	17	0
2130	17	0
2131	17	0
2132	17	0
2133	17	0
2134	17	0
2135	17	0
2136	17	0
2137	17	0
2138	17	0
2139	16	0
2140	17	0
2141	16	0
2142	17	0
2143	17	0
2144	17	0
2145	17	0
2146	16	0
2147	16	0
2148	17	0
2149	17	0
2150	17	0
2151	16	0
2152	17	0
2153	16	0
2154	17	0
2155	16	0
2156	17	0
2157	16	0
2158	17	0
2159	16	0
2160	17	0
2161	17	0
2162	16	0
2163	16	0
2164	17	0
2165	17	0
2166	16	0
2167	17	0
2168	16	0
2169	17	0
2170	16	0
2171	17	0
2172	17	0
2173	17	0
2174	17	0
2175	17	0
2176	17	0
2177	17	0
2178	17	0
2179	16	0
2180	16	0
2181	16	0
2182	17	0
2183	17	0
2184	17	0
2185	17	0
2186	17	0
2187	17	0
2188	17	0
2189	16	0
2190	17	0
2191	17	0
2192	17	0
2193	16	0
2194	16	0
2195	17	0
2196	17	0
2197	17	0
2198	17	0
2199	17	0
2200	17	0
2201	17	0
2202	16	0
2203	17	0
2204	17	0
2205	17	0
2206	16	0
2207	16	0
2208	17	0
2209	17	0
2210	17	0
2211	17	0
2212	16	0
2213	17	0
2214	17	0
2215	17	0
2216	17	0
2217	16	0
2218	16	0
2219	17	0
2220	17	0
2221	16	0
2222	16	0
2223	17	0
2224	17	0
2225	17	0
2226	16	0
2227	17	0
2228	17	0
2229	16	0
2230	17	0
2231	17	0
2232	17	0
2233	17	0
2234	16	0
2235	17	0
2236	16	0
2237	17	0
2238	17	0
2239	16	0
2240	17	0
2241	16	0
2242	17	0
2243	17	0
2244	17	0
2245	17	0
2246	17	0
2247	16	0
2248	16	0
2249	16	0
2250	16	0
2251	17	0
2252	17	0
2253	17	0
2254	16	0
2255	17	0
2256	17	0
2257	17	0
2258	16	0
2259	16	0
2260	17	0
2261	17	0
2262	16	0
2263	17	0
2264	17	0
2265	17	0
2266	16	0
2267	16	0
2268	17	0
2269	16	0
2270	17	0
2271	17	0
2272	17	0
2273	17	0
2274	17	0
2275	17	0
2276	16	0
2277	17	0
2278	17	0
2279	17	0
2280	17	0
2281	17	0
2282	17	0
2283	17	0
2284	17	0
2285	16	0
2286	16	0
2287	17	0
2288	17	0
2289	17	0
2290	17	0
2291	16	0
2292	17	0
2293	17	0
2294	16	0
2295	17	0
2296	16	0
2297	16	0
2298	17	0
2299	17	0
2300	16	0
2301	18	0
2302	16	0
2303	17	0
2304	16	0
2305	16	0
2306	17	0
2307	17	0
2308	17	0
2309	17	0
2310	16	0
2311	17	0
2312	17	0
2313	16	0
2314	16	0
2315	17	0
2316	17	0
2317	16	0
2318	17	0
2319	17	0
2320	17	0
2321	17	0
2322	17	0
2323	17	0
2324	17	0
2325	17	0
2326	16	0
2327	16	0
2328	17	0
2329	17	0
2330	17	0
2331	17	0
2332	17	0
2333	17	0
2334	17	0
2335	17	0
2336	17	0
2337	17	0
2338	17	0
2339	17	0
2340	17	0
2341	17	0
2342	16	0
2343	17	0
2344	17	0
2345	17	0
2346	17	0
2347	16	0
2348	17	0
2349	16	0
2350	17	0
2351	17	0
2352	17	0
2353	17	0
2354	17	0
2355	17	0
2356	16	0
2357	17	0
2358	17	0
2359	17	0
2360	17	0
2361	17	0
2362	17	0
2363	17	0
2364	17	0
2365	17	0
2366	17	0
2367	17	0
2368	17	0
2369	17	0
2370	16	0
2371	17	0
2372	16	0
2373	16	0
2374	17	0
2375	17	0
2376	17	0
2377	17	0
2378	17	0
2379	16	0
2380	17	0
2381	17	0
2382	18	0
2383	17	0
2384	17	0
2385	18	0
2386	17	0
2387	17	0
2388	18	0
2389	17	0
2390	17	0
2391	17	0
2392	16	0
2393	17	0
2394	17	0
2395	17	0
2396	17	0
2397	16	0
2398	17	0
2399	17	0
2400	17	0
2401	16	0
2402	17	0
2403	16	0
2404	17	0
2405	17	0
2406	17	0
2407	17	0
2408	16	0
2409	17	0
2410	17	0
2411	17	0
2412	16	0
2413	17	0
2414	17	0
2415	17	0
2416	17	0
2417	17	0
2418	16	0
2419	17	0
2420	16	0
2421	17	0
2422	16	0
2423	17	0
2424	17	0
2425	16	0
2426	15	0
2427	15	0
2428	16	0
2429	15	0
2430	15	0
2431	17	0
2432	14	0
2433	17	0
2434	17	0
2435	16	0
2436	16	0
2437	16	0
2438	17	0
2439	17	0
2440	17	0
2441	17	0
2442	17	0
2443	17	0
2444	17	0
2445	17	0
2446	16	0
2447	17	0
2448	17	0
2449	17	0
2450	17	0
2451	17	0
2452	17	0
2453	17	0
2454	16	0
2455	16	0
2456	17	0
2457	17	0
2458	17	0
2459	17	0
2460	17	0
2461	17	0
2462	17	0
2463	17	0
2464	17	0
2465	17	0
2466	17	0
2467	16	0
2468	17	0
2469	17	0
2470	17	0
2471	16	0
2472	17	0
2473	17	0
2474	17	0
2475	17	0
2476	17	0
2477	17	0
2478	17	0
2479	16	0
2480	16	0
2481	17	0
2482	17	0
2483	17	0
2484	16	0
2485	17	0
2486	17	0
2487	16	0
2488	17	0
2489	17	0
2490	17	0
2491	17	0
2492	17	0
2493	17	0
2494	16	0
2495	16	0
2496	16	0
2497	17	0
2498	17	0
2499	17	0
2500	17	0
2501	17	0
2502	17	0
2503	17	0
2504	17	0
2505	16	0
2506	17	0
2507	17	0
2508	16	0
2509	17	0
2510	17	0
2511	17	0
2512	17	0
2513	16	0
2514	17	0
2515	17	0
2516	16	0
2517	17	0
2518	17	0
2519	17	0
2520	16	0
2521	17	0
2522	17	0
2523	17	0
2524	17	0
2525	17	0
2526	18	0
2527	17	0
2528	16	0
2529	17	0
2530	17	0
2531	16	0
2532	16	0
2533	17	0
2534	17	0
2535	17	0
2536	17	0
2537	17	0
2538	17	0
2539	17	0
2540	16	0
2541	17	0
2542	17	0
2543	16	0
2544	16	0
2545	17	0
2546	16	0
2547	17	0
2548	17	0
2549	17	0
2550	17	0
2551	17	0
2552	17	0
2553	16	0
2554	17	0
2555	17	0
2556	17	0
2557	16	0
2558	17	0
2559	17	0
2560	16	0
2561	17	0
2562	17	0
2563	18	0
2564	17	0
2565	16	0
2566	17	0
2567	16	0
2568	17	0
2569	17	0
2570	16	0
2571	17	0
2572	17	0
2573	17	0
2574	17	0
2575	17	0
2576	17	0
2577	16	0
2578	16	0
2579	16	0
2580	17	0
2581	17	0
2582	17	0
2583	16	0
2584	16	0
2585	17	0
2586	17	0
2587	16	0
2588	17	0
2589	17	0
2590	17	0
2591	16	0
2592	17	0
2593	17	0
2594	17	0
2595	17	0
2596	17	0
2597	17	0
2598	16	0
2599	16	0
2600	16	0
2601	17	0
2602	16	0
2603	17	0
2604	17	0
2605	16	0
2606	17	0
2607	16	0
2608	17	0
2609	16	0
2610	17	0
2611	17	0
2612	17	0
2613	17	0
2614	17	0
2615	17	0
2616	17	0
2617	16	0
2618	17	0
2619	17	0
2620	17	0
2621	17	0
2622	17	0
2623	17	0
2624	16	0
2625	17	0
2626	17	0
2627	17	0
2628	17	0
2629	17	0
2630	17	0
2631	17	0
2632	17	0
2633	17	0
2634	17	0
2635	17	0
2636	17	0
2637	17	0
2638	17	0
2639	16	0
2640	16	0
2641	16	0
2642	17	0
2643	16	0
2644	17	0
2645	16	0
2646	17	0
2647	17	0
2648	17	0
2649	17	0
2650	17	0
2651	17	0
2652	16	0
2653	17	0
2654	16	0
2655	17	0
2656	17	0
2657	16	0
2658	16	0
2659	17	0
2660	17	0
2661	17	0
2662	17	0
2663	17	0
2664	17	0
2665	16	0
2666	17	0
2667	17	0
2668	16	0
2669	17	0
2670	17	0
2671	18	0
2672	17	0
2673	16	0
2674	17	0
2675	17	0
2676	17	0
2677	17	0
2678	16	0
2679	17	0
2680	17	0
2681	17	0
2682	17	0
2683	17	0
2684	18	0
2685	17	0
2686	17	0
2687	16	0
2688	17	0
2689	17	0
2690	17	0
2691	16	0
2692	16	0
2693	17	0
2694	16	0
2695	17	0
2696	16	0
2697	17	0
2698	17	0
2699	17	0
2700	16	0
2701	17	0
2702	17	0
2703	17	0
2704	17	0
2705	17	0
2706	16	0
2707	17	0
2708	17	0
2709	17	0
2710	17	0
2711	17	0
2712	17	0
2713	16	0
2714	17	0
2715	17	0
2716	17	0
2717	17	0
2718	17	0
2719	17	0
2720	17	0
2721	17	0
2722	17	0
2723	17	0
2724	17	0
2725	17	0
2726	17	0
2727	16	0
2728	16	0
2729	16	0
2730	17	0
2731	16	0
2732	17	0
2733	17	0
2734	17	0
2735	18	0
2736	17	0
2737	17	0
2738	17	0
2739	17	0
2740	17	0
2741	18	0
2742	17	0
2743	17	0
2744	17	0
2745	17	0
2746	17	0
2747	17	0
2748	17	0
2749	17	0
2750	17	0
2751	17	0
2752	16	0
2753	17	0
2754	17	0
2755	17	0
2756	16	0
2757	17	0
2758	17	0
2759	17	0
2760	17	0
2761	17	0
2762	18	0
2763	17	0
2764	16	0
2765	17	0
2766	17	0
2767	17	0
2768	17	0
2769	17	0
2770	17	0
2771	17	0
2772	17	0
2773	16	0
2774	17	0
2775	16	0
2776	17	0
2777	17	0
2778	17	0
2779	17	0
2780	17	0
2781	17	0
2782	17	0
2783	16	0
2784	17	0
2785	17	0
2786	17	0
2787	17	0
2788	17	0
2789	17	0
2790	17	0
2791	17	0
2792	17	0
2793	17	0
2794	17	0
2795	17	0
2796	17	0
2797	17	0
2798	17	0
2799	17	0
2800	17	0
2801	17	0
2802	18	0
2803	17	0
2804	17	0
2805	17	0
2806	16	0
2807	17	0
2808	17	0
2809	17	0
2810	17	0
2811	17	0
2812	17	0
2813	17	0
2814	18	0
2815	17	0
2816	18	0
2817	18	0
2818	18	0
2819	18	0
2820	18	0
2821	18	0
2822	18	0
2823	18	0
2824	18	0
2825	18	0
2826	17	0
2827	17	0
2828	17	0
2829	17	0
2830	17	0
2831	17	0
2832	17	0
2833	17	0
2834	17	0
2835	16	0
2836	17	0
2837	17	0
2838	17	0
2839	17	0
2840	17	0
2841	17	0
2842	17	0
2843	17	0
2844	17	0
2845	17	0
2846	17	0
2847	17	0
2848	17	0
2849	17	0
2850	17	0
2851	17	0
2852	20	0
2853	45	0
2854	87	0
2855	124	0
2856	152	0
2857	174	0
2858	190	0
2859	201	0
2860	209	0
2861	214	0
2862	217	0
2863	220	0
2864	223	0
2865	225	0
2866	227	0
2867	229	0
2868	230	0
2869	232	0
2870	233	0
2871	235	0
2872	237	0
2873	238	0
2874	239	0
2875	241	0
2876	241	0
2877	241	0
2878	239	0
2879	238	0
2880	238	0
2881	236	0
2882	235	0
2883	233	0
2884	233	0
2885	232	0
2886	233	0
2887	233	0
2888	234	0
2889	235	0
2890	237	0
2891	237	0
2892	238	0
2893	239	0
2894	240	0
2895	240	0
2896	240	0
2897	239	0
2898	239	0
2899	238	0
2900	237	0
2901	237	0
2902	236	0
2903	236	0
2904	237	0
2905	237	0
2906	236	0
2907	237	0
2908	237	0
2909	235	0
2910	233	0
2911	232	0
2912	231	0
2913	232	0
2914	236	0
2915	242	0
2916	249	0
2917	252	0
2918	249	0
2919	238	0
2920	228	0
2921	222	0
2922	226	0
2923	237	0
2924	246	0
2925	245	0
2926	233	0
2927	220	0
2928	215	0
2929	222	0
2930	238	0
2931	248	0
2932	246	0
2933	233	0
2934	222	0
2935	223	0
2936	235	0
2937	250	0
2938	253	0
2939	243	0
2940	226	0
2941	217	0
2942	221	0
2943	233	0
2944	244	0
2945	244	0
2946	233	0
2947	219	0
2948	214	0
2949	222	0
2950	238	0
2951	248	0
2952	246	0
2953	233	0
2954	222	0
2955	222	0
2956	236	0
2957	249	0
2958	254	0
2959	243	0
2960	226	0
2961	217	0
2962	213	0
2963	174	0
2964	137	0
2965	113	0
2966	94	0
2967	78	0
2968	65	0
2969	54	0
2970	44	0
2971	38	0
2972	31	0
2973	28	0
2974	27	0
2975	24	0
2976	20	0
2977	19	0
2978	19	0
2979	19	0
2980	19	0
2981	20	0
2982	21	0
2983	21	0
2984	22	0
2985	22	0
2986	22	0
2987	22	0
2988	21	0
2989	21	0
2990	19	0
2991	19	0
2992	18	0
2993	18	0
2994	16	0
2995	16	0
2996	14	0
2997	15	0
2998	14	0
2999	14	0
3000	14	0
3001	17	0
3002	16	0
3003	17	0
3004	17	0
3005	18	0
3006	19	0
3007	19	0
3008	20	0
3009	18	0
3010	19	0
3011	20	0
3012	19	0
3013	19	0
3014	18	0
3015	17	0
3016	16	0
3017	17	0
3018	17	0
3019	16	0
3020	17	0
3021	16	0
3022	16	0
3023	15	0
3024	17	0
3025	16	0
3026	16	0
3027	17	0
3028	17	0
3029	18	0
3030	18	0
3031	17	0
3032	19	0
3033	18	0
3034	19	0
3035	18	0
3036	18	0
3037	18	0
3038	17	0
3039	17	0
3040	17	0
3041	16	0
3042	17	0
3043	17	0
3044	17	0
3045	17	0
3046	16	0
3047	17	0
3048	17	0
3049	17	0
3050	17	0
3051	17	0
3052	16	0
3053	17	0
3054	17	0
3055	18	0
3056	18	0
3057	18	0
3058	18	0
3059	17	0
3060	18	0
3061	18	0
3062	17	0
3063	18	0
3064	17	0
3065	17	0
3066	17	0
3067	17	0
3068	17	0
3069	16	0
3070	16	0
3071	16	0
3072	16	0
3073	17	0
3074	17	0
3075	17	0
3076	17	0
3077	17	0
3078	17	0
3079	16	0
3080	16	0
3081	17	0
3082	17	0
3083	17	0
3084	18	0
3085	17	0
3086	17	0
3087	17	0
3088	16	0
3089	18	0
3090	18	0
3091	17	0
3092	16	0
3093	17	0
3094	16	0
3095	17	0
3096	16	0
3097	16	0
3098	17	0
3099	16	0
3100	17	0
3101	16	0
3102	17	0
3103	17	0
3104	17	0
3105	16	0
3106	17	0
3107	18	0
3108	17	0
3109	17	0
3110	17	0
3111	16	0
3112	17	0
3113	17	0
3114	17	0
3115	17	0
3116	17	0
3117	17	0
3118	17	0
3119	16	0
3120	16	0
3121	16	0
3122	17	0
3123	17	0
3124	17	0
3125	16	0
3126	16	0
3127	17	0
3128	17	0
3129	17	0
3130	17	0
3131	17	0
3132	17	0
3133	17	0
3134	16	0
3135	16	0
3136	16	0
3137	17	0
3138	17	0
3139	17	0
3140	17	0
3141	17	0
3142	17	0
3143	16	0
3144	17	0
3145	17	0
3146	16	0
3147	17	0
3148	17	0
3149	17	0
3150	16	0
3151	17	0
3152	17	0
3153	17	0
3154	16	0
3155	17	0
3156	16	0
3157	18	0
3158	17	0
3159	17	0
3160	16	0
3161	17	0
3162	16	0
3163	17	0
3164	17	0
3165	17	0
3166	18	0
3167	17	0
3168	18	0
3169	17	0
3170	17	0
3171	17	0
3172	16	0
3173	17	0
3174	17	0
3175	17	0
3176	17	0
3177	17	0
3178	16	0
3179	16	0
3180	17	0
3181	17	0
3182	16	0
3183	17	0
3184	17	0
3185	17	0
3186	16	0
3187	17	0
3188	17	0
3189	17	0
3190	16	0
3191	17	0
3192	16	0
3193	17	0
3194	17	0
3195	17	0
3196	17	0
3197	16	0
3198	17	0
3199	17	0
3200	16	0
3201	17	0
3202	16	0
3203	17	0
3204	17	0
3205	16	0
3206	17	0
3207	17	0
3208	17	0
3209	16	0
3210	17	0
3211	17	0
3212	17	0
3213	16	0
3214	17	0
3215	17	0
3216	17	0
3217	17	0
3218	17	0
3219	17	0
3220	17	0
3221	17	0
3222	17	0
3223	16	0
3224	17	0
3225	17	0
3226	17	0
3227	16	0
3228	17	0
3229	17	0
3230	16	0
3231	17	0
3232	17	0
3233	16	0
3234	17	0
3235	17	0
3236	17	0
3237	16	0
3238	17	0
3239	17	0
3240	16	0
3241	17	0
3242	16	0
3243	17	0
3244	16	0
3245	16	0
3246	17	0
3247	17	0
3248	17	0
3249	17	0
3250	17	0
3251	17	0
3252	17	0
3253	17	0
3254	17	0
3255	16	0
3256	17	0
3257	17	0
3258	16	0
3259	17	0
3260	17	0
3261	17	0
3262	16	0
3263	17	0
3264	17	0
3265	17	0
3266	16	0
3267	17	0
3268	17	0
3269	17	0
3270	17	0
3271	16	0
3272	16	0
3273	17	0
3274	17	0
3275	17	0
3276	17	0
3277	17	0
3278	16	0
3279	17	0
3280	17	0
3281	17	0
3282	16	0
3283	16	0
3284	16	0
3285	17	0
3286	17	0
3287	16	0
3288	17	0
3289	16	0
3290	16	0
3291	17	0
3292	17	0
3293	17	0
3294	17	0
3295	16	0
3296	16	0
3297	16	0
3298	17	0
3299	17	0
3300	17	0
3301	17	0
3302	17	0
3303	16	0
3304	16	0
3305	17	0
3306	17	0
3307	16	0
3308	16	0
3309	16	0
3310	17	0
3311	17	0
3312	18	0
3313	17	0
3314	17	0
3315	17	0
3316	17	0
3317	17	0
3318	17	0
3319	17	0
3320	16	0
3321	17	0
3322	16	0
3323	17	0
3324	17	0
3325	17	0
3326	17	0
3327	17	0
3328	17	0
3329	17	0
3330	17	0
3331	17	0
3332	17	0
3333	17	0
3334	17	0
3335	17	0
3336	17	0
3337	17	0
3338	17	0
3339	17	0
3340	17	0
3341	17	0
3342	17	0
3343	15	0
3344	17	0
3345	17	0
3346	17	0
3347	17	0
3348	17	0
3349	17	0
3350	16	0
3351	16	0
3352	17	0
3353	17	0
3354	16	0
3355	16	0
3356	17	0
3357	17	0
3358	17	0
3359	17	0
3360	16	0
3361	17	0
3362	17	0
3363	17	0
3364	17	0
3365	17	0
3366	17	0
3367	17	0
3368	17	0
3369	16	0
3370	17	0
3371	17	0
3372	17	0
3373	17	0
3374	17	0
3375	16	0
3376	16	0
3377	17	0
3378	16	0
3379	15	0
3380	16	0
3381	15	0
3382	16	0
3383	16	0
3384	16	0
3385	17	0
3386	16	0
3387	17	0
3388	16	0
3389	16	0
3390	17	0
3391	17	0
3392	17	0
3393	16	0
3394	17	0
3395	17	0
3396	17	0
3397	17	0
3398	17	0
3399	17	0
3400	17	0
3401	17	0
3402	16	0
3403	17	0
3404	17	0
3405	17	0
3406	17	0
3407	17	0
3408	18	0
3409	17	0
3410	17	0
3411	17	0
3412	17	0
3413	17	0
3414	18	0
3415	17	0
3416	17	0
3417	17	0
3418	17	0
3419	17	0
3420	17	0
3421	17	0
3422	17	0
3423	16	0
3424	17	0
3425	17	0
3426	16	0
3427	17	0
3428	17	0
3429	17	0
3430	16	0
3431	17	0
3432	17	0
3433	16	0
3434	17	0
3435	17	0
3436	17	0
3437	17	0
3438	17	0
3439	17	0
3440	17	0
3441	16	0
3442	17	0
3443	17	0
3444	16	0
3445	16	0
3446	17	0
3447	17	0
3448	17	0
3449	17	0
3450	17	0
3451	17	0
3452	17	0
3453	17	0
3454	17	0
3455	16	0
3456	17	0
3457	16	0
3458	17	0
3459	17	0
3460	17	0
3461	17	0
3462	17	0
3463	17	0
3464	17	0
3465	17	0
3466	17	0
3467	17	0
3468	17	0
3469	17	0
3470	17	0
3471	17	0
3472	16	0
3473	17	0
3474	17	0
3475	17	0
3476	16	0
3477	17	0
3478	17	0
3479	17	0
3480	17	0
3481	16	0
3482	18	0
3483	17	0
3484	16	0
3485	16	0
3486	16	0
3487	17	0
3488	18	0
3489	17	0
3490	17	0
3491	17	0
3492	17	0
3493	17	0
3494	17	0
3495	16	0
3496	17	0
3497	17	0
3498	16	0
3499	17	0
3500	17	0
3501	18	0
3502	17	0
3503	17	0
3504	18	0
3505	17	0
3506	16	0
3507	17	0
3508	17	0
3509	18	0
3510	17	0
3511	16	0
3512	17	0
3513	17	0
3514	17	0
3515	17	0
3516	17	0
3517	17	0
3518	16	0
3519	17	0
3520	16	0
3521	17	0
3522	16	0
3523	17	0
3524	16	0
3525	17	0
3526	17	0
3527	17	0
3528	17	0
3529	16	0
3530	17	0
3531	16	0
3532	17	0
3533	16	0
3534	17	0
3535	17	0
3536	17	0
3537	17	0
3538	16	0
3539	17	0
3540	17	0
3541	16	0
3542	17	0
3543	17	0
3544	17	0
3545	17	0
3546	17	0
3547	17	0
3548	17	0
3549	16	0
3550	16	0
3551	17	0
3552	17	0
3553	17	0
3554	16	0
3555	17	0
3556	17	0
3557	16	0
3558	17	0
3559	17	0
3560	17	0
3561	16	0
3562	17	0
3563	16	0
3564	16	0
3565	16	0
3566	17	0
3567	17	0
3568	17	0
3569	17	0
3570	17	0
3571	17	0
3572	17	0
3573	17	0
3574	16	0
3575	17	0
3576	17	0
3577	16	0
3578	17	0
3579	17	0
3580	17	0
3581	16	0
3582	17	0
3583	17	0
3584	18	0
3585	17	0
3586	17	0
3587	17	0
3588	17	0
3589	17	0
3590	17	0
3591	17	0
3592	17	0
3593	17	0
3594	17	0
3595	17	0
3596	17	0
3597	16	0
3598	17	0
3599	17	0
3600	17	0
3601	17	0
3602	17	0
3603	17	0
3604	17	0
3605	17	0
3606	16	0
3607	17	0
3608	17	0
3609	17	0
3610	17	0
3611	17	0
3612	17	0
3613	17	0
3614	17	0
3615	16	0
3616	17	0
3617	17	0
3618	17	0
3619	17	0
3620	17	0
3621	17	0
3622	17	0
3623	17	0
3624	17	0
3625	16	0
3626	17	0
3627	17	0
3628	17	0
3629	17	0
3630	17	0
3631	17	0
3632	16	0
3633	16	0
3634	16	0
3635	16	0
3636	17	0
3637	17	0
3638	17	0
3639	17	0
3640	17	0
3641	17	0
3642	16	0
3643	17	0
3644	17	0
3645	17	0
3646	17	0
3647	16	0
3648	17	0
3649	16	0
3650	17	0
3651	17	0
3652	17	0
3653	16	0
3654	17	0
3655	17	0
3656	16	0
3657	17	0
3658	17	0
3659	17	0
3660	16	0
3661	16	0
3662	16	0
3663	16	0
3664	17	0
3665	17	0
3666	17	0
3667	17	0
3668	16	0
3669	17	0
3670	16	0
3671	17	0
3672	17	0
3673	17	0
3674	17	0
3675	17	0
3676	17	0
3677	16	0
3678	17	0
3679	17	0
3680	16	0
3681	18	0
3682	17	0
3683	17	0
3684	17	0
3685	17	0
3686	17	0
3687	17	0
3688	17	0
3689	17	0
3690	17	0
3691	17	0
3692	17	0
3693	16	0
3694	17	0
3695	17	0
3696	17	0
3697	16	0
3698	17	0
3699	16	0
3700	17	0
3701	16	0
3702	18	0
3703	18	0
3704	17	0
3705	18	0
3706	17	0
3707	17	0
3708	17	0
3709	17	0
3710	17	0
3711	18	0
3712	17	0
3713	17	0
3714	16	0
3715	16	0
3716	17	0
3717	17	0
3718	18	0
3719	16	0
3720	17	0
3721	17	0
3722	17	0
3723	17	0
3724	17	0
3725	16	0
3726	17	0
3727	16	0
3728	17	0
3729	17	0
3730	17	0
3731	17	0
3732	17	0
3733	17	0
3734	17	0
3735	16	0
3736	17	0
3737	17	0
3738	16	0
3739	16	0
3740	16	0
3741	17	0
3742	16	0
3743	16	0
3744	16	0
3745	16	0
3746	17	0
3747	17	0
3748	17	0
3749	16	0
3750	16	0
3751	17	0
3752	17	0
3753	17	0
3754	17	0
3755	17	0
3756	17	0
3757	17	0
3758	17	0
3759	17	0
3760	17	0
3761	16	0
3762	17	0
3763	17	0
3764	17	0
3765	17	0
3766	17	0
3767	17	0
3768	18	0
3769	18	0
3770	18	0
3771	18	0
3772	17	0
3773	18	0
3774	18	0
3775	18	0
3776	17	0
3777	18	0
3778	17	0
3779	17	0
3780	17	0
3781	17	0
3782	17	0
3783	17	0
3784	17	0
3785	17	0
3786	17	0
3787	17	0
3788	16	0
3789	17	0
3790	17	0
3791	17	0
3792	16	0
3793	17	0
3794	17	0
3795	17	0
3796	16	0
3797	17	0
3798	16	0
3799	17	0
3800	17	0
3801	17	0
3802	17	0
3803	17	0
3804	17	0
3805	17	0
3806	24	0
3807	59	0
3808	101	0
3809	134	0
3810	160	0
3811	180	0
3812	194	0
3813	204	0
3814	211	0
3815	214	0
3816	219	0
3817	222	0
3818	224	0
3819	226	0
3820	227	0
3821	229	0
3822	230	0
3823	233	0
3824	234	0
3825	235	0
3826	237	0
3827	238	0
3828	240	0
3829	241	0
3830	241	0
3831	240	0
3832	239	0
3833	238	0
3834	237	0
3835	235	0
3836	234	0
3837	234	0
3838	232	0
3839	233	0
3840	233	0
3841	233	0
3842	234	0
3843	236	0
3844	237	0
3845	238	0
3846	238	0
3847	240	0
3848	240	0
3849	241	0
3850	240	0
3851	239	0
3852	239	0
3853	238	0
3854	237	0
3855	236	0
3856	235	0
3857	235	0
3858	234	0
3859	235	0
3860	235	0
3861	235	0
3862	235	0
3863	236	0
3864	237	0
3865	236	0
3866	235	0
3867	236	0
3868	237	0
3869	238	0
3870	239	0
3871	241	0
3872	243	0
3873	244	0
3874	245	0
3875	243	0
3876	240	0
3877	234	0
3878	227	0
3879	222	0
3880	222	0
3881	229	0
3882	240	0
3883	249	0
3884	245	0
3885	234	0
3886	224	0
3887	222	0
3888	233	0
3889	248	0
3890	254	0
3891	246	0
3892	233	0
3893	221	0
3894	222	0
3895	233	0
3896	245	0
3897	246	0
3898	236	0
3899	221	0
3900	213	0
3901	219	0
3902	233	0
3903	246	0
3904	246	0
3905	235	0
3906	222	0
3907	221	0
3908	230	0
3909	245	0
3910	254	0
3911	246	0
3912	232	0
3913	221	0
3914	221	0
3915	232	0
3916	219	0
3917	175	0
3918	136	0
3919	105	0
3920	82	0
3921	63	0
3922	48	0
3923	39	0
3924	30	0
3925	27	0
3926	25	0
3927	25	0
3928	29	0
3929	26	0
3930	24	0
3931	25	0
3932	24	0
3933	25	0
3934	24	0
3935	25	0
3936	23	0
3937	22	0
3938	22	0
3939	21	0
3940	20	0
3941	19	0
3942	17	0
3943	16	0
3944	15	0
3945	14	0
3946	15	0
3947	14	0
3948	14	0
3949	17	0
3950	15	0
3951	17	0
3952	18	0
3953	17	0
3954	19	0
3955	20	0
3956	20	0
3957	20	0
3958	20	0
3959	19	0
3960	20	0
3961	19	0
3962	18	0
3963	17	0
3964	18	0
3965	16	0
3966	16	0
3967	15	0
3968	16	0
3969	16	0
3970	14	0
3971	14	0
3972	16	0
3973	17	0
3974	15	0
3975	18	0
3976	17	0
3977	17	0
3978	17	0
3979	19	0
3980	19	0
3981	19	0
3982	18	0
3983	19	0
3984	18	0
3985	18	0
3986	17	0
3987	17	0
3988	17	0
3989	17	0
3990	17	0
3991	17	0
3992	17	0
3993	16	0
3994	16	0
3995	16	0
3996	16	0
3997	16	0
3998	17	0
3999	17	0
4000	17	0
4001	17	0
4002	17	0
4003	17	0
4004	17	0
4005	17	0
4006	18	0
4007	18	0
4008	17	0
4009	17	0
4010	17	0
4011	17	0
4012	17	0
4013	17	0
4014	16	0
4015	16	0
4016	17	0
4017	16	0
4018	17	0
4019	17	0
4020	15	0
4021	16	0
4022	17	0
4023	16	0
4024	16	0
4025	16	0
4026	17	0
4027	17	0
4028	17	0
4029	17	0
4030	17	0
4031	17	0
4032	17	0
4033	17	0
4034	17	0
4035	17	0
4036	17	0
4037	17	0
4038	17	0
4039	17	0
4040	16	0
4041	16	0
4042	16	0
4043	16	0
4044	16	0
4045	17	0
4046	17	0
4047	17	0
4048	16	0
4049	16	0
4050	16	0
4051	17	0
4052	17	0
4053	17	0
4054	16	0
4055	17	0
4056	17	0
4057	17	0
4058	17	0
4059	17	0
4060	17	0
4061	17	0
4062	17	0
4063	17	0
4064	16	0
4065	17	0
4066	16	0
4067	16	0
4068	16	0
4069	17	0
4070	17	0
4071	16	0
4072	17	0
4073	17	0
4074	16	0
4075	17	0
4076	17	0
4077	17	0
4078	17	0
4079	17	0
4080	17	0
4081	17	0
4082	17	0
4083	17	0
4084	17	0
4085	17	0
4086	17	0
4087	17	0
4088	17	0
4089	17	0
4090	16	0
4091	17	0
4092	17	0
4093	17	0
4094	16	0
4095	17	0
4096	16	0
4097	17	0
4098	17	0
4099	17	0
4100	17	0
4101	17	0
4102	17	0
4103	17	0
4104	16	0
4105	17	0
4106	17	0
4107	16	0
4108	17	0
4109	17	0
4110	17	0
4111	17	0
4112	17	0
4113	17	0
4114	17	0
4115	17	0
4116	16	0
4117	17	0
4118	17	0
4119	17	0
4120	17	0
4121	17	0
4122	17	0
4123	16	0
4124	17	0
4125	17	0
4126	16	0
4127	16	0
4128	17	0
4129	17	0
4130	16	0
4131	16	0
4132	17	0
4133	17	0
4134	17	0
4135	18	0
4136	17	0
4137	17	0
4138	17	0
4139	16	0
4140	17	0
4141	17	0
4142	16	0
4143	16	0
4144	17	0
4145	17	0
4146	17	0
4147	17	0
4148	16	0
4149	16	0
4150	16	0
4151	17	0
4152	16	0
4153	17	0
4154	17	0
4155	17	0
4156	17	0
4157	16	0
4158	17	0
4159	17	0
4160	17	0
4161	16	0
4162	17	0
4163	16	0
4164	16	0
4165	16	0
4166	17	0
4167	17	0
4168	16	0
4169	16	0
4170	17	0
4171	17	0
4172	17	0
4173	17	0
4174	17	0
4175	17	0
4176	17	0
4177	17	0
4178	17	0
4179	17	0
4180	16	0
4181	17	0
4182	17	0
4183	17	0
4184	17	0
4185	17	0
4186	17	0
4187	17	0
4188	17	0
4189	17	0
4190	16	0
4191	16	0
4192	17	0
4193	16	0
4194	16	0
4195	17	0
4196	16	0
4197	17	0
4198	17	0
4199	16	0
4200	17	0
4201	17	0
4202	17	0
4203	16	0
4204	17	0
4205	17	0
4206	17	0
4207	17	0
4208	16	0
4209	17	0
4210	16	0
4211	17	0
4212	16	0
4213	17	0
4214	17	0
4215	17	0
4216	18	0
4217	17	0
4218	16	0
4219	17	0
4220	17	0
4221	17	0
4222	17	0
4223	16	0
4224	17	0
4225	17	0
4226	17	0
4227	17	0
4228	17	0
4229	17	0
4230	17	0
4231	17	0
4232	17	0
4233	17	0
4234	17	0
4235	16	0
4236	16	0
4237	17	0
4238	17	0
4239	16	0
4240	17	0
4241	16	0
4242	17	0
4243	16	0
4244	17	0
4245	17	0
4246	17	0
4247	17	0
4248	17	0
4249	17	0
4250	17	0
4251	17	0
4252	17	0
4253	17	0
4254	17	0
4255	17	0
4256	17	0
4257	17	0
4258	16	0
4259	17	0
4260	17	0
4261	17	0
4262	17	0
4263	17	0
4264	17	0
4265	17	0
4266	17	0
4267	17	0
4268	16	0
4269	17	0
4270	17	0
4271	17	0
4272	17	0
4273	17	0
4274	16	0
4275	16	0
4276	17	0
4277	17	0
4278	17	0
4279	17	0
4280	17	0
4281	16	0
4282	16	0
4283	17	0
4284	17	0
4285	18	0
4286	17	0
4287	17	0
4288	18	0
4289	17	0
4290	18	0
4291	17	0
4292	17	0
4293	16	0
4294	18	0
4295	17	0
4296	18	0
4297	17	0
4298	17	0
4299	17	0
4300	16	0
4301	17	0
4302	16	0
4303	17	0
4304	17	0
4305	17	0
4306	17	0
4307	17	0
4308	17	0
4309	17	0
4310	16	0
4311	17	0
4312	17	0
4313	17	0
4314	17	0
4315	17	0
4316	17	0
4317	16	0
4318	17	0
4319	17	0
4320	17	0
4321	16	0
4322	18	0
4323	17	0
4324	17	0
4325	18	0
4326	17	0
4327	17	0
4328	17	0
4329	17	0
4330	17	0
4331	17	0
4332	15	0
4333	15	0
4334	16	0
4335	16	0
4336	15	0
4337	17	0
4338	16	0
4339	16	0
4340	16	0
4341	17	0
4342	18	0
4343	17	0
4344	17	0
4345	17	0
4346	17	0
4347	16	0
4348	17	0
4349	16	0
4350	17	0
4351	16	0
4352	17	0
4353	17	0
4354	17	0
4355	17	0
4356	17	0
4357	17	0
4358	17	0
4359	17	0
4360	17	0
4361	17	0
4362	17	0
4363	17	0
4364	17	0
4365	17	0
4366	16	0
4367	17	0
4368	16	0
4369	16	0
4370	17	0
4371	16	0
4372	18	0
4373	17	0
4374	16	0
4375	17	0
4376	16	0
4377	17	0
4378	17	0
4379	18	0
4380	17	0
4381	17	0
4382	17	0
4383	16	0
4384	17	0
4385	17	0
4386	17	0
4387	17	0
4388	17	0
4389	17	0
4390	17	0
4391	17	0
4392	17	0
4393	17	0
4394	17	0
4395	16	0
4396	17	0
4397	17	0
4398	17	0
4399	17	0
4400	16	0
4401	17	0
4402	17	0
4403	17	0
4404	16	0
4405	17	0
4406	17	0
4407	17	0
4408	16	0
4409	16	0
4410	16	0
4411	16	0
4412	17	0
4413	17	0
4414	17	0
4415	17	0
4416	17	0
4417	17	0
4418	16	0
4419	17	0
4420	17	0
4421	16	0
4422	17	0
4423	17	0
4424	17	0
4425	17	0
4426	17	0
4427	16	0
4428	17	0
4429	17	0
4430	17	0
4431	16	0
4432	18	0
4433	17	0
4434	17	0
4435	17	0
4436	17	0
4437	17	0
4438	17	0
4439	17	0
4440	17	0
4441	17	0
4442	17	0
4443	16	0
4444	16	0
4445	17	0
4446	17	0
4447	16	0
4448	17	0
4449	17	0
4450	16	0
4451	17	0
4452	17	0
4453	17	0
4454	17	0
4455	16	0
4456	17	0
4457	17	0
4458	16	0
4459	17	0
4460	17	0
4461	17	0
4462	17	0
4463	17	0
4464	17	0
4465	17	0
4466	17	0
4467	17	0
4468	17	0
4469	16	0
4470	17	0
4471	17	0
4472	17	0
4473	16	0
4474	17	0
4475	17	0
4476	17	0
4477	17	0
4478	16	0
4479	17	0
4480	17	0
4481	16	0
4482	16	0
4483	17	0
4484	17	0
4485	16	0
4486	16	0
4487	17	0
4488	18	0
4489	16	0
4490	17	0
4491	17	0
4492	17	0
4493	17	0
4494	16	0
4495	17	0
4496	17	0
4497	17	0
4498	16	0
4499	17	0
4500	17	0
4501	17	0
4502	17	0
4503	16	0
4504	17	0
4505	17	0
4506	17	0
4507	17	0
4508	17	0
4509	16	0
4510	17	0
4511	17	0
4512	17	0
4513	17	0
4514	17	0
4515	17	0
4516	17	0
4517	17	0
4518	17	0
4519	17	0
4520	17	0
4521	16	0
4522	16	0
4523	17	0
4524	17	0
4525	17	0
4526	17	0
4527	16	0
4528	17	0
4529	17	0
4530	17	0
4531	17	0
4532	17	0
4533	17	0
4534	17	0
4535	17	0
4536	16	0
4537	16	0
4538	17	0
4539	16	0
4540	17	0
4541	17	0
4542	17	0
4543	17	0
4544	17	0
4545	18	0
4546	17	0
4547	17	0
4548	17	0
4549	16	0
4550	17	0
4551	17	0
4552	17	0
4553	17	0
4554	17	0
4555	17	0
4556	17	0
4557	17	0
4558	17	0
4559	17	0
4560	17	0
4561	17	0
4562	16	0
4563	17	0
4564	17	0
4565	17	0
4566	16	0
4567	17	0
4568	16	0
4569	17	0
4570	17	0
4571	17	0
4572	17	0
4573	17	0
4574	17	0
4575	16	0
4576	17	0
4577	17	0
4578	17	0
4579	17	0
4580	17	0
4581	17	0
4582	17	0
4583	17	0
4584	17	0
4585	17	0
4586	17	0
4587	17	0
4588	17	0
4589	16	0
4590	17	0
4591	17	0
4592	17	0
4593	16	0
4594	16	0
4595	17	0
4596	17	0
4597	17	0
4598	17	0
4599	17	0
4600	17	0
4601	17	0
4602	17	0
4603	17	0
4604	17	0
4605	17	0
4606	17	0
4607	17	0
4608	16	0
4609	17	0
4610	17	0
4611	17	0
4612	17	0
4613	17	0
4614	17	0
4615	16	0
4616	17	0
4617	16	0
4618	17	0
4619	17	0
4620	17	0
4621	16	0
4622	17	0
4623	16	0
4624	17	0
4625	17	0
4626	17	0
4627	17	0
4628	16	0
4629	17	0
4630	17	0
4631	17	0
4632	17	0
4633	17	0
4634	17	0
4635	16	0
4636	17	0
4637	16	0
4638	17	0
4639	16	0
4640	17	0
4641	17	0
4642	17	0
4643	17	0
4644	17	0
4645	17	0
4646	16	0
4647	16	0
4648	17	0
4649	17	0
4650	17	0
4651	18	0
4652	17	0
4653	17	0
4654	17	0
4655	17	0
4656	16	0
4657	17	0
4658	17	0
4659	17	0
4660	17	0
4661	17	0
4662	17	0
4663	17	0
4664	17	0
4665	17	0
4666	17	0
4667	17	0
4668	17	0
4669	17	0
4670	17	0
4671	17	0
4672	17	0
4673	17	0
4674	17	0
4675	17	0
4676	17	0
4677	17	0
4678	17	0
4679	17	0
4680	17	0
4681	16	0
4682	16	0
4683	16	0
4684	17	0
4685	17	0
4686	17	0
4687	17	0
4688	17	0
4689	17	0
4690	17	0
4691	17	0
4692	17	0
4693	17	0
4694	16	0
4695	17	0
4696	17	0
4697	16	0
4698	17	0
4699	17	0
4700	17	0
4701	17	0
4702	16	0
4703	16	0
4704	17	0
4705	17	0
4706	16	0
4707	17	0
4708	17	0
4709	17	0
4710	16	0
4711	16	0
4712	18	0
4713	17	0
4714	17	0
4715	17	0
4716	17	0
4717	16	0
4718	17	0
4719	17	0
4720	18	0
4721	18	0
4722	18	0
4723	18	0
4724	18	0
4725	18	0
4726	18	0
4727	17	0
4728	17	0
4729	17	0
4730	17	0
4731	17	0
4732	17	0
4733	17	0
4734	17	0
4735	17	0
4736	16	0
4737	17	0
4738	17	0
4739	16	0
4740	17	0
4741	17	0
4742	17	0
4743	16	0
4744	17	0
4745	17	0
4746	17	0
4747	17	0
4748	17	0
4749	17	0
4750	16	0
4751	17	0
4752	16	0
4753	17	0
4754	16	0
4755	17	0
4756	17	0
4757	17	0
4758	22	0
4759	52	0
4760	93	0
4761	128	0
4762	157	0
4763	177	0
4764	191	0
4765	202	0
4766	210	0
4767	214	0
4768	218	0
4769	221	0
4770	223	0
4771	225	0
4772	227	0
4773	230	0
4774	230	0
4775	231	0
4776	234	0
4777	235	0
4778	237	0
4779	238	0
4780	238	0
4781	240	0
4782	241	0
4783	241	0
4784	239	0
4785	238	0
4786	238	0
4787	236	0
4788	235	0
4789	233	0
4790	232	0
4791	233	0
4792	232	0
4793	233	0
4794	233	0
4795	234	0
4796	235	0
4797	237	0
4798	238	0
4799	238	0
4800	241	0
4801	241	0
4802	241	0
4803	241	0
4804	241	0
4805	240	0
4806	238	0
4807	237	0
4808	234	0
4809	233	0
4810	232	0
4811	232	0
4812	233	0
4813	233	0
4814	234	0
4815	235	0
4816	236	0
4817	238	0
4818	239	0
4819	241	0
4820	242	0
4821	242	0
4822	241	0
4823	241	0
4824	240	0
4825	238	0
4826	236	0
4827	234	0
4828	233	0
4829	232	0
4830	232	0
4831	234	0
4832	235	0
4833	237	0
4834	238	0
4835	240	0
4836	240	0
4837	238	0
4838	237	0
4839	234	0
4840	233	0
4841	233	0
4842	238	0
4843	244	0
4844	251	0
4845	251	0
4846	243	0
4847	230	0
4848	221	0
4849	220	0
4850	227	0
4851	240	0
4852	246	0
4853	240	0
4854	225	0
4855	216	0
4856	220	0
4857	233	0
4858	247	0
4859	251	0
4860	242	0
4861	227	0
4862	222	0
4863	229	0
4864	242	0
4865	251	0
4866	246	0
4867	232	0
4868	205	0
4869	155	0
4870	115	0
4871	90	0
4872	75	0
4873	65	0
4874	59	0
4875	53	0
4876	48	0
4877	43	0
4878	40	0
4879	38	0
4880	37	0
4881	30	0
4882	25	0
4883	22	0
4884	20	0
4885	17	0
4886	17	0
4887	16	0
4888	17	0
4889	16	0
4890	16	0
4891	17	0
4892	17	0
4893	19	0
4894	21	0
4895	20	0
4896	21	0
4897	21	0
4898	22	0
4899	21	0
4900	20	0
4901	20	0
4902	19	0
4903	17	0
4904	17	0
4905	17	0
4906	16	0
4907	17	0
4908	15	0
4909	15	0
4910	14	0
4911	15	0
4912	16	0
4913	17	0
4914	16	0
4915	17	0
4916	17	0
4917	19	0
4918	18	0
4919	19	0
4920	19	0
4921	19	0
4922	19	0
4923	19	0
4924	19	0
4925	18	0
4926	17	0
4927	17	0
4928	17	0
4929	17	0
4930	16	0
4931	16	0
4932	16	0
4933	15	0
4934	15	0
4935	16	0
4936	15	0
4937	14	0
4938	17	0
4939	17	0
4940	17	0
4941	18	0
4942	17	0
4943	19	0
4944	18	0
4945	17	0
4946	18	0
4947	18	0
4948	18	0
4949	18	0
4950	17	0
4951	17	0
4952	17	0
4953	17	0
4954	16	0
4955	16	0
4956	16	0
4957	16	0
4958	16	0
4959	17	0
4960	16	0
4961	16	0
4962	16	0
4963	17	0
4964	16	0
4965	16	0
4966	16	0
4967	17	0
4968	17	0
4969	17	0
4970	18	0
4971	18	0
4972	18	0
4973	17	0
4974	17	0
4975	17	0
4976	17	0
4977	17	0
4978	17	0
4979	16	0
4980	17	0
4981	16	0
4982	16	0
4983	16	0
4984	16	0
4985	17	0
4986	17	0
4987	16	0
4988	17	0
4989	16	0
4990	17	0
4991	17	0
4992	17	0
4993	17	0
4994	17	0
4995	17	0
4996	17	0
4997	17	0
4998	17	0
4999	16	0
5000	16	0
5001	16	0
5002	16	0
5003	17	0
5004	16	0
5005	17	0
5006	17	0
5007	17	0
5008	17	0
5009	17	0
5010	17	0
5011	17	0
5012	17	0
5013	17	0
5014	17	0
5015	17	0
5016	16	0
5017	16	0
5018	17	0
5019	16	0
5020	16	0
5021	17	0
5022	17	0
5023	17	0
5024	17	0
5025	17	0
5026	17	0
5027	17	0
5028	17	0
5029	17	0
5030	16	0
5031	17	0
5032	17	0
5033	17	0
5034	16	0
5035	16	0
5036	17	0
5037	16	0
5038	16	0
5039	17	0
5040	17	0
5041	16	0
5042	17	0
5043	17	0
5044	17	0
5045	17	0
5046	17	0
5047	16	0
5048	17	0
5049	17	0
5050	17	0
5051	17	0
5052	17	0
5053	16	0
5054	17	0
5055	16	0
5056	17	0
5057	17	0
5058	16	0
5059	16	0
5060	17	0
5061	17	0
5062	17	0
5063	17	0
5064	16	0
5065	16	0
5066	16	0
5067	16	0
5068	17	0
5069	16	0
5070	17	0
5071	17	0
5072	16	0
5073	17	0
5074	17	0
5075	16	0
5076	17	0
5077	16	0
5078	17	0
5079	16	0
5080	17	0
5081	17	0
5082	17	0
5083	17	0
5084	17	0
5085	17	0
5086	16	0
5087	17	0
5088	16	0
5089	17	0
5090	17	0
5091	17	0
5092	17	0
5093	16	0
5094	17	0
5095	17	0
5096	17	0
5097	17	0
5098	17	0
5099	17	0
5100	17	0
5101	17	0
5102	17	0
5103	17	0
5104	16	0
5105	17	0
5106	17	0
5107	17	0
5108	16	0
5109	17	0
5110	17	0
5111	17	0
5112	16	0
5113	17	0
5114	17	0
5115	16	0
5116	16	0
5117	17	0
5118	17	0
5119	17	0
5120	17	0
5121	16	0
5122	16	0
5123	17	0
5124	17	0
5125	16	0
5126	17	0
5127	16	0
5128	17	0
5129	16	0
5130	17	0
5131	17	0
5132	17	0
5133	16	0
5134	17	0
5135	17	0
5136	17	0
5137	17	0
5138	17	0
5139	16	0
5140	16	0
5141	16	0
5142	17	0
5143	16	0
5144	16	0
5145	17	0
5146	17	0
5147	17	0
5148	17	0
5149	17	0
5150	17	0
5151	16	0
5152	17	0
5153	17	0
5154	17	0
5155	16	0
5156	16	0
5157	17	0
5158	17	0
5159	17	0
5160	17	0
5161	17	0
5162	17	0
5163	17	0
5164	16	0
5165	17	0
5166	17	0
5167	17	0
5168	16	0
5169	17	0
5170	17	0
5171	17	0
5172	16	0
5173	17	0
5174	16	0
5175	17	0
5176	17	0
5177	17	0
5178	17	0
5179	17	0
5180	17	0
5181	16	0
5182	17	0
5183	17	0
5184	16	0
5185	17	0
5186	17	0
5187	17	0
5188	17	0
5189	17	0
5190	17	0
5191	16	0
5192	16	0
5193	16	0
5194	16	0
5195	16	0
5196	17	0
5197	16	0
5198	17	0
5199	17	0
5200	16	0
5201	17	0
5202	17	0
5203	17	0
5204	16	0
5205	17	0
5206	17	0
5207	17	0
5208	16	0
5209	17	0
5210	17	0
5211	17	0
5212	17	0
5213	17	0
5214	16	0
5215	17	0
5216	17	0
5217	17	0
5218	17	0
5219	17	0
5220	17	0
5221	17	0
5222	17	0
5223	17	0
5224	16	0
5225	17	0
5226	17	0
5227	17	0
5228	16	0
5229	17	0
5230	17	0
5231	16	0
5232	17	0
5233	16	0
5234	17	0
5235	17	0
5236	18	0
5237	17	0
5238	17	0
5239	18	0
5240	17	0
5241	17	0
5242	18	0
5243	17	0
5244	17	0
5245	17	0
5246	16	0
5247	17	0
5248	18	0
5249	17	0
5250	16	0
5251	17	0
5252	17	0
5253	17	0
5254	17	0
5255	17	0
5256	17	0
5257	17	0
5258	17	0
5259	17	0
5260	17	0
5261	17	0
5262	16	0
5263	16	0
5264	17	0
5265	16	0
5266	17	0
5267	17	0
5268	17	0
5269	17	0
5270	16	0
5271	17	0
5272	16	0
5273	17	0
5274	16	0
5275	17	0
5276	17	0
5277	17	0
5278	16	0
5279	17	0
5280	17	0
5281	17	0
5282	16	0
5283	16	0
5284	16	0
5285	16	0
5286	15	0
5287	16	0
5288	16	0
5289	17	0
5290	16	0
5291	17	0
5292	17	0
5293	16	0
5294	17	0
5295	17	0
5296	16	0
5297	17	0
5298	17	0
5299	17	0
5300	17	0
5301	17	0
5302	17	0
5303	17	0
5304	17	0
5305	17	0
5306	17	0
5307	17	0
5308	17	0
5309	16	0
5310	16	0
5311	17	0
5312	17	0
5313	18	0
5314	17	0
5315	17	0
5316	17	0
5317	17	0
5318	17	0
5319	17	0
5320	16	0
5321	17	0
5322	17	0
5323	17	0
5324	17	0
5325	16	0
5326	17	0
5327	16	0
5328	17	0
5329	17	0
5330	17	0
5331	17	0
5332	17	0
5333	17	0
5334	17	0
5335	17	0
5336	16	0
5337	17	0
5338	17	0
5339	17	0
5340	17	0
5341	17	0
5342	17	0
5343	16	0
5344	16	0
5345	17	0
5346	17	0
5347	17	0
5348	17	0
5349	17	0
5350	17	0
5351	17	0
5352	16	0
5353	17	0
5354	16	0
5355	17	0
5356	17	0
5357	17	0
5358	17	0
5359	17	0
5360	17	0
5361	17	0
5362	17	0
5363	17	0
5364	18	0
5365	17	0
5366	16	0
5367	17	0
5368	17	0
5369	17	0
5370	17	0
5371	17	0
5372	17	0
5373	17	0
5374	16	0
5375	17	0
5376	17	0
5377	17	0
5378	17	0
5379	17	0
5380	17	0
5381	17	0
5382	17	0
5383	17	0
5384	16	0
5385	17	0
5386	17	0
5387	17	0
5388	17	0
5389	16	0
5390	17	0
5391	17	0
5392	17	0
5393	17	0
5394	17	0
5395	18	0
5396	17	0
5397	17	0
5398	17	0
5399	17	0
5400	17	0
5401	17	0
5402	17	0
5403	17	0
5404	17	0
5405	17	0
5406	17	0
5407	18	0
5408	17	0
5409	17	0
5410	17	0
5411	17	0
5412	17	0
5413	18	0
5414	17	0
5415	17	0
5416	16	0
5417	17	0
5418	17	0
5419	17	0
5420	17	0
5421	17	0
5422	17	0
5423	17	0
5424	17	0
5425	17	0
5426	17	0
5427	17	0
5428	17	0
5429	17	0
5430	17	0
5431	17	0
5432	17	0
5433	17	0
5434	17	0
5435	17	0
5436	17	0
5437	17	0
5438	16	0
5439	17	0
5440	17	0
5441	17	0
5442	17	0
5443	17	0
5444	18	0
5445	17	0
5446	17	0
5447	17	0
5448	17	0
5449	17	0
5450	17	0
5451	17	0
5452	17	0
5453	17	0
5454	17	0
5455	16	0
5456	16	0
5457	16	0
5458	17	0
5459	17	0
5460	17	0
5461	17	0
5462	17	0
5463	17	0
5464	17	0
5465	16	0
5466	17	0
5467	16	0
5468	17	0
5469	17	0
5470	17	0
5471	16	0
5472	17	0
5473	17	0
5474	17	0
5475	17	0
5476	16	0
5477	17	0
5478	17	0
5479	17	0
5480	17	0
5481	17	0
5482	17	0
5483	16	0
5484	17	0
5485	17	0
5486	17	0
5487	17	0
5488	17	0
5489	18	0
5490	16	0
5491	17	0
5492	17	0
5493	16	0
5494	17	0
5495	16	0
5496	17	0
5497	17	0
5498	17	0
5499	17	0
5500	17	0
5501	17	0
5502	16	0
5503	17	0
5504	17	0
5505	16	0
5506	17	0
5507	17	0
5508	17	0
5509	17	0
5510	17	0
5511	16	0
5512	16	0
5513	17	0
5514	17	0
5515	16	0
5516	17	0
5517	16	0
5518	17	0
5519	16	0
5520	17	0
5521	16	0
5522	16	0
5523	17	0
5524	17	0
5525	17	0
5526	17	0
5527	17	0
5528	16	0
5529	17	0
5530	17	0
5531	17	0
5532	17	0
5533	17	0
5534	16	0
5535	17	0
5536	16	0
5537	17	0
5538	17	0
5539	17	0
5540	17	0
5541	17	0
5542	17	0
5543	17	0
5544	17	0
5545	16	0
5546	17	0
5547	16	0
5548	17	0
5549	17	0
5550	17	0
5551	16	0
5552	17	0
5553	17	0
5554	16	0
5555	17	0
5556	17	0
5557	17	0
5558	17	0
5559	17	0
5560	17	0
5561	17	0
5562	17	0
5563	17	0
5564	17	0
5565	16	0
5566	16	0
5567	17	0
5568	16	0
5569	17	0
5570	17	0
5571	16	0
5572	17	0
5573	17	0
5574	16	0
5575	17	0
5576	17	0
5577	16	0
5578	16	0
5579	17	0
5580	17	0
5581	17	0
5582	16	0
5583	17	0
5584	17	0
5585	17	0
5586	16	0
5587	16	0
5588	17	0
5589	16	0
5590	16	0
5591	17	0
5592	16	0
5593	17	0
5594	16	0
5595	17	0
5596	16	0
5597	16	0
5598	16	0
5599	17	0
5600	17	0
5601	17	0
5602	17	0
5603	16	0
5604	17	0
5605	17	0
5606	16	0
5607	17	0
5608	16	0
5609	16	0
5610	17	0
5611	17	0
5612	17	0
5613	17	0
5614	17	0
5615	17	0
5616	17	0
5617	17	0
5618	16	0
5619	17	0
5620	16	0
5621	17	0
5622	16	0
5623	17	0
5624	16	0
5625	17	0
5626	17	0
5627	17	0
5628	16	0
5629	17	0
5630	17	0
5631	17	0
5632	17	0
5633	17	0
5634	17	0
5635	17	0
5636	17	0
5637	17	0
5638	16	0
5639	17	0
5640	17	0
5641	17	0
5642	17	0
5643	16	0
5644	16	0
5645	17	0
5646	17	0
5647	17	0
5648	17	0
5649	16	0
5650	17	0
5651	17	0
5652	16	0
5653	17	0
5654	17	0
5655	17	0
5656	17	0
5657	17	0
5658	17	0
5659	17	0
5660	16	0
5661	17	0
5662	17	0
5663	17	0
5664	16	0
5665	17	0
5666	17	0
5667	16	0
5668	17	0
5669	16	0
5670	17	0
5671	17	0
5672	16	0
5673	18	0
5674	17	0
5675	18	0
5676	18	0
5677	18	0
5678	18	0
5679	18	0
5680	18	0
5681	18	0
5682	18	0
5683	17	0
5684	17	0
5685	17	0
5686	16	0
5687	16	0
5688	17	0
5689	17	0
5690	17	0
5691	17	0
5692	17	0
5693	16	0
5694	17	0
5695	16	0
5696	17	0
5697	17	0
5698	17	0
5699	17	0
5700	17	0
5701	17	0
5702	17	0
5703	16	0
5704	17	0
5705	17	0
5706	16	0
5707	16	0
5708	17	0
5709	16	0
5710	17	0
5711	21	0
5712	50	0
5713	92	0
5714	126	0
5715	155	0
5716	176	0
5717	192	0
5718	202	0
5719	208	0
5720	214	0
5721	218	0
5722	221	0
5723	224	0
5724	225	0
5725	227	0
5726	229	0
5727	230	0
5728	233	0
5729	233	0
5730	235	0
5731	236	0
5732	238	0
5733	238	0
5734	238	0
5735	240	0
5736	241	0
5737	239	0
5738	238	0
5739	237	0
5740	237	0
5741	235	0
5742	235	0
5743	233	0
5744	233	0
5745	232	0
5746	233	0
5747	233	0
5748	234	0
5749	235	0
5750	236	0
5751	237	0
5752	238	0
5753	240	0
5754	241	0
5755	242	0
5756	241	0
5757	242	0
5758	241	0
5759	239	0
5760	238	0
5761	237	0
5762	235	0
5763	233	0
5764	233	0
5765	231	0
5766	230	0
5767	231	0
5768	232	0
5769	232	0
5770	235	0
5771	238	0
5772	242	0
5773	245	0
5774	246	0
5775	246	0
5776	245	0
5777	241	0
5778	234	0
5779	229	0
5780	227	0
5781	230	0
5782	238	0
5783	245	0
5784	244	0
5785	236	0
5786	222	0
5787	217	0
5788	222	0
5789	235	0
5790	248	0
5791	249	0
5792	239	0
5793	225	0
5794	222	0
5795	230	0
5796	245	0
5797	252	0
5798	247	0
5799	233	0
5800	219	0
5801	217	0
5802	227	0
5803	241	0
5804	245	0
5805	238	0
5806	223	0
5807	214	0
5808	217	0
5809	233	0
5810	246	0
5811	249	0
5812	240	0
5813	226	0
5814	220	0
5815	229	0
5816	243	0
5817	252	0
5818	247	0
5819	234	0
5820	219	0
5821	205	0
5822	162	0
5823	126	0
5824	106	0
5825	88	0
5826	75	0
5827	65	0
5828	56	0
5829	46	0
5830	40	0
5831	35	0
5832	30	0
5833	29	0
5834	25	0
5835	21	0
5836	18	0
5837	17	0
5838	16	0
5839	16	0
5840	17	0
5841	19	0
5842	20	0
5843	20	0
5844	21	0
5845	22	0
5846	21	0
5847	21	0
5848	21	0
5849	21	0
5850	21	0
5851	20	0
5852	18	0
5853	17	0
5854	17	0
5855	15	0
5856	15	0
5857	15	0
5858	14	0
5859	14	0
5860	16	0
5861	14	0
5862	15	0
5863	16	0
5864	17	0
5865	17	0
5866	18	0
5867	18	0
5868	19	0
5869	19	0
5870	19	0
5871	19	0
5872	19	0
5873	19	0
5874	18	0
5875	17	0
5876	16	0
5877	17	0
5878	17	0
5879	16	0
5880	15	0
5881	15	0
5882	15	0
5883	15	0
5884	14	0
5885	16	0
5886	16	0
5887	17	0
5888	17	0
5889	17	0
5890	18	0
5891	16	0
5892	18	0
5893	18	0
5894	18	0
5895	19	0
5896	18	0
5897	18	0
5898	18	0
5899	16	0
5900	17	0
5901	16	0
5902	16	0
5903	16	0
5904	17	0
5905	17	0
5906	17	0
5907	16	0
5908	16	0
5909	16	0
5910	16	0
5911	16	0
5912	17	0
5913	17	0
5914	17	0
5915	17	0
5916	17	0
5917	17	0
5918	16	0
5919	17	0
5920	18	0
5921	18	0
5922	17	0
5923	17	0
5924	17	0
5925	17	0
5926	17	0
5927	16	0
5928	16	0
5929	17	0
5930	17	0
5931	16	0
5932	16	0
5933	16	0
5934	16	0
5935	16	0
5936	17	0
5937	16	0
5938	16	0
5939	16	0
5940	17	0
5941	17	0
5942	17	0
5943	18	0
5944	17	0
5945	17	0
5946	17	0
5947	17	0
5948	17	0
5949	17	0
5950	17	0
5951	17	0
5952	17	0
5953	16	0
5954	16	0
5955	17	0
5956	17	0
5957	17	0
5958	16	0
5959	17	0
5960	17	0
5961	17	0
5962	17	0
5963	17	0
5964	17	0
5965	17	0
5966	17	0
5967	17	0
5968	16	0
5969	17	0
5970	16	0
5971	16	0
5972	17	0
5973	17	0
5974	17	0
5975	17	0
5976	17	0
5977	17	0
5978	16	0
5979	17	0
5980	17	0
5981	17	0
5982	16	0
5983	16	0
5984	16	0
5985	17	0
5986	17	0
5987	16	0
5988	17	0
5989	17	0
5990	17	0
5991	17	0
5992	16	0
5993	17	0
5994	17	0
5995	17	0
5996	17	0
5997	16	0
5998	17	0
5999	17	0
6000	17	0
6001	17	0
6002	17	0
6003	17	0
6004	17	0
6005	17	0
6006	17	0
6007	17	0
6008	17	0
6009	17	0
6010	17	0
6011	17	0
6012	17	0
6013	17	0
6014	17	0
6015	16	0
6016	17	0
6017	16	0
6018	17	0
6019	16	0
6020	16	0
6021	16	0
6022	17	0
6023	17	0
6024	17	0
6025	16	0
6026	17	0
6027	17	0
6028	16	0
6029	17	0
6030	17	0
6031	17	0
6032	16	0
6033	16	0
6034	17	0
6035	17	0
6036	17	0
6037	16	0
6038	17	0
6039	16	0
6040	17	0
6041	17	0
6042	16	0
6043	17	0
6044	17	0
6045	17	0
6046	17	0
6047	17	0
6048	17	0
6049	16	0
6050	17	0
6051	17	0
6052	17	0
6053	16	0
6054	16	0
6055	17	0
6056	17	0
6057	16	0
6058	17	0
6059	17	0
6060	17	0
6061	16	0
6062	17	0
6063	17	0
6064	17	0
6065	16	0
6066	17	0
6067	17	0
6068	17	0
6069	17	0
6070	17	0
6071	17	0
6072	16	0
6073	17	0
6074	17	0
6075	16	0
6076	17	0
6077	17	0
6078	17	0
6079	16	0
6080	17	0
6081	17	0
6082	17	0
6083	17	0
6084	17	0
6085	17	0
6086	16	0
6087	17	0
6088	17	0
6089	16	0
6090	17	0
6091	16	0
6092	17	0
6093	16	0
6094	17	0
6095	17	0
6096	16	0
6097	17	0
6098	17	0
6099	16	0
6100	16	0
6101	17	0
6102	17	0
6103	16	0
6104	17	0
6105	17	0
6106	17	0
6107	17	0
6108	17	0
6109	17	0
6110	17	0
6111	17	0
6112	16	0
6113	17	0
6114	16	0
6115	17	0
6116	17	0
6117	17	0
6118	17	0
6119	17	0
6120	16	0
6121	16	0
6122	16	0
6123	17	0
6124	16	0
6125	17	0
6126	17	0
6127	17	0
6128	17	0
6129	17	0
6130	17	0
6131	17	0
6132	17	0
6133	17	0
6134	17	0
6135	16	0
6136	16	0
6137	16	0
6138	16	0
6139	16	0
6140	17	0
6141	16	0
6142	17	0
6143	16	0
6144	17	0
6145	17	0
6146	17	0
6147	17	0
6148	17	0
6149	17	0
6150	17	0
6151	17	0
6152	16	0
6153	17	0
6154	17	0
6155	16	0
6156	16	0
6157	17	0
6158	17	0
6159	17	0
6160	17	0
6161	17	0
6162	17	0
6163	16	0
6164	16	0
6165	17	0
6166	17	0
6167	17	0
6168	16	0
6169	16	0
6170	17	0
6171	16	0
6172	17	0
6173	16	0
6174	17	0
6175	16	0
6176	17	0
6177	18	0
6178	17	0
6179	17	0
6180	17	0
6181	17	0
6182	17	0
6183	17	0
6184	17	0
6185	17	0
6186	17	0
6187	16	0
6188	17	0
6189	17	0
6190	16	0
6191	17	0
6192	18	0
6193	18	0
6194	17	0
6195	17	0
6196	17	0
6197	16	0
6198	17	0
6199	16	0
6200	17	0
6201	17	0
6202	17	0
6203	17	0
6204	17	0
6205	16	0
6206	16	0
6207	17	0
6208	16	0
6209	17	0
6210	17	0
6211	16	0
6212	16	0
6213	17	0
6214	17	0
6215	16	0
6216	17	0
6217	17	0
6218	17	0
6219	17	0
6220	16	0
6221	17	0
6222	16	0
6223	17	0
6224	16	0
6225	17	0
6226	16	0
6227	16	0
6228	16	0
6229	16	0
6230	17	0
6231	17	0
6232	17	0
6233	16	0
6234	15	0
6235	15	0
6236	14	0
6237	15	0
6238	16	0
6239	17	0
6240	15	0
6241	17	0
6242	16	0
6243	17	0
6244	17	0
6245	17	0
6246	17	0
6247	17	0
6248	17	0
6249	16	0
6250	16	0
6251	17	0
6252	17	0
6253	16	0
6254	17	0
6255	17	0
6256	16	0
6257	16	0
6258	17	0
6259	17	0
6260	17	0
6261	17	0
6262	17	0
6263	17	0
6264	17	0
6265	17	0
6266	17	0
6267	17	0
6268	16	0
6269	17	0
6270	17	0
6271	16	0
6272	17	0
6273	16	0
6274	16	0
6275	17	0
6276	17	0
6277	17	0
6278	17	0
6279	17	0
6280	17	0
6281	17	0
6282	16	0
6283	17	0
6284	17	0
6285	17	0
6286	16	0
6287	17	0
6288	17	0
6289	17	0
6290	17	0
6291	16	0
6292	16	0
6293	17	0
6294	17	0
6295	17	0
6296	17	0
6297	16	0
6298	17	0
6299	17	0
6300	17	0
6301	16	0
6302	17	0
6303	16	0
6304	17	0
6305	16	0
6306	17	0
6307	17	0
6308	17	0
6309	17	0
6310	17	0
6311	16	0
6312	17	0
6313	17	0
6314	17	0
6315	17	0
6316	17	0
6317	17	0
6318	16	0
6319	17	0
6320	17	0
6321	16	0
6322	16	0
6323	16	0
6324	17	0
6325	17	0
6326	17	0
6327	16	0
6328	17	0
6329	17	0
6330	16	0
6331	17	0
6332	17	0
6333	17	0
6334	16	0
6335	17	0
6336	17	0
6337	17	0
6338	17	0
6339	16	0
6340	16	0
6341	17	0
6342	16	0
6343	17	0
6344	16	0
6345	16	0
6346	17	0
6347	17	0
6348	16	0
6349	17	0
6350	16	0
6351	16	0
6352	17	0
6353	17	0
6354	17	0
6355	17	0
6356	17	0
6357	17	0
6358	16	0
6359	17	0
6360	16	0
6361	16	0
6362	17	0
6363	17	0
6364	16	0
6365	17	0
6366	17	0
6367	17	0
6368	17	0
6369	16	0
6370	17	0
6371	16	0
6372	17	0
6373	16	0
6374	17	0
6375	17	0
6376	17	0
6377	16	0
6378	17	0
6379	17	0
6380	17	0
6381	17	0
6382	17	0
6383	17	0
6384	17	0
6385	17	0
6386	17	0
6387	16	0
6388	17	0
6389	17	0
6390	16	0
6391	16	0
6392	17	0
6393	17	0
6394	17	0
6395	17	0
6396	17	0
6397	16	0
6398	17	0
6399	17	0
6400	17	0
6401	16	0
6402	17	0
6403	16	0
6404	17	0
6405	16	0
6406	17	0
6407	17	0
6408	17	0
6409	17	0
6410	17	0
6411	16	0
6412	17	0
6413	17	0
6414	17	0
6415	16	0
6416	17	0
6417	18	0
6418	17	0
6419	17	0
6420	16	0
6421	17	0
6422	16	0
6423	17	0
6424	16	0
6425	17	0
6426	18	0
6427	17	0
6428	17	0
6429	17	0
6430	17	0
6431	17	0
6432	16	0
6433	17	0
6434	17	0
6435	16	0
6436	16	0
6437	17	0
6438	17	0
6439	17	0
6440	18	0
6441	17	0
6442	16	0
6443	17	0
6444	16	0
6445	17	0
6446	17	0
6447	17	0
6448	17	0
6449	17	0
6450	17	0
6451	16	0
6452	16	0
6453	17	0
6454	17	0
6455	16	0
6456	17	0
6457	16	0
6458	17	0
6459	16	0
6460	17	0
6461	17	0
6462	16	0
6463	16	0
6464	17	0
6465	16	0
6466	16	0
6467	16	0
6468	17	0
6469	17	0
6470	17	0
6471	16	0
6472	17	0
6473	17	0
6474	17	0
6475	17	0
6476	17	0
6477	17	0
6478	16	0
6479	17	0
6480	16	0
6481	17	0
6482	16	0
6483	17	0
6484	17	0
6485	17	0
6486	17	0
6487	17	0
6488	17	0
6489	17	0
6490	16	0
6491	17	0
6492	17	0
6493	17	0
6494	17	0
6495	16	0
6496	16	0
6497	17	0
6498	17	0
6499	16	0
6500	17	0
6501	17	0
6502	17	0
6503	17	0
6504	17	0
6505	17	0
6506	16	0
6507	17	0
6508	17	0
6509	17	0
6510	16	0
6511	17	0
6512	17	0
6513	17	0
6514	16	0
6515	16	0
6516	17	0
6517	17	0
6518	16	0
6519	17	0
6520	16	0
6521	17	0
6522	16	0
6523	17	0
6524	16	0
6525	17	0
6526	17	0
6527	17	0
6528	17	0
6529	17	0
6530	17	0
6531	17	0
6532	17	0
6533	17	0
6534	17	0
6535	17	0
6536	17	0
6537	16	0
6538	17	0
6539	16	0
6540	16	0
6541	16	0
6542	17	0
6543	17	0
6544	16	0
6545	17	0
6546	16	0
6547	17	0
6548	16	0
6549	17	0
6550	17	0
6551	16	0
6552	16	0
6553	17	0
6554	17	0
6555	17	0
6556	17	0
6557	17	0
6558	17	0
6559	16	0
6560	17	0
6561	17	0
6562	17	0
6563	17	0
6564	17	0
6565	17	0
6566	16	0
6567	16	0
6568	16	0
6569	17	0
6570	16	0
6571	17	0
6572	17	0
6573	17	0
6574	16	0
6575	17	0
6576	17	0
6577	16	0
6578	17	0
6579	17	0
6580	17	0
6581	17	0
6582	17	0
6583	17	0
6584	17	0
6585	17	0
6586	17	0
6587	17	0
6588	17	0
6589	17	0
6590	16	0
6591	17	0
6592	17	0
6593	17	0
6594	17	0
6595	17	0
6596	17	0
6597	16	0
6598	17	0
6599	17	0
6600	16	0
6601	17	0
6602	16	0
6603	17	0
6604	17	0
6605	17	0
6606	17	0
6607	17	0
6608	16	0
6609	17	0
6610	17	0
6611	17	0
6612	16	0
6613	17	0
6614	17	0
6615	17	0
6616	17	0
6617	16	0
6618	17	0
6619	16	0
6620	17	0
6621	17	0
6622	17	0
6623	18	0
6624	18	0
6625	18	0
6626	18	0
6627	18	0
6628	19	0
6629	18	0
6630	18	0
6631	18	0
6632	18	0
6633	18	0
6634	17	0
6635	17	0
6636	17	0
6637	17	0
6638	17	0
6639	17	0
6640	17	0
6641	17	0
6642	17	0
6643	16	0
6644	17	0
6645	17	0
6646	17	0
6647	17	0
6648	16	0
6649	17	0
6650	16	0
6651	16	0
6652	17	0
6653	16	0
6654	17	0
6655	17	0
6656	16	0
6657	16	0
6658	17	0
6659	17	0
6660	18	0
6661	41	0
6662	83	0
6663	120	0
6664	150	0
6665	173	0
6666	189	0
6667	200	0
6668	208	0
6669	214	0
6670	217	0
6671	220	0
6672	223	0
6673	225	0
6674	227	0
6675	229	0
6676	230	0
6677	233	0
6678	234	0
6679	235	0
6680	236	0
6681	238	0
6682	239	0
6683	240	0
6684	241	0
6685	240	0
6686	239	0
6687	238	0
6688	238	0
6689	236	0
6690	235	0
6691	234	0
6692	233	0
6693	233	0
6694	233	0
6695	233	0
6696	234	0
6697	235	0
6698	236	0
6699	237	0
6700	238	0
6701	238	0
6702	240	0
6703	241	0
6704	240	0
6705	240	0
6706	239	0
6707	239	0
6708	238	0
6709	237	0
6710	237	0
6711	237	0
6712	236	0
6713	237	0
6714	235	0
6715	235	0
6716	235	0
6717	234	0
6718	233	0
6719	232	0
6720	233	0
6721	235	0
6722	237	0
6723	240	0
6724	244	0
6725	248	0
6726	249	0
6727	248	0
6728	242	0
6729	233	0
6730	224	0
6731	222	0
6732	227	0
6733	238	0
6734	246	0
6735	244	0
6736	232	0
6737	221	0
6738	217	0
6739	228	0
6740	244	0
6741	252	0
6742	246	0
6743	233	0
6744	222	0
6745	224	0
6746	237	0
6747	249	0
6748	249	0
6749	238	0
6750	223	0
6751	214	0
6752	219	0
6753	233	0
6754	244	0
6755	244	0
6756	233	0
6757	219	0
6758	216	0
6759	225	0
6760	241	0
6761	251	0
6762	247	0
6763	234	0
6764	222	0
6765	223	0
6766	236	0
6767	249	0
6768	250	0
6769	240	0
6770	218	0
6771	170	0
6772	124	0
6773	94	0
6774	77	0
6775	66	0
6776	58	0
6777	53	0
6778	49	0
6779	45	0
6780	43	0
6781	40	0
6782	40	0
6783	33	0
6784	28	0
6785	24	0
6786	21	0
6787	19	0
6788	17	0
6789	17	0
6790	14	0
6791	15	0
6792	16	0
6793	17	0
6794	16	0
6795	18	0
6796	18	0
6797	21	0
6798	21	0
6799	21	0
6800	21	0
6801	21	0
6802	21	0
6803	21	0
6804	19	0
6805	19	0
6806	18	0
6807	17	0
6808	17	0
6809	16	0
6810	15	0
6811	16	0
6812	16	0
6813	14	0
6814	15	0
6815	16	0
6816	17	0
6817	16	0
6818	18	0
6819	16	0
6820	19	0
6821	19	0
6822	19	0
6823	19	0
6824	19	0
6825	19	0
6826	19	0
6827	18	0
6828	18	0
6829	18	0
6830	18	0
6831	17	0
6832	17	0
6833	16	0
6834	16	0
6835	15	0
6836	16	0
6837	15	0
6838	15	0
6839	16	0
6840	17	0
6841	17	0
6842	17	0
6843	17	0
6844	18	0
6845	17	0
6846	18	0
6847	18	0
6848	18	0
6849	18	0
6850	19	0
6851	19	0
6852	18	0
6853	18	0
6854	16	0
6855	17	0
6856	17	0
6857	17	0
6858	16	0
6859	17	0
6860	16	0
6861	17	0
6862	16	0
6863	17	0
6864	16	0
6865	17	0
6866	16	0
6867	17	0
6868	16	0
6869	16	0
6870	17	0
6871	17	0
6872	17	0
6873	17	0
6874	17	0
6875	17	0
6876	17	0
6877	17	0
6878	17	0
6879	17	0
6880	17	0
6881	16	0
6882	16	0
6883	17	0
6884	17	0
6885	16	0
6886	17	0
6887	17	0
6888	17	0
6889	17	0
6890	16	0
6891	17	0
6892	17	0
6893	17	0
6894	17	0
6895	17	0
6896	17	0
6897	17	0
6898	16	0
6899	18	0
6900	16	0
6901	17	0
6902	17	0
6903	17	0
6904	17	0
6905	17	0
6906	17	0
6907	16	0
6908	17	0
6909	17	0
6910	16	0
6911	17	0
6912	16	0
6913	17	0
6914	16	0
6915	17	0
6916	16	0
6917	16	0
6918	17	0
6919	17	0
6920	17	0
6921	16	0
6922	17	0
6923	17	0
6924	16	0
6925	17	0
6926	17	0
6927	18	0
6928	17	0
6929	16	0
6930	17	0
6931	17	0
6932	17	0
6933	17	0
6934	16	0
6935	17	0
6936	16	0
6937	17	0
6938	17	0
6939	17	0
6940	17	0
6941	17	0
6942	17	0
6943	17	0
6944	17	0
6945	16	0
6946	17	0
6947	16	0
6948	17	0
6949	17	0
6950	17	0
6951	17	0
6952	17	0
6953	17	0
6954	18	0
6955	17	0
6956	17	0
6957	17	0
6958	16	0
6959	17	0
6960	17	0
6961	16	0
6962	16	0
6963	16	0
6964	16	0
6965	17	0
6966	16	0
6967	16	0
6968	17	0
6969	17	0
6970	17	0
6971	16	0
6972	17	0
6973	17	0
6974	16	0
6975	17	0
6976	17	0
6977	17	0
6978	17	0
6979	17	0
6980	17	0
6981	17	0
6982	16	0
6983	17	0
6984	17	0
6985	16	0
6986	16	0
6987	17	0
6988	17	0
6989	16	0
6990	16	0
6991	17	0
6992	17	0
6993	17	0
6994	16	0
6995	17	0
6996	16	0
6997	17	0
6998	17	0
6999	17	0
7000	17	0
7001	16	0
7002	17	0
7003	17	0
7004	17	0
7005	16	0
7006	17	0
7007	17	0
7008	16	0
7009	17	0
7010	17	0
7011	18	0
7012	17	0
7013	17	0
7014	17	0
7015	17	0
7016	17	0
7017	17	0
7018	17	0
7019	17	0
7020	17	0
7021	17	0
7022	17	0
7023	16	0
7024	17	0
7025	17	0
7026	17	0
7027	17	0
7028	17	0
7029	16	0
7030	17	0
7031	16	0
7032	17	0
7033	17	0
7034	16	0
7035	17	0
7036	16	0
7037	17	0
7038	16	0
7039	17	0
7040	17	0
7041	17	0
7042	17	0
7043	17	0
7044	17	0
7045	17	0
7046	17	0
7047	17	0
7048	17	0
7049	17	0
7050	17	0
7051	17	0
7052	17	0
7053	17	0
7054	17	0
7055	16	0
7056	17	0
7057	17	0
7058	17	0
7059	16	0
7060	17	0
7061	17	0
7062	17	0
7063	17	0
7064	17	0
7065	17	0
7066	16	0
7067	16	0
7068	17	0
7069	17	0
7070	16	0
7071	17	0
7072	17	0
7073	17	0
7074	17	0
7075	17	0
7076	17	0
7077	17	0
7078	17	0
7079	17	0
7080	17	0
7081	17	0
7082	17	0
7083	17	0
7084	16	0
7085	16	0
7086	17	0
7087	17	0
7088	17	0
7089	17	0
7090	17	0
7091	17	0
7092	16	0
7093	17	0
7094	16	0
7095	17	0
7096	17	0
7097	16	0
7098	17	0
7099	17	0
7100	17	0
7101	16	0
7102	16	0
7103	17	0
7104	17	0
7105	17	0
7106	17	0
7107	16	0
7108	17	0
7109	17	0
7110	16	0
7111	17	0
7112	16	0
7113	17	0
7114	17	0
7115	16	0
7116	17	0
7117	17	0
7118	18	0
7119	17	0
7120	16	0
7121	17	0
7122	17	0
7123	16	0
7124	17	0
7125	17	0
7126	16	0
7127	17	0
7128	16	0
7129	17	0
7130	16	0
7131	16	0
7132	17	0
7133	16	0
7134	17	0
7135	17	0
7136	17	0
7137	17	0
7138	17	0
7139	18	0
7140	18	0
7141	17	0
7142	17	0
7143	17	0
7144	18	0
7145	17	0
7146	18	0
7147	17	0
7148	16	0
7149	17	0
7150	16	0
7151	17	0
7152	17	0
7153	17	0
7154	17	0
7155	16	0
7156	17	0
7157	16	0
7158	16	0
7159	17	0
7160	17	0
7161	17	0
7162	17	0
7163	17	0
7164	17	0
7165	16	0
7166	17	0
7167	17	0
7168	17	0
7169	17	0
7170	17	0
7171	17	0
7172	17	0
7173	17	0
7174	17	0
7175	16	0
7176	17	0
7177	17	0
7178	17	0
7179	16	0
7180	17	0
7181	17	0
7182	17	0
7183	17	0
7184	17	0
7185	16	0
7186	15	0
7187	14	0
7188	14	0
7189	16	0
7190	15	0
7191	17	0
7192	17	0
7193	16	0
7194	16	0
7195	17	0
7196	16	0
7197	17	0
7198	18	0
7199	17	0
7200	17	0
7201	17	0
7202	16	0
7203	17	0
7204	17	0
7205	17	0
7206	17	0
7207	17	0
7208	17	0
7209	17	0
7210	17	0
7211	17	0
7212	18	0
7213	18	0
7214	17	0
7215	16	0
7216	17	0
7217	17	0
7218	18	0
7219	18	0
7220	17	0
7221	18	0
7222	17	0
7223	18	0
7224	16	0
7225	18	0
7226	17	0
7227	17	0
7228	17	0
7229	17	0
7230	17	0
7231	17	0
7232	16	0
7233	17	0
7234	17	0
7235	17	0
7236	17	0
7237	17	0
7238	17	0
7239	17	0
7240	16	0
7241	17	0
7242	16	0
7243	16	0
7244	17	0
7245	16	0
7246	17	0
7247	17	0
7248	17	0
7249	16	0
7250	16	0
7251	17	0
7252	17	0
7253	17	0
7254	17	0
7255	17	0
7256	17	0
7257	17	0
7258	17	0
7259	17	0
7260	17	0
7261	17	0
7262	17	0
7263	17	0
7264	16	0
7265	16	0
7266	17	0
7267	17	0
7268	17	0
7269	16	0
7270	16	0
7271	17	0
7272	16	0
7273	17	0
7274	17	0
7275	17	0
7276	17	0
7277	17	0
7278	17	0
7279	17	0
7280	17	0
7281	17	0
7282	17	0
7283	16	0
7284	17	0
7285	18	0
7286	17	0
7287	17	0
7288	16	0
7289	17	0
7290	16	0
7291	17	0
7292	17	0
7293	17	0
7294	17	0
7295	16	0
7296	17	0
7297	17	0
7298	17	0
7299	16	0
7300	17	0
7301	16	0
7302	17	0
7303	17	0
7304	16	0
7305	17	0
7306	17	0
7307	17	0
7308	17	0
7309	16	0
7310	17	0
7311	17	0
7312	18	0
7313	17	0
7314	17	0
7315	17	0
7316	17	0
7317	17	0
7318	17	0
7319	17	0
7320	17	0
7321	16	0
7322	17	0
7323	16	0
7324	17	0
7325	16	0
7326	17	0
7327	17	0
7328	17	0
7329	17	0
7330	16	0
7331	17	0
7332	17	0
7333	17	0
7334	17	0
7335	17	0
7336	17	0
7337	17	0
7338	16	0
7339	17	0
7340	17	0
7341	17	0
7342	17	0
7343	17	0
7344	17	0
7345	16	0
7346	17	0
7347	17	0
7348	17	0
7349	17	0
7350	16	0
7351	17	0
7352	17	0
7353	17	0
7354	17	0
7355	17	0
7356	17	0
7357	16	0
7358	17	0
7359	17	0
7360	17	0
7361	16	0
7362	17	0
7363	17	0
7364	17	0
7365	17	0
7366	17	0
7367	17	0
7368	16	0
7369	17	0
7370	17	0
7371	17	0
7372	17	0
7373	17	0
7374	17	0
7375	16	0
7376	17	0
7377	16	0
7378	17	0
7379	17	0
7380	17	0
7381	17	0
7382	16	0
7383	17	0
7384	17	0
7385	16	0
7386	17	0
7387	17	0
7388	17	0
7389	17	0
7390	17	0
7391	17	0
7392	17	0
7393	16	0
7394	17	0
7395	17	0
7396	17	0
7397	17	0
7398	16	0
7399	17	0
7400	16	0
7401	17	0
7402	17	0
7403	17	0
7404	17	0
7405	17	0
7406	17	0
7407	17	0
7408	17	0
7409	17	0
7410	17	0
7411	16	0
7412	16	0
7413	17	0
7414	17	0
7415	17	0
7416	17	0
7417	16	0
7418	18	0
7419	17	0
7420	17	0
7421	17	0
7422	17	0
7423	17	0
7424	17	0
7425	17	0
7426	17	0
7427	18	0
7428	17	0
7429	17	0
7430	17	0
7431	17	0
7432	18	0
7433	17	0
7434	17	0
7435	17	0
7436	17	0
7437	16	0
7438	17	0
7439	16	0
7440	17	0
7441	17	0
7442	17	0
7443	17	0
7444	17	0
7445	17	0
7446	16	0
7447	17	0
7448	16	0
7449	17	0
7450	16	0
7451	17	0
7452	17	0
7453	18	0
7454	16	0
7455	17	0
7456	17	0
7457	16	0
7458	17	0
7459	17	0
7460	17	0
7461	17	0
7462	17	0
7463	17	0
7464	18	0
7465	17	0
7466	17	0
7467	17	0
7468	16	0
7469	17	0
7470	17	0
7471	17	0
7472	17	0
7473	17	0
7474	17	0
7475	16	0
7476	17	0
7477	17	0
7478	17	0
7479	17	0
7480	17	0
7481	17	0
7482	17	0
7483	17	0
7484	17	0
7485	16	0
7486	17	0
7487	17	0
7488	17	0
7489	17	0
7490	17	0
7491	17	0
7492	17	0
7493	17	0
7494	17	0
7495	17	0
7496	17	0
7497	16	0
7498	17	0
7499	17	0
7500	17	0
7501	17	0
7502	16	0
7503	16	0
7504	17	0
7505	16	0
7506	17	0
7507	17	0
7508	17	0
7509	17	0
7510	17	0
7511	16	0
7512	17	0
7513	17	0
7514	17	0
7515	17	0
7516	17	0
7517	17	0
7518	17	0
7519	16	0
7520	16	0
7521	17	0
7522	18	0
7523	17	0
7524	16	0
7525	17	0
7526	17	0
7527	17	0
7528	17	0
7529	17	0
7530	16	0
7531	16	0
7532	17	0
7533	17	0
7534	17	0
7535	17	0
7536	16	0
7537	17	0
7538	17	0
7539	17	0
7540	17	0
7541	16	0
7542	17	0
7543	17	0
7544	17	0
7545	17	0
7546	17	0
7547	17	0
7548	16	0
7549	17	0
7550	16	0
7551	17	0
7552	16	0
7553	17	0
7554	17	0
7555	17	0
7556	17	0
7557	17	0
7558	17	0
7559	17	0
7560	17	0
7561	17	0
7562	17	0
7563	17	0
7564	17	0
7565	16	0
7566	17	0
7567	17	0
7568	16	0
7569	17	0
7570	17	0
7571	17	0
7572	17	0
7573	16	0
7574	18	0
7575	18	0
7576	18	0
7577	18	0
7578	19	0
7579	19	0
7580	18	0
7581	18	0
7582	18	0
7583	18	0
7584	18	0
7585	18	0
7586	17	0
7587	17	0
7588	17	0
7589	17	0
7590	17	0
7591	17	0
7592	16	0
7593	17	0
7594	17	0
7595	17	0
7596	17	0
7597	16	0
7598	17	0
7599	17	0
7600	17	0
7601	17	0
7602	17	0
7603	17	0
7604	17	0
7605	17	0
7606	17	0
7607	17	0
7608	17	0
7609	17	0
7610	17	0
7611	17	0
7612	19	0
7613	42	0
7614	84	0
7615	121	0
7616	150	0
7617	173	0
7618	189	0
7619	200	0
7620	208	0
7621	214	0
7622	217	0
7623	221	0
7624	223	0
7625	225	0
7626	227	0
7627	229	0
7628	229	0
7629	232	0
7630	234	0
7631	235	0
7632	237	0
7633	237	0
7634	239	0
7635	240	0
7636	240	0
7637	241	0
7638	239	0
7639	238	0
7640	238	0
7641	236	0
7642	235	0
7643	235	0
7644	233	0
7645	233	0
7646	234	0
7647	233	0
7648	234	0
7649	235	0
7650	236	0
7651	237	0
7652	238	0
7653	238	0
7654	239	0
7655	241	0
7656	241	0
7657	241	0
7658	240	0
7659	240	0
7660	238	0
7661	237	0
7662	237	0
7663	236	0
7664	235	0
7665	235	0
7666	234	0
7667	233	0
7668	234	0
7669	233	0
7670	233	0
7671	234	0
7672	235	0
7673	238	0
7674	238	0
7675	241	0
7676	243	0
7677	245	0
7678	245	0
7679	245	0
7680	244	0
7681	241	0
7682	237	0
7683	231	0
7684	227	0
7685	224	0
7686	226	0
7687	232	0
7688	238	0
7689	245	0
7690	246	0
7691	239	0
7692	228	0
7693	222	0
7694	228	0
7695	241	0
7696	253	0
7697	253	0
7698	241	0
7699	226	0
7700	220	0
7701	225	0
7702	238	0
7703	246	0
7704	243	0
7705	230	0
7706	217	0
7707	214	0
7708	224	0
7709	241	0
7710	249	0
7711	243	0
7712	230	0
7713	220	0
7714	222	0
7715	237	0
7716	251	0
7717	253	0
7718	242	0
7719	226	0
7720	219	0
7721	224	0
7722	232	0
7723	193	0
7724	153	0
7725	119	0
7726	94	0
7727	73	0
7728	57	0
7729	45	0
7730	36	0
7731	29	0
7732	26	0
7733	24	0
7734	27	0
7735	26	0
7736	25	0
7737	25	0
7738	24	0
7739	24	0
7740	25	0
7741	24	0
7742	24	0
7743	24	0
7744	22	0
7745	22	0
7746	21	0
7747	20	0
7748	18	0
7749	18	0
7750	17	0
7751	16	0
7752	15	0
7753	15	0
7754	14	0
7755	15	0
7756	14	0
7757	17	0
7758	17	0
7759	17	0
7760	18	0
7761	18	0
7762	20	0
7763	19	0
7764	19	0
7765	20	0
7766	19	0
7767	20	0
7768	20	0
7769	19	0
7770	18	0
7771	17	0
7772	18	0
7773	16	0
7774	17	0
7775	16	0
7776	16	0
7777	17	0
7778	16	0
7779	16	0
7780	16	0
7781	16	0
7782	17	0
7783	17	0
7784	18	0
7785	17	0
7786	18	0
7787	18	0
7788	18	0
7789	19	0
7790	18	0
7791	19	0
7792	18	0
7793	18	0
7794	17	0
7795	17	0
7796	17	0
7797	17	0
7798	16	0
7799	17	0
7800	16	0
7801	17	0
7802	16	0
7803	16	0
7804	17	0
7805	16	0
7806	17	0
7807	17	0
7808	17	0
7809	16	0
7810	18	0
7811	18	0
7812	18	0
7813	18	0
7814	18	0
7815	18	0
7816	17	0
7817	17	0
7818	17	0
7819	17	0
7820	17	0
7821	17	0
7822	17	0
7823	17	0
7824	17	0
7825	16	0
7826	16	0
7827	17	0
7828	16	0
7829	17	0
7830	17	0
7831	17	0
7832	16	0
7833	17	0
7834	17	0
7835	17	0
7836	16	0
7837	17	0
7838	17	0
7839	17	0
7840	17	0
7841	17	0
7842	18	0
7843	17	0
7844	17	0
7845	17	0
7846	17	0
7847	17	0
7848	18	0
7849	17	0
7850	17	0
7851	17	0
7852	16	0
7853	17	0
7854	17	0
7855	17	0
7856	17	0
7857	17	0
7858	17	0
7859	17	0
7860	17	0
7861	17	0
7862	17	0
7863	17	0
7864	17	0
7865	17	0
7866	17	0
7867	16	0
7868	17	0
7869	17	0
7870	17	0
7871	17	0
7872	17	0
7873	17	0
7874	17	0
7875	16	0
7876	17	0
7877	17	0
7878	17	0
7879	17	0
7880	17	0
7881	17	0
7882	16	0
7883	17	0
7884	16	0
7885	17	0
7886	17	0
7887	17	0
7888	17	0
7889	17	0
7890	18	0
7891	17	0
7892	17	0
7893	17	0
7894	17	0
7895	16	0
7896	17	0
7897	17	0
7898	16	0
7899	16	0
7900	17	0
7901	16	0
7902	17	0
7903	17	0
7904	16	0
7905	17	0
7906	17	0
7907	17	0
7908	16	0
7909	16	0
7910	17	0
7911	17	0
7912	17	0
7913	17	0
7914	17	0
7915	17	0
7916	17	0
7917	17	0
7918	17	0
7919	17	0
7920	17	0
7921	17	0
7922	17	0
7923	17	0
7924	17	0
7925	16	0
7926	17	0
7927	17	0
7928	17	0
7929	18	0
7930	16	0
7931	17	0
7932	17	0
7933	17	0
7934	17	0
7935	17	0
7936	17	0
7937	16	0
7938	16	0
7939	17	0
7940	17	0
7941	17	0
7942	17	0
7943	17	0
7944	18	0
7945	17	0
7946	17	0
7947	17	0
7948	16	0
7949	18	0
7950	17	0
7951	17	0
7952	17	0
7953	17	0
7954	17	0
7955	17	0
7956	17	0
7957	17	0
7958	17	0
7959	17	0
7960	16	0
7961	17	0
7962	17	0
7963	17	0
7964	17	0
7965	16	0
7966	16	0
7967	17	0
7968	18	0
7969	17	0
7970	17	0
7971	17	0
7972	17	0
7973	18	0
7974	17	0
7975	17	0
7976	16	0
7977	17	0
7978	17	0
7979	18	0
7980	17	0
7981	17	0
7982	17	0
7983	17	0
7984	16	0
7985	17	0
7986	17	0
7987	17	0
7988	16	0
7989	17	0
7990	17	0
7991	17	0
7992	17	0
7993	17	0
7994	18	0
7995	17	0
7996	17	0
7997	17	0
7998	16	0
7999	17	0
