Oscilloscope data. 
Time step = 40,00 nS
Voltage step = 1,563 mV
Zero level = 22

N 	Smpl.	Trig

0	17	0
1	134	0
2	203	0
3	221	0
4	229	0
5	235	0
6	239	0
7	238	0
8	233	0
9	233	0
10	237	0
11	240	0
12	237	0
13	234	0
14	236	0
15	235	0
16	237	0
17	248	0
18	221	0
19	246	0
20	219	0
21	245	0
22	236	0
23	221	0
24	244	0
25	216	0
26	247	0
27	235	0
28	169	0
29	54	0
30	36	0
31	35	0
32	23	0
33	17	0
34	14	0
35	17	0
36	19	0
37	20	0
38	18	0
39	16	0
40	14	0
41	17	0
42	19	0
43	18	0
44	17	0
45	15	0
46	16	0
47	17	0
48	18	0
49	18	0
50	17	0
51	16	0
52	15	0
53	17	0
54	18	0
55	17	0
56	17	0
57	17	0
58	17	0
59	16	0
60	16	0
61	18	0
62	17	0
63	17	0
64	16	0
65	16	0
66	17	0
67	17	0
68	17	0
69	16	0
70	16	0
71	17	0
72	17	0
73	17	0
74	16	0
75	16	0
76	16	0
77	17	0
78	17	0
79	17	0
80	17	0
81	17	0
82	17	0
83	17	0
84	17	0
85	17	0
86	17	0
87	17	0
88	17	0
89	17	0
90	17	0
91	17	0
92	17	0
93	17	0
94	17	0
95	16	0
96	17	0
97	17	0
98	17	0
99	17	0
100	16	0
101	17	0
102	18	0
103	16	0
104	17	0
105	17	0
106	17	0
107	17	0
108	17	0
109	16	0
110	17	0
111	17	0
112	16	0
113	17	0
114	16	0
115	17	0
116	17	0
117	17	0
118	16	0
119	16	0
120	17	0
121	17	0
122	17	0
123	17	0
124	16	0
125	17	0
126	17	0
127	16	0
128	17	0
129	17	0
130	16	0
131	17	0
132	15	0
133	17	0
134	16	0
135	17	0
136	17	0
137	17	0
138	17	0
139	16	0
140	16	0
141	17	0
142	16	0
143	16	0
144	17	0
145	16	0
146	17	0
147	16	0
148	17	0
149	17	0
150	17	0
151	17	0
152	17	0
153	17	0
154	17	0
155	16	0
156	17	0
157	16	0
158	16	0
159	17	0
160	17	0
161	16	0
162	16	0
163	17	0
164	17	0
165	17	0
166	17	0
167	16	0
168	16	0
169	17	0
170	17	0
171	17	0
172	16	0
173	17	0
174	17	0
175	17	0
176	16	0
177	17	0
178	17	0
179	16	0
180	17	0
181	17	0
182	17	0
183	17	0
184	17	0
185	17	0
186	17	0
187	17	0
188	16	0
189	17	0
190	16	0
191	16	0
192	16	0
193	17	0
194	16	0
195	17	0
196	16	0
197	17	0
198	17	0
199	17	0
200	17	0
201	17	0
202	17	0
203	17	0
204	16	0
205	16	0
206	17	0
207	17	0
208	17	0
209	16	0
210	16	0
211	17	0
212	16	0
213	17	0
214	17	0
215	16	0
216	17	0
217	16	0
218	17	0
219	17	0
220	17	0
221	16	0
222	16	0
223	17	0
224	16	0
225	17	0
226	17	0
227	16	0
228	17	0
229	17	0
230	17	0
231	17	0
232	17	0
233	17	0
234	17	0
235	17	0
236	16	0
237	17	0
238	17	0
239	125	0
240	201	0
241	221	0
242	228	0
243	235	0
244	240	0
245	238	0
246	233	0
247	232	0
248	238	0
249	240	0
250	238	0
251	233	0
252	237	0
253	236	0
254	234	0
255	250	0
256	218	0
257	243	0
258	225	0
259	234	0
260	247	0
261	214	0
262	243	0
263	222	0
264	235	0
265	245	0
266	175	0
267	66	0
268	44	0
269	34	0
270	17	0
271	14	0
272	17	0
273	21	0
274	20	0
275	17	0
276	14	0
277	15	0
278	16	0
279	19	0
280	19	0
281	17	0
282	16	0
283	16	0
284	17	0
285	17	0
286	18	0
287	17	0
288	16	0
289	15	0
290	17	0
291	17	0
292	17	0
293	17	0
294	17	0
295	16	0
296	17	0
297	17	0
298	17	0
299	16	0
300	17	0
301	16	0
302	17	0
303	17	0
304	17	0
305	18	0
306	17	0
307	17	0
308	17	0
309	17	0
310	17	0
311	17	0
312	17	0
313	17	0
314	17	0
315	16	0
316	17	0
317	17	0
318	17	0
319	17	0
320	17	0
321	16	0
322	17	0
323	17	0
324	17	0
325	17	0
326	16	0
327	17	0
328	17	0
329	17	0
330	16	0
331	16	0
332	17	0
333	16	0
334	17	0
335	16	0
336	16	0
337	17	0
338	16	0
339	17	0
340	16	0
341	16	0
342	16	0
343	16	0
344	17	0
345	16	0
346	16	0
347	17	0
348	17	0
349	17	0
350	16	0
351	16	0
352	16	0
353	16	0
354	17	0
355	17	0
356	16	0
357	16	0
358	17	0
359	16	0
360	17	0
361	16	0
362	17	0
363	17	0
364	16	0
365	17	0
366	17	0
367	17	0
368	17	0
369	17	0
370	16	0
371	15	0
372	17	0
373	16	0
374	18	0
375	16	0
376	16	0
377	17	0
378	17	0
379	16	0
380	17	0
381	17	0
382	18	0
383	17	0
384	17	0
385	17	0
386	17	0
387	16	0
388	16	0
389	17	0
390	17	0
391	17	0
392	17	0
393	17	0
394	17	0
395	17	0
396	16	0
397	17	0
398	17	0
399	16	0
400	17	0
401	16	0
402	16	0
403	17	0
404	16	0
405	17	0
406	16	0
407	16	0
408	17	0
409	17	0
410	17	0
411	16	0
412	17	0
413	17	0
414	17	0
415	17	0
416	17	0
417	16	0
418	17	0
419	16	0
420	17	0
421	17	0
422	17	0
423	17	0
424	16	0
425	17	0
426	17	0
427	17	0
428	18	0
429	16	0
430	16	0
431	16	0
432	17	0
433	17	0
434	17	0
435	17	0
436	16	0
437	17	0
438	17	0
439	17	0
440	17	0
441	16	0
442	17	0
443	17	0
444	18	0
445	17	0
446	16	0
447	17	0
448	17	0
449	17	0
450	17	0
451	16	0
452	17	0
453	16	0
454	17	0
455	17	0
456	17	0
457	17	0
458	17	0
459	17	0
460	17	0
461	16	0
462	16	0
463	17	0
464	17	0
465	16	0
466	17	0
467	18	0
468	18	0
469	18	0
470	16	0
471	16	0
472	16	0
473	17	0
474	17	0
475	17	0
476	17	0
477	73	0
478	184	0
479	216	0
480	227	0
481	234	0
482	238	0
483	238	0
484	235	0
485	233	0
486	234	0
487	238	0
488	241	0
489	238	0
490	232	0
491	230	0
492	246	0
493	233	0
494	246	0
495	216	0
496	248	0
497	225	0
498	238	0
499	239	0
500	214	0
501	246	0
502	222	0
503	239	0
504	237	0
505	101	0
506	36	0
507	28	0
508	26	0
509	24	0
510	19	0
511	16	0
512	14	0
513	16	0
514	19	0
515	19	0
516	18	0
517	15	0
518	14	0
519	17	0
520	18	0
521	18	0
522	17	0
523	15	0
524	15	0
525	17	0
526	18	0
527	18	0
528	17	0
529	16	0
530	16	0
531	16	0
532	17	0
533	17	0
534	17	0
535	17	0
536	16	0
537	16	0
538	17	0
539	16	0
540	18	0
541	17	0
542	16	0
543	17	0
544	16	0
545	16	0
546	17	0
547	17	0
548	16	0
549	17	0
550	16	0
551	16	0
552	16	0
553	17	0
554	17	0
555	16	0
556	16	0
557	17	0
558	17	0
559	17	0
560	17	0
561	17	0
562	16	0
563	17	0
564	17	0
565	17	0
566	17	0
567	17	0
568	16	0
569	16	0
570	17	0
571	17	0
572	17	0
573	16	0
574	17	0
575	17	0
576	17	0
577	17	0
578	17	0
579	17	0
580	17	0
581	16	0
582	17	0
583	17	0
584	17	0
585	17	0
586	17	0
587	17	0
588	16	0
589	17	0
590	16	0
591	17	0
592	16	0
593	17	0
594	17	0
595	17	0
596	17	0
597	17	0
598	17	0
599	17	0
600	16	0
601	17	0
602	17	0
603	17	0
604	17	0
605	17	0
606	17	0
607	17	0
608	14	0
609	15	0
610	16	0
611	16	0
612	16	0
613	16	0
614	16	0
615	18	0
616	17	0
617	17	0
618	17	0
619	16	0
620	17	0
621	17	0
622	17	0
623	16	0
624	16	0
625	17	0
626	17	0
627	17	0
628	17	0
629	17	0
630	17	0
631	17	0
632	16	0
633	17	0
634	17	0
635	16	0
636	17	0
637	17	0
638	16	0
639	17	0
640	16	0
641	16	0
642	17	0
643	17	0
644	17	0
645	17	0
646	17	0
647	17	0
648	17	0
649	16	0
650	17	0
651	16	0
652	17	0
653	17	0
654	16	0
655	17	0
656	16	0
657	17	0
658	17	0
659	17	0
660	16	0
661	17	0
662	16	0
663	17	0
664	16	0
665	16	0
666	16	0
667	16	0
668	17	0
669	16	0
670	18	0
671	17	0
672	17	0
673	16	0
674	16	0
675	17	0
676	17	0
677	17	0
678	17	0
679	16	0
680	16	0
681	17	0
682	17	0
683	17	0
684	17	0
685	17	0
686	16	0
687	17	0
688	17	0
689	17	0
690	17	0
691	17	0
692	16	0
693	17	0
694	16	0
695	17	0
696	16	0
697	17	0
698	17	0
699	17	0
700	17	0
701	16	0
702	17	0
703	17	0
704	16	0
705	18	0
706	17	0
707	17	0
708	17	0
709	16	0
710	17	0
711	17	0
712	17	0
713	17	0
714	17	0
715	97	0
716	192	0
717	218	0
718	227	0
719	233	0
720	239	0
721	238	0
722	234	0
723	233	0
724	234	0
725	239	0
726	240	0
727	235	0
728	231	0
729	234	0
730	243	0
731	243	0
732	229	0
733	238	0
734	227	0
735	250	0
736	221	0
737	244	0
738	221	0
739	229	0
740	248	0
741	219	0
742	235	0
743	73	0
744	34	0
745	38	0
746	28	0
747	21	0
748	14	0
749	14	0
750	18	0
751	20	0
752	19	0
753	17	0
754	15	0
755	16	0
756	18	0
757	19	0
758	19	0
759	17	0
760	15	0
761	16	0
762	17	0
763	17	0
764	19	0
765	16	0
766	17	0
767	16	0
768	17	0
769	18	0
770	17	0
771	18	0
772	16	0
773	16	0
774	16	0
775	16	0
776	17	0
777	17	0
778	17	0
779	16	0
780	16	0
781	17	0
782	17	0
783	16	0
784	17	0
785	16	0
786	16	0
787	17	0
788	17	0
789	17	0
790	17	0
791	17	0
792	17	0
793	17	0
794	17	0
795	17	0
796	16	0
797	16	0
798	17	0
799	17	0
800	17	0
801	16	0
802	17	0
803	17	0
804	17	0
805	17	0
806	17	0
807	16	0
808	17	0
809	17	0
810	17	0
811	17	0
812	17	0
813	17	0
814	16	0
815	17	0
816	17	0
817	17	0
818	16	0
819	17	0
820	17	0
821	17	0
822	17	0
823	17	0
824	17	0
825	17	0
826	16	0
827	17	0
828	17	0
829	17	0
830	17	0
831	17	0
832	16	0
833	16	0
834	16	0
835	17	0
836	17	0
837	17	0
838	17	0
839	16	0
840	17	0
841	16	0
842	16	0
843	17	0
844	16	0
845	16	0
846	16	0
847	15	0
848	16	0
849	17	0
850	17	0
851	17	0
852	17	0
853	16	0
854	17	0
855	16	0
856	17	0
857	16	0
858	17	0
859	17	0
860	16	0
861	16	0
862	17	0
863	16	0
864	17	0
865	17	0
866	17	0
867	17	0
868	17	0
869	17	0
870	17	0
871	17	0
872	17	0
873	17	0
874	16	0
875	17	0
876	16	0
877	17	0
878	17	0
879	16	0
880	17	0
881	17	0
882	16	0
883	17	0
884	17	0
885	16	0
886	17	0
887	17	0
888	16	0
889	17	0
890	16	0
891	17	0
892	17	0
893	17	0
894	17	0
895	17	0
896	17	0
897	17	0
898	17	0
899	17	0
900	17	0
901	17	0
902	16	0
903	17	0
904	17	0
905	16	0
906	17	0
907	16	0
908	17	0
909	17	0
910	17	0
911	17	0
912	17	0
913	17	0
914	16	0
915	17	0
916	16	0
917	16	0
918	16	0
919	17	0
920	16	0
921	17	0
922	17	0
923	17	0
924	17	0
925	16	0
926	17	0
927	17	0
928	17	0
929	17	0
930	17	0
931	17	0
932	17	0
933	17	0
934	16	0
935	17	0
936	17	0
937	17	0
938	16	0
939	16	0
940	17	0
941	17	0
942	17	0
943	18	0
944	17	0
945	18	0
946	17	0
947	17	0
948	17	0
949	16	0
950	17	0
951	16	0
952	31	0
953	166	0
954	211	0
955	224	0
956	230	0
957	237	0
958	240	0
959	236	0
960	233	0
961	234	0
962	238	0
963	240	0
964	238	0
965	233	0
966	232	0
967	238	0
968	245	0
969	237	0
970	227	0
971	245	0
972	225	0
973	245	0
974	234	0
975	219	0
976	245	0
977	218	0
978	247	0
979	231	0
980	127	0
981	43	0
982	28	0
983	30	0
984	24	0
985	19	0
986	15	0
987	16	0
988	17	0
989	20	0
990	19	0
991	17	0
992	14	0
993	16	0
994	16	0
995	18	0
996	18	0
997	16	0
998	15	0
999	14	0
1000	17	0
1001	18	0
1002	18	0
1003	17	0
1004	16	0
1005	15	0
1006	16	0
1007	17	0
1008	17	0
1009	17	0
1010	15	0
1011	15	0
1012	15	0
1013	16	0
1014	17	0
1015	17	0
1016	17	0
1017	17	0
1018	16	0
1019	17	0
1020	17	0
1021	17	0
1022	17	0
1023	17	0
1024	16	0
1025	17	0
1026	16	0
1027	17	0
1028	17	0
1029	17	0
1030	17	0
1031	17	0
1032	17	0
1033	17	0
1034	17	0
1035	17	0
1036	17	0
1037	16	0
1038	17	0
1039	17	0
1040	17	0
1041	17	0
1042	17	0
1043	16	0
1044	16	0
1045	16	0
1046	16	0
1047	16	0
1048	16	0
1049	17	0
1050	17	0
1051	17	0
1052	16	0
1053	17	0
1054	16	0
1055	16	0
1056	17	0
1057	16	0
1058	17	0
1059	17	0
1060	16	0
1061	17	0
1062	16	0
1063	17	0
1064	16	0
1065	17	0
1066	17	0
1067	17	0
1068	17	0
1069	17	0
1070	17	0
1071	17	0
1072	17	0
1073	16	0
1074	17	0
1075	16	0
1076	16	0
1077	17	0
1078	17	0
1079	17	0
1080	17	0
1081	17	0
1082	16	0
1083	15	0
1084	14	0
1085	16	0
1086	17	0
1087	17	0
1088	17	0
1089	16	0
1090	17	0
1091	17	0
1092	16	0
1093	17	0
1094	17	0
1095	17	0
1096	16	0
1097	17	0
1098	17	0
1099	16	0
1100	16	0
1101	17	0
1102	17	0
1103	17	0
1104	17	0
1105	17	0
1106	17	0
1107	17	0
1108	17	0
1109	17	0
1110	17	0
1111	17	0
1112	16	0
1113	16	0
1114	16	0
1115	17	0
1116	17	0
1117	17	0
1118	16	0
1119	17	0
1120	17	0
1121	16	0
1122	16	0
1123	17	0
1124	17	0
1125	17	0
1126	16	0
1127	16	0
1128	17	0
1129	16	0
1130	17	0
1131	17	0
1132	17	0
1133	17	0
1134	17	0
1135	17	0
1136	17	0
1137	17	0
1138	17	0
1139	17	0
1140	17	0
1141	16	0
1142	17	0
1143	16	0
1144	17	0
1145	17	0
1146	17	0
1147	16	0
1148	16	0
1149	16	0
1150	17	0
1151	17	0
1152	16	0
1153	17	0
1154	18	0
1155	16	0
1156	17	0
1157	18	0
1158	17	0
1159	16	0
1160	17	0
1161	16	0
1162	17	0
1163	17	0
1164	16	0
1165	16	0
1166	17	0
1167	17	0
1168	17	0
1169	17	0
1170	17	0
1171	17	0
1172	17	0
1173	17	0
1174	17	0
1175	17	0
1176	16	0
1177	16	0
1178	16	0
1179	16	0
1180	17	0
1181	18	0
1182	18	0
1183	17	0
1184	17	0
1185	17	0
1186	17	0
1187	16	0
1188	17	0
1189	17	0
1190	61	0
1191	181	0
1192	214	0
1193	226	0
1194	233	0
1195	238	0
1196	241	0
1197	235	0
1198	233	0
1199	234	0
1200	239	0
1201	242	0
1202	235	0
1203	230	0
1204	237	0
1205	244	0
1206	234	0
1207	243	0
1208	221	0
1209	246	0
1210	221	0
1211	246	0
1212	230	0
1213	222	0
1214	245	0
1215	219	0
1216	248	0
1217	229	0
1218	111	0
1219	40	0
1220	26	0
1221	25	0
1222	25	0
1223	21	0
1224	15	0
1225	14	0
1226	16	0
1227	20	0
1228	19	0
1229	18	0
1230	16	0
1231	15	0
1232	16	0
1233	19	0
1234	18	0
1235	17	0
1236	17	0
1237	16	0
1238	16	0
1239	16	0
1240	18	0
1241	17	0
1242	16	0
1243	16	0
1244	16	0
1245	16	0
1246	17	0
1247	18	0
1248	17	0
1249	17	0
1250	16	0
1251	16	0
1252	17	0
1253	18	0
1254	17	0
1255	17	0
1256	17	0
1257	16	0
1258	16	0
1259	17	0
1260	17	0
1261	17	0
1262	17	0
1263	16	0
1264	17	0
1265	16	0
1266	17	0
1267	17	0
1268	16	0
1269	17	0
1270	16	0
1271	17	0
1272	17	0
1273	17	0
1274	17	0
1275	17	0
1276	17	0
1277	17	0
1278	17	0
1279	17	0
1280	16	0
1281	16	0
1282	17	0
1283	17	0
1284	16	0
1285	17	0
1286	17	0
1287	16	0
1288	17	0
1289	17	0
1290	17	0
1291	17	0
1292	16	0
1293	16	0
1294	17	0
1295	17	0
1296	17	0
1297	17	0
1298	17	0
1299	17	0
1300	17	0
1301	17	0
1302	16	0
1303	16	0
1304	16	0
1305	16	0
1306	16	0
1307	16	0
1308	16	0
1309	17	0
1310	17	0
1311	17	0
1312	17	0
1313	17	0
1314	17	0
1315	16	0
1316	16	0
1317	17	0
1318	17	0
1319	17	0
1320	16	0
1321	14	0
1322	16	0
1323	17	0
1324	17	0
1325	17	0
1326	17	0
1327	17	0
1328	16	0
1329	16	0
1330	17	0
1331	16	0
1332	16	0
1333	17	0
1334	17	0
1335	16	0
1336	16	0
1337	17	0
1338	17	0
1339	17	0
1340	16	0
1341	17	0
1342	16	0
1343	17	0
1344	16	0
1345	17	0
1346	17	0
1347	17	0
1348	17	0
1349	16	0
1350	17	0
1351	17	0
1352	16	0
1353	16	0
1354	16	0
1355	17	0
1356	17	0
1357	17	0
1358	17	0
1359	17	0
1360	16	0
1361	17	0
1362	17	0
1363	16	0
1364	17	0
1365	17	0
1366	17	0
1367	16	0
1368	17	0
1369	17	0
1370	16	0
1371	17	0
1372	16	0
1373	17	0
1374	16	0
1375	16	0
1376	17	0
1377	16	0
1378	17	0
1379	16	0
1380	16	0
1381	17	0
1382	16	0
1383	17	0
1384	16	0
1385	16	0
1386	17	0
1387	17	0
1388	17	0
1389	17	0
1390	17	0
1391	17	0
1392	17	0
1393	17	0
1394	17	0
1395	17	0
1396	17	0
1397	17	0
1398	18	0
1399	17	0
1400	16	0
1401	17	0
1402	17	0
1403	16	0
1404	17	0
1405	17	0
1406	17	0
1407	17	0
1408	16	0
1409	17	0
1410	17	0
1411	17	0
1412	17	0
1413	17	0
1414	17	0
1415	17	0
1416	16	0
1417	17	0
1418	18	0
1419	18	0
1420	17	0
1421	17	0
1422	16	0
1423	16	0
1424	17	0
1425	17	0
1426	17	0
1427	33	0
1428	166	0
1429	211	0
1430	224	0
1431	231	0
1432	237	0
1433	239	0
1434	237	0
1435	233	0
1436	234	0
1437	236	0
1438	241	0
1439	239	0
1440	233	0
1441	229	0
1442	244	0
1443	235	0
1444	245	0
1445	216	0
1446	246	0
1447	222	0
1448	241	0
1449	238	0
1450	216	0
1451	246	0
1452	220	0
1453	243	0
1454	238	0
1455	122	0
1456	41	0
1457	30	0
1458	30	0
1459	24	0
1460	17	0
1461	15	0
1462	16	0
1463	18	0
1464	21	0
1465	19	0
1466	17	0
1467	14	0
1468	16	0
1469	18	0
1470	19	0
1471	17	0
1472	16	0
1473	15	0
1474	16	0
1475	16	0
1476	18	0
1477	18	0
1478	16	0
1479	16	0
1480	16	0
1481	18	0
1482	17	0
1483	18	0
1484	17	0
1485	16	0
1486	16	0
1487	17	0
1488	17	0
1489	17	0
1490	17	0
1491	16	0
1492	17	0
1493	16	0
1494	17	0
1495	17	0
1496	16	0
1497	17	0
1498	17	0
1499	16	0
1500	17	0
1501	17	0
1502	17	0
1503	17	0
1504	16	0
1505	16	0
1506	17	0
1507	17	0
1508	17	0
1509	16	0
1510	17	0
1511	16	0
1512	17	0
1513	17	0
1514	17	0
1515	17	0
1516	17	0
1517	16	0
1518	16	0
1519	17	0
1520	17	0
1521	17	0
1522	17	0
1523	17	0
1524	17	0
1525	17	0
1526	17	0
1527	16	0
1528	17	0
1529	17	0
1530	16	0
1531	17	0
1532	17	0
1533	16	0
1534	17	0
1535	17	0
1536	17	0
1537	17	0
1538	16	0
1539	16	0
1540	17	0
1541	17	0
1542	17	0
1543	17	0
1544	17	0
1545	16	0
1546	16	0
1547	17	0
1548	16	0
1549	17	0
1550	17	0
1551	16	0
1552	17	0
1553	17	0
1554	17	0
1555	16	0
1556	17	0
1557	17	0
1558	17	0
1559	14	0
1560	17	0
1561	17	0
1562	17	0
1563	17	0
1564	17	0
1565	17	0
1566	17	0
1567	17	0
1568	17	0
1569	17	0
1570	17	0
1571	17	0
1572	17	0
1573	17	0
1574	17	0
1575	17	0
1576	17	0
1577	17	0
1578	17	0
1579	17	0
1580	17	0
1581	17	0
1582	17	0
1583	17	0
1584	16	0
1585	17	0
1586	17	0
1587	17	0
1588	16	0
1589	16	0
1590	17	0
1591	17	0
1592	16	0
1593	17	0
1594	17	0
1595	17	0
1596	17	0
1597	17	0
1598	17	0
1599	16	0
1600	17	0
1601	17	0
1602	16	0
1603	17	0
1604	16	0
1605	17	0
1606	17	0
1607	17	0
1608	17	0
1609	16	0
1610	17	0
1611	17	0
1612	16	0
1613	17	0
1614	17	0
1615	17	0
1616	17	0
1617	16	0
1618	17	0
1619	17	0
1620	18	0
1621	16	0
1622	16	0
1623	16	0
1624	16	0
1625	17	0
1626	16	0
1627	17	0
1628	17	0
1629	16	0
1630	16	0
1631	17	0
1632	17	0
1633	16	0
1634	17	0
1635	16	0
1636	17	0
1637	16	0
1638	17	0
1639	17	0
1640	17	0
1641	17	0
1642	17	0
1643	17	0
1644	17	0
1645	16	0
1646	18	0
1647	16	0
1648	17	0
1649	17	0
1650	16	0
1651	17	0
1652	17	0
1653	17	0
1654	16	0
1655	17	0
1656	18	0
1657	17	0
1658	18	0
1659	16	0
1660	17	0
1661	16	0
1662	17	0
1663	17	0
1664	17	0
1665	17	0
1666	124	0
1667	201	0
1668	220	0
1669	228	0
1670	235	0
1671	239	0
1672	238	0
1673	234	0
1674	232	0
1675	236	0
1676	240	0
1677	238	0
1678	234	0
1679	233	0
1680	236	0
1681	240	0
1682	240	0
1683	235	0
1684	232	0
1685	234	0
1686	244	0
1687	242	0
1688	225	0
1689	243	0
1690	226	0
1691	235	0
1692	246	0
1693	177	0
1694	66	0
1695	45	0
1696	34	0
1697	18	0
1698	15	0
1699	18	0
1700	20	0
1701	21	0
1702	18	0
1703	16	0
1704	15	0
1705	16	0
1706	19	0
1707	19	0
1708	17	0
1709	16	0
1710	16	0
1711	17	0
1712	17	0
1713	18	0
1714	17	0
1715	17	0
1716	15	0
1717	16	0
1718	17	0
1719	18	0
1720	17	0
1721	16	0
1722	17	0
1723	17	0
1724	17	0
1725	17	0
1726	17	0
1727	16	0
1728	17	0
1729	17	0
1730	17	0
1731	17	0
1732	17	0
1733	16	0
1734	17	0
1735	17	0
1736	17	0
1737	17	0
1738	16	0
1739	17	0
1740	17	0
1741	17	0
1742	17	0
1743	17	0
1744	17	0
1745	17	0
1746	17	0
1747	17	0
1748	17	0
1749	17	0
1750	17	0
1751	17	0
1752	17	0
1753	17	0
1754	16	0
1755	17	0
1756	17	0
1757	17	0
1758	16	0
1759	17	0
1760	17	0
1761	16	0
1762	17	0
1763	17	0
1764	16	0
1765	17	0
1766	16	0
1767	17	0
1768	17	0
1769	17	0
1770	17	0
1771	16	0
1772	17	0
1773	17	0
1774	17	0
1775	16	0
1776	17	0
1777	17	0
1778	17	0
1779	16	0
1780	16	0
1781	17	0
1782	16	0
1783	17	0
1784	16	0
1785	16	0
1786	17	0
1787	17	0
1788	17	0
1789	16	0
1790	16	0
1791	16	0
1792	16	0
1793	17	0
1794	17	0
1795	16	0
1796	16	0
1797	14	0
1798	14	0
1799	16	0
1800	16	0
1801	17	0
1802	16	0
1803	16	0
1804	17	0
1805	17	0
1806	17	0
1807	16	0
1808	17	0
1809	16	0
1810	17	0
1811	17	0
1812	17	0
1813	17	0
1814	17	0
1815	17	0
1816	17	0
1817	17	0
1818	17	0
1819	17	0
1820	17	0
1821	17	0
1822	17	0
1823	17	0
1824	16	0
1825	16	0
1826	17	0
1827	17	0
1828	17	0
1829	17	0
1830	16	0
1831	16	0
1832	17	0
1833	16	0
1834	17	0
1835	17	0
1836	16	0
1837	16	0
1838	17	0
1839	16	0
1840	17	0
1841	16	0
1842	17	0
1843	17	0
1844	16	0
1845	17	0
1846	17	0
1847	17	0
1848	17	0
1849	17	0
1850	17	0
1851	16	0
1852	17	0
1853	17	0
1854	17	0
1855	17	0
1856	17	0
1857	16	0
1858	17	0
1859	17	0
1860	17	0
1861	18	0
1862	17	0
1863	17	0
1864	16	0
1865	17	0
1866	17	0
1867	17	0
1868	16	0
1869	17	0
1870	17	0
1871	17	0
1872	17	0
1873	16	0
1874	16	0
1875	17	0
1876	17	0
1877	17	0
1878	17	0
1879	16	0
1880	17	0
1881	16	0
1882	17	0
1883	16	0
1884	17	0
1885	16	0
1886	17	0
1887	16	0
1888	17	0
1889	17	0
1890	17	0
1891	17	0
1892	17	0
1893	17	0
1894	17	0
1895	19	0
1896	19	0
1897	17	0
1898	16	0
1899	17	0
1900	16	0
1901	17	0
1902	17	0
1903	16	0
1904	59	0
1905	180	0
1906	215	0
1907	226	0
1908	232	0
1909	238	0
1910	239	0
1911	236	0
1912	233	0
1913	234	0
1914	238	0
1915	241	0
1916	238	0
1917	233	0
1918	232	0
1919	238	0
1920	246	0
1921	229	0
1922	240	0
1923	220	0
1924	252	0
1925	225	0
1926	238	0
1927	232	0
1928	219	0
1929	251	0
1930	222	0
1931	238	0
1932	87	0
1933	50	0
1934	41	0
1935	25	0
1936	17	0
1937	16	0
1938	18	0
1939	21	0
1940	20	0
1941	17	0
1942	14	0
1943	17	0
1944	18	0
1945	19	0
1946	18	0
1947	16	0
1948	16	0
1949	17	0
1950	17	0
1951	18	0
1952	17	0
1953	16	0
1954	16	0
1955	17	0
1956	17	0
1957	18	0
1958	18	0
1959	17	0
1960	17	0
1961	16	0
1962	16	0
1963	17	0
1964	16	0
1965	17	0
1966	17	0
1967	17	0
1968	17	0
1969	17	0
1970	16	0
1971	16	0
1972	17	0
1973	17	0
1974	16	0
1975	17	0
1976	16	0
1977	17	0
1978	16	0
1979	16	0
1980	17	0
1981	17	0
1982	17	0
1983	17	0
1984	16	0
1985	17	0
1986	16	0
1987	16	0
1988	16	0
1989	17	0
1990	17	0
1991	17	0
1992	16	0
1993	17	0
1994	17	0
1995	17	0
1996	17	0
1997	17	0
1998	17	0
1999	17	0
2000	17	0
2001	17	0
2002	17	0
2003	16	0
2004	17	0
2005	17	0
2006	16	0
2007	17	0
2008	17	0
2009	17	0
2010	17	0
2011	16	0
2012	17	0
2013	17	0
2014	17	0
2015	17	0
2016	17	0
2017	16	0
2018	16	0
2019	16	0
2020	16	0
2021	17	0
2022	16	0
2023	17	0
2024	18	0
2025	17	0
2026	17	0
2027	17	0
2028	16	0
2029	18	0
2030	17	0
2031	16	0
2032	17	0
2033	17	0
2034	15	0
2035	14	0
2036	16	0
2037	16	0
2038	16	0
2039	17	0
2040	17	0
2041	17	0
2042	17	0
2043	16	0
2044	17	0
2045	17	0
2046	17	0
2047	17	0
2048	17	0
2049	17	0
2050	17	0
2051	17	0
2052	17	0
2053	17	0
2054	17	0
2055	17	0
2056	17	0
2057	17	0
2058	17	0
2059	16	0
2060	17	0
2061	16	0
2062	17	0
2063	17	0
2064	17	0
2065	16	0
2066	17	0
2067	17	0
2068	17	0
2069	17	0
2070	17	0
2071	17	0
2072	17	0
2073	17	0
2074	17	0
2075	17	0
2076	17	0
2077	17	0
2078	17	0
2079	17	0
2080	17	0
2081	16	0
2082	17	0
2083	16	0
2084	17	0
2085	17	0
2086	17	0
2087	17	0
2088	17	0
2089	17	0
2090	17	0
2091	17	0
2092	17	0
2093	17	0
2094	17	0
2095	16	0
2096	17	0
2097	17	0
2098	17	0
2099	18	0
2100	16	0
2101	17	0
2102	17	0
2103	17	0
2104	17	0
2105	16	0
2106	17	0
2107	17	0
2108	17	0
2109	16	0
2110	17	0
2111	17	0
2112	17	0
2113	17	0
2114	17	0
2115	17	0
2116	17	0
2117	17	0
2118	17	0
2119	17	0
2120	17	0
2121	17	0
2122	17	0
2123	16	0
2124	17	0
2125	17	0
2126	16	0
2127	16	0
2128	17	0
2129	17	0
2130	16	0
2131	17	0
2132	18	0
2133	18	0
2134	17	0
2135	16	0
2136	17	0
2137	17	0
2138	17	0
2139	16	0
2140	17	0
2141	33	0
2142	166	0
2143	211	0
2144	224	0
2145	230	0
2146	237	0
2147	241	0
2148	237	0
2149	231	0
2150	233	0
2151	239	0
2152	240	0
2153	235	0
2154	232	0
2155	237	0
2156	238	0
2157	234	0
2158	247	0
2159	217	0
2160	242	0
2161	231	0
2162	230	0
2163	246	0
2164	214	0
2165	243	0
2166	229	0
2167	231	0
2168	246	0
2169	112	0
2170	44	0
2171	36	0
2172	30	0
2173	21	0
2174	15	0
2175	14	0
2176	18	0
2177	19	0
2178	19	0
2179	17	0
2180	15	0
2181	15	0
2182	17	0
2183	19	0
2184	18	0
2185	17	0
2186	17	0
2187	14	0
2188	17	0
2189	17	0
2190	19	0
2191	18	0
2192	16	0
2193	16	0
2194	16	0
2195	16	0
2196	17	0
2197	17	0
2198	17	0
2199	16	0
2200	16	0
2201	16	0
2202	17	0
2203	17	0
2204	17	0
2205	17	0
2206	17	0
2207	17	0
2208	17	0
2209	17	0
2210	17	0
2211	17	0
2212	17	0
2213	16	0
2214	16	0
2215	17	0
2216	17	0
2217	16	0
2218	17	0
2219	16	0
2220	16	0
2221	17	0
2222	16	0
2223	17	0
2224	16	0
2225	17	0
2226	17	0
2227	17	0
2228	17	0
2229	16	0
2230	17	0
2231	16	0
2232	16	0
2233	16	0
2234	16	0
2235	17	0
2236	16	0
2237	17	0
2238	17	0
2239	16	0
2240	17	0
2241	16	0
2242	17	0
2243	16	0
2244	17	0
2245	17	0
2246	17	0
2247	17	0
2248	16	0
2249	17	0
2250	17	0
2251	17	0
2252	16	0
2253	17	0
2254	17	0
2255	17	0
2256	17	0
2257	16	0
2258	16	0
2259	16	0
2260	17	0
2261	18	0
2262	17	0
2263	17	0
2264	16	0
2265	17	0
2266	17	0
2267	17	0
2268	17	0
2269	16	0
2270	17	0
2271	16	0
2272	17	0
2273	15	0
2274	16	0
2275	17	0
2276	17	0
2277	17	0
2278	17	0
2279	17	0
2280	16	0
2281	17	0
2282	17	0
2283	17	0
2284	17	0
2285	17	0
2286	16	0
2287	17	0
2288	18	0
2289	17	0
2290	17	0
2291	16	0
2292	16	0
2293	17	0
2294	17	0
2295	16	0
2296	17	0
2297	16	0
2298	16	0
2299	16	0
2300	17	0
2301	17	0
2302	17	0
2303	17	0
2304	17	0
2305	16	0
2306	17	0
2307	17	0
2308	17	0
2309	17	0
2310	16	0
2311	17	0
2312	17	0
2313	17	0
2314	17	0
2315	17	0
2316	17	0
2317	16	0
2318	17	0
2319	17	0
2320	16	0
2321	16	0
2322	17	0
2323	17	0
2324	17	0
2325	17	0
2326	17	0
2327	17	0
2328	17	0
2329	17	0
2330	16	0
2331	17	0
2332	17	0
2333	16	0
2334	16	0
2335	17	0
2336	17	0
2337	17	0
2338	17	0
2339	17	0
2340	17	0
2341	17	0
2342	17	0
2343	17	0
2344	17	0
2345	17	0
2346	17	0
2347	16	0
2348	17	0
2349	17	0
2350	17	0
2351	17	0
2352	17	0
2353	17	0
2354	17	0
2355	17	0
2356	16	0
2357	17	0
2358	16	0
2359	17	0
2360	16	0
2361	17	0
2362	17	0
2363	16	0
2364	17	0
2365	16	0
2366	17	0
2367	16	0
2368	17	0
2369	16	0
2370	18	0
2371	18	0
2372	17	0
2373	17	0
2374	17	0
2375	17	0
2376	17	0
2377	16	0
2378	17	0
2379	22	0
2380	156	0
2381	209	0
2382	224	0
2383	230	0
2384	236	0
2385	241	0
2386	237	0
2387	233	0
2388	233	0
2389	237	0
2390	242	0
2391	238	0
2392	230	0
2393	233	0
2394	244	0
2395	234	0
2396	246	0
2397	218	0
2398	246	0
2399	221	0
2400	243	0
2401	238	0
2402	218	0
2403	246	0
2404	219	0
2405	245	0
2406	238	0
2407	137	0
2408	46	0
2409	34	0
2410	32	0
2411	22	0
2412	17	0
2413	14	0
2414	17	0
2415	21	0
2416	20	0
2417	18	0
2418	14	0
2419	14	0
2420	17	0
2421	19	0
2422	19	0
2423	17	0
2424	16	0
2425	16	0
2426	16	0
2427	18	0
2428	18	0
2429	17	0
2430	16	0
2431	15	0
2432	17	0
2433	18	0
2434	17	0
2435	17	0
2436	16	0
2437	16	0
2438	16	0
2439	16	0
2440	17	0
2441	17	0
2442	16	0
2443	16	0
2444	16	0
2445	17	0
2446	16	0
2447	17	0
2448	16	0
2449	17	0
2450	16	0
2451	17	0
2452	17	0
2453	17	0
2454	16	0
2455	16	0
2456	16	0
2457	16	0
2458	17	0
2459	17	0
2460	16	0
2461	16	0
2462	17	0
2463	17	0
2464	17	0
2465	17	0
2466	17	0
2467	17	0
2468	17	0
2469	17	0
2470	16	0
2471	17	0
2472	17	0
2473	17	0
2474	17	0
2475	16	0
2476	17	0
2477	16	0
2478	17	0
2479	17	0
2480	17	0
2481	17	0
2482	16	0
2483	17	0
2484	17	0
2485	16	0
2486	17	0
2487	17	0
2488	17	0
2489	16	0
2490	16	0
2491	16	0
2492	17	0
2493	16	0
2494	16	0
2495	17	0
2496	17	0
2497	17	0
2498	16	0
2499	17	0
2500	17	0
2501	17	0
2502	17	0
2503	17	0
2504	17	0
2505	17	0
2506	16	0
2507	17	0
2508	17	0
2509	17	0
2510	15	0
2511	14	0
2512	15	0
2513	17	0
2514	17	0
2515	18	0
2516	16	0
2517	17	0
2518	17	0
2519	17	0
2520	17	0
2521	16	0
2522	16	0
2523	16	0
2524	16	0
2525	16	0
2526	17	0
2527	16	0
2528	18	0
2529	16	0
2530	16	0
2531	17	0
2532	17	0
2533	17	0
2534	17	0
2535	16	0
2536	17	0
2537	16	0
2538	17	0
2539	17	0
2540	17	0
2541	16	0
2542	17	0
2543	16	0
2544	17	0
2545	17	0
2546	17	0
2547	17	0
2548	17	0
2549	17	0
2550	16	0
2551	16	0
2552	17	0
2553	17	0
2554	17	0
2555	17	0
2556	16	0
2557	17	0
2558	16	0
2559	17	0
2560	17	0
2561	17	0
2562	17	0
2563	16	0
2564	17	0
2565	17	0
2566	16	0
2567	16	0
2568	16	0
2569	17	0
2570	17	0
2571	17	0
2572	17	0
2573	17	0
2574	16	0
2575	16	0
2576	17	0
2577	17	0
2578	16	0
2579	16	0
2580	16	0
2581	17	0
2582	17	0
2583	16	0
2584	17	0
2585	17	0
2586	17	0
2587	17	0
2588	16	0
2589	17	0
2590	17	0
2591	17	0
2592	17	0
2593	16	0
2594	16	0
2595	16	0
2596	17	0
2597	17	0
2598	16	0
2599	18	0
2600	17	0
2601	16	0
2602	16	0
2603	17	0
2604	16	0
2605	17	0
2606	17	0
2607	18	0
2608	17	0
2609	18	0
2610	17	0
2611	16	0
2612	17	0
2613	17	0
2614	17	0
2615	17	0
2616	17	0
2617	113	0
2618	197	0
2619	219	0
2620	228	0
2621	235	0
2622	239	0
2623	238	0
2624	233	0
2625	233	0
2626	235	0
2627	240	0
2628	239	0
2629	235	0
2630	233	0
2631	235	0
2632	240	0
2633	241	0
2634	235	0
2635	230	0
2636	236	0
2637	246	0
2638	233	0
2639	242	0
2640	218	0
2641	248	0
2642	222	0
2643	242	0
2644	201	0
2645	85	0
2646	37	0
2647	25	0
2648	20	0
2649	22	0
2650	21	0
2651	17	0
2652	14	0
2653	14	0
2654	17	0
2655	19	0
2656	18	0
2657	17	0
2658	14	0
2659	14	0
2660	16	0
2661	18	0
2662	18	0
2663	17	0
2664	15	0
2665	15	0
2666	16	0
2667	18	0
2668	17	0
2669	17	0
2670	16	0
2671	16	0
2672	16	0
2673	17	0
2674	17	0
2675	17	0
2676	16	0
2677	16	0
2678	17	0
2679	16	0
2680	17	0
2681	16	0
2682	16	0
2683	17	0
2684	17	0
2685	17	0
2686	17	0
2687	17	0
2688	17	0
2689	16	0
2690	16	0
2691	17	0
2692	16	0
2693	17	0
2694	17	0
2695	17	0
2696	16	0
2697	16	0
2698	17	0
2699	17	0
2700	16	0
2701	16	0
2702	16	0
2703	17	0
2704	17	0
2705	17	0
2706	17	0
2707	17	0
2708	17	0
2709	16	0
2710	17	0
2711	17	0
2712	16	0
2713	17	0
2714	17	0
2715	16	0
2716	16	0
2717	17	0
2718	17	0
2719	17	0
2720	16	0
2721	16	0
2722	17	0
2723	17	0
2724	16	0
2725	17	0
2726	16	0
2727	16	0
2728	17	0
2729	17	0
2730	17	0
2731	17	0
2732	17	0
2733	17	0
2734	16	0
2735	17	0
2736	17	0
2737	17	0
2738	16	0
2739	17	0
2740	17	0
2741	16	0
2742	16	0
2743	17	0
2744	17	0
2745	17	0
2746	17	0
2747	17	0
2748	15	0
2749	16	0
2750	16	0
2751	17	0
2752	17	0
2753	17	0
2754	17	0
2755	16	0
2756	17	0
2757	17	0
2758	16	0
2759	17	0
2760	16	0
2761	16	0
2762	17	0
2763	17	0
2764	17	0
2765	16	0
2766	17	0
2767	16	0
2768	16	0
2769	16	0
2770	17	0
2771	17	0
2772	17	0
2773	17	0
2774	17	0
2775	17	0
2776	17	0
2777	17	0
2778	16	0
2779	17	0
2780	16	0
2781	17	0
2782	17	0
2783	17	0
2784	17	0
2785	17	0
2786	17	0
2787	17	0
2788	16	0
2789	16	0
2790	17	0
2791	17	0
2792	17	0
2793	17	0
2794	17	0
2795	17	0
2796	17	0
2797	16	0
2798	18	0
2799	16	0
2800	16	0
2801	17	0
2802	17	0
2803	17	0
2804	17	0
2805	17	0
2806	17	0
2807	17	0
2808	16	0
2809	17	0
2810	17	0
2811	17	0
2812	17	0
2813	17	0
2814	17	0
2815	16	0
2816	17	0
2817	17	0
2818	17	0
2819	17	0
2820	17	0
2821	17	0
2822	16	0
2823	17	0
2824	16	0
2825	16	0
2826	17	0
2827	17	0
2828	17	0
2829	17	0
2830	17	0
2831	16	0
2832	17	0
2833	16	0
2834	17	0
2835	17	0
2836	16	0
2837	17	0
2838	17	0
2839	17	0
2840	17	0
2841	17	0
2842	17	0
2843	16	0
2844	17	0
2845	18	0
2846	18	0
2847	17	0
2848	17	0
2849	17	0
2850	17	0
2851	17	0
2852	16	0
2853	17	0
2854	17	0
2855	118	0
2856	199	0
2857	221	0
2858	228	0
2859	235	0
2860	238	0
2861	238	0
2862	233	0
2863	234	0
2864	237	0
2865	238	0
2866	239	0
2867	237	0
2868	233	0
2869	230	0
2870	243	0
2871	240	0
2872	231	0
2873	227	0
2874	243	0
2875	221	0
2876	248	0
2877	222	0
2878	228	0
2879	241	0
2880	222	0
2881	249	0
2882	182	0
2883	82	0
2884	43	0
2885	27	0
2886	17	0
2887	19	0
2888	22	0
2889	21	0
2890	17	0
2891	14	0
2892	16	0
2893	17	0
2894	19	0
2895	18	0
2896	17	0
2897	14	0
2898	15	0
2899	16	0
2900	18	0
2901	18	0
2902	16	0
2903	15	0
2904	15	0
2905	17	0
2906	17	0
2907	17	0
2908	17	0
2909	17	0
2910	16	0
2911	17	0
2912	17	0
2913	17	0
2914	16	0
2915	17	0
2916	17	0
2917	16	0
2918	17	0
2919	16	0
2920	16	0
2921	17	0
2922	16	0
2923	17	0
2924	17	0
2925	16	0
2926	16	0
2927	16	0
2928	16	0
2929	16	0
2930	17	0
2931	17	0
2932	17	0
2933	17	0
2934	16	0
2935	17	0
2936	17	0
2937	17	0
2938	17	0
2939	16	0
2940	16	0
2941	17	0
2942	17	0
2943	16	0
2944	17	0
2945	17	0
2946	17	0
2947	17	0
2948	16	0
2949	16	0
2950	17	0
2951	16	0
2952	17	0
2953	16	0
2954	16	0
2955	17	0
2956	17	0
2957	17	0
2958	17	0
2959	16	0
2960	17	0
2961	16	0
2962	17	0
2963	17	0
2964	17	0
2965	17	0
2966	17	0
2967	16	0
2968	17	0
2969	16	0
2970	17	0
2971	17	0
2972	16	0
2973	17	0
2974	17	0
2975	17	0
2976	17	0
2977	16	0
2978	16	0
2979	16	0
2980	16	0
2981	17	0
2982	17	0
2983	17	0
2984	16	0
2985	17	0
2986	15	0
2987	17	0
2988	16	0
2989	17	0
2990	17	0
2991	17	0
2992	17	0
2993	17	0
2994	17	0
2995	17	0
2996	17	0
2997	17	0
2998	16	0
2999	17	0
3000	17	0
3001	17	0
3002	17	0
3003	17	0
3004	17	0
3005	16	0
3006	17	0
3007	17	0
3008	16	0
3009	17	0
3010	17	0
3011	17	0
3012	17	0
3013	17	0
3014	17	0
3015	17	0
3016	17	0
3017	16	0
3018	16	0
3019	17	0
3020	16	0
3021	17	0
3022	17	0
3023	17	0
3024	16	0
3025	17	0
3026	17	0
3027	17	0
3028	17	0
3029	17	0
3030	17	0
3031	17	0
3032	16	0
3033	17	0
3034	17	0
3035	16	0
3036	17	0
3037	17	0
3038	17	0
3039	17	0
3040	17	0
3041	16	0
3042	17	0
3043	16	0
3044	17	0
3045	16	0
3046	17	0
3047	17	0
3048	17	0
3049	16	0
3050	17	0
3051	17	0
3052	16	0
3053	17	0
3054	17	0
3055	16	0
3056	17	0
3057	17	0
3058	17	0
3059	17	0
3060	17	0
3061	17	0
3062	16	0
3063	16	0
3064	17	0
3065	17	0
3066	17	0
3067	16	0
3068	16	0
3069	16	0
3070	17	0
3071	17	0
3072	16	0
3073	16	0
3074	17	0
3075	17	0
3076	16	0
3077	17	0
3078	16	0
3079	16	0
3080	17	0
3081	17	0
3082	17	0
3083	18	0
3084	18	0
3085	17	0
3086	17	0
3087	17	0
3088	17	0
3089	17	0
3090	17	0
3091	17	0
3092	17	0
3093	94	0
3094	191	0
3095	218	0
3096	227	0
3097	233	0
3098	238	0
3099	239	0
3100	234	0
3101	232	0
3102	235	0
3103	241	0
3104	239	0
3105	234	0
3106	232	0
3107	237	0
3108	239	0
3109	238	0
3110	236	0
3111	236	0
3112	233	0
3113	237	0
3114	249	0
3115	223	0
3116	237	0
3117	234	0
3118	224	0
3119	252	0
3120	208	0
3121	92	0
3122	47	0
3123	29	0
3124	17	0
3125	18	0
3126	22	0
3127	21	0
3128	18	0
3129	16	0
3130	14	0
3131	18	0
3132	19	0
3133	18	0
3134	17	0
3135	16	0
3136	16	0
3137	18	0
3138	18	0
3139	18	0
3140	17	0
3141	16	0
3142	16	0
3143	17	0
3144	17	0
3145	17	0
3146	18	0
3147	16	0
3148	16	0
3149	17	0
3150	17	0
3151	17	0
3152	17	0
3153	17	0
3154	17	0
3155	16	0
3156	16	0
3157	16	0
3158	17	0
3159	17	0
3160	16	0
3161	17	0
3162	16	0
3163	17	0
3164	16	0
3165	17	0
3166	16	0
3167	17	0
3168	17	0
3169	16	0
3170	17	0
3171	16	0
3172	17	0
3173	17	0
3174	17	0
3175	16	0
3176	16	0
3177	16	0
3178	17	0
3179	16	0
3180	16	0
3181	17	0
3182	16	0
3183	17	0
3184	17	0
3185	17	0
3186	17	0
3187	17	0
3188	17	0
3189	17	0
3190	16	0
3191	16	0
3192	17	0
3193	17	0
3194	16	0
3195	17	0
3196	17	0
3197	17	0
3198	17	0
3199	17	0
3200	17	0
3201	17	0
3202	16	0
3203	17	0
3204	17	0
3205	17	0
3206	17	0
3207	16	0
3208	16	0
3209	16	0
3210	17	0
3211	16	0
3212	16	0
3213	17	0
3214	17	0
3215	17	0
3216	17	0
3217	16	0
3218	17	0
3219	17	0
3220	16	0
3221	16	0
3222	16	0
3223	16	0
3224	15	0
3225	16	0
3226	16	0
3227	17	0
3228	17	0
3229	17	0
3230	17	0
3231	17	0
3232	17	0
3233	17	0
3234	17	0
3235	16	0
3236	17	0
3237	16	0
3238	16	0
3239	17	0
3240	17	0
3241	17	0
3242	16	0
3243	17	0
3244	17	0
3245	17	0
3246	16	0
3247	16	0
3248	16	0
3249	17	0
3250	17	0
3251	17	0
3252	17	0
3253	17	0
3254	17	0
3255	17	0
3256	16	0
3257	17	0
3258	16	0
3259	17	0
3260	16	0
3261	16	0
3262	17	0
3263	16	0
3264	16	0
3265	17	0
3266	17	0
3267	17	0
3268	16	0
3269	17	0
3270	16	0
3271	17	0
3272	16	0
3273	16	0
3274	17	0
3275	17	0
3276	17	0
3277	17	0
3278	17	0
3279	17	0
3280	16	0
3281	17	0
3282	17	0
3283	17	0
3284	17	0
3285	17	0
3286	17	0
3287	17	0
3288	16	0
3289	17	0
3290	17	0
3291	17	0
3292	17	0
3293	16	0
3294	17	0
3295	17	0
3296	16	0
3297	16	0
3298	17	0
3299	17	0
3300	17	0
3301	17	0
3302	17	0
3303	17	0
3304	16	0
3305	17	0
3306	16	0
3307	17	0
3308	17	0
3309	17	0
3310	16	0
3311	16	0
3312	17	0
3313	16	0
3314	17	0
3315	17	0
3316	17	0
3317	17	0
3318	16	0
3319	17	0
3320	17	0
3321	18	0
3322	17	0
3323	17	0
3324	17	0
3325	17	0
3326	17	0
3327	16	0
3328	16	0
3329	17	0
3330	26	0
3331	161	0
3332	211	0
3333	223	0
3334	230	0
3335	237	0
3336	240	0
3337	237	0
3338	232	0
3339	233	0
3340	238	0
3341	242	0
3342	236	0
3343	231	0
3344	236	0
3345	241	0
3346	233	0
3347	246	0
3348	219	0
3349	246	0
3350	221	0
3351	242	0
3352	238	0
3353	217	0
3354	246	0
3355	219	0
3356	243	0
3357	237	0
3358	129	0
3359	45	0
3360	31	0
3361	32	0
3362	24	0
3363	17	0
3364	14	0
3365	17	0
3366	18	0
3367	19	0
3368	17	0
3369	16	0
3370	14	0
3371	16	0
3372	17	0
3373	18	0
3374	17	0
3375	17	0
3376	15	0
3377	17	0
3378	18	0
3379	17	0
3380	18	0
3381	17	0
3382	15	0
3383	15	0
3384	16	0
3385	17	0
3386	17	0
3387	16	0
3388	15	0
3389	16	0
3390	16	0
3391	17	0
3392	17	0
3393	16	0
3394	16	0
3395	17	0
3396	17	0
3397	17	0
3398	16	0
3399	16	0
3400	16	0
3401	17	0
3402	17	0
3403	16	0
3404	17	0
3405	16	0
3406	16	0
3407	17	0
3408	16	0
3409	17	0
3410	17	0
3411	16	0
3412	16	0
3413	17	0
3414	17	0
3415	17	0
3416	17	0
3417	16	0
3418	17	0
3419	17	0
3420	16	0
3421	17	0
3422	16	0
3423	16	0
3424	17	0
3425	17	0
3426	17	0
3427	16	0
3428	17	0
3429	16	0
3430	17	0
3431	16	0
3432	17	0
3433	17	0
3434	16	0
3435	16	0
3436	17	0
3437	17	0
3438	17	0
3439	16	0
3440	16	0
3441	16	0
3442	17	0
3443	16	0
3444	17	0
3445	17	0
3446	17	0
3447	17	0
3448	17	0
3449	17	0
3450	18	0
3451	17	0
3452	16	0
3453	17	0
3454	17	0
3455	16	0
3456	18	0
3457	17	0
3458	17	0
3459	16	0
3460	16	0
3461	15	0
3462	14	0
3463	17	0
3464	17	0
3465	17	0
3466	17	0
3467	16	0
3468	17	0
3469	17	0
3470	16	0
3471	16	0
3472	17	0
3473	17	0
3474	17	0
3475	17	0
3476	17	0
3477	16	0
3478	17	0
3479	16	0
3480	17	0
3481	17	0
3482	17	0
3483	16	0
3484	16	0
3485	17	0
3486	16	0
3487	17	0
3488	16	0
3489	17	0
3490	16	0
3491	16	0
3492	17	0
3493	16	0
3494	16	0
3495	16	0
3496	16	0
3497	17	0
3498	17	0
3499	17	0
3500	16	0
3501	16	0
3502	17	0
3503	17	0
3504	17	0
3505	17	0
3506	17	0
3507	17	0
3508	17	0
3509	17	0
3510	18	0
3511	16	0
3512	17	0
3513	17	0
3514	17	0
3515	17	0
3516	17	0
3517	16	0
3518	16	0
3519	16	0
3520	17	0
3521	17	0
3522	16	0
3523	17	0
3524	17	0
3525	17	0
3526	16	0
3527	17	0
3528	17	0
3529	17	0
3530	17	0
3531	16	0
3532	17	0
3533	17	0
3534	16	0
3535	17	0
3536	17	0
3537	17	0
3538	17	0
3539	17	0
3540	17	0
3541	17	0
3542	17	0
3543	17	0
3544	17	0
3545	17	0
3546	17	0
3547	16	0
3548	17	0
3549	17	0
3550	17	0
3551	17	0
3552	17	0
3553	17	0
3554	17	0
3555	17	0
3556	16	0
3557	17	0
3558	16	0
3559	18	0
3560	18	0
3561	17	0
3562	16	0
3563	16	0
3564	17	0
3565	17	0
3566	16	0
3567	16	0
3568	26	0
3569	160	0
3570	210	0
3571	223	0
3572	230	0
3573	237	0
3574	240	0
3575	237	0
3576	233	0
3577	233	0
3578	238	0
3579	242	0
3580	237	0
3581	232	0
3582	234	0
3583	240	0
3584	240	0
3585	232	0
3586	242	0
3587	220	0
3588	251	0
3589	225	0
3590	240	0
3591	230	0
3592	219	0
3593	250	0
3594	222	0
3595	240	0
3596	117	0
3597	62	0
3598	40	0
3599	22	0
3600	16	0
3601	17	0
3602	21	0
3603	22	0
3604	18	0
3605	15	0
3606	15	0
3607	17	0
3608	19	0
3609	19	0
3610	17	0
3611	16	0
3612	15	0
3613	17	0
3614	19	0
3615	18	0
3616	17	0
3617	16	0
3618	16	0
3619	16	0
3620	16	0
3621	17	0
3622	16	0
3623	16	0
3624	17	0
3625	16	0
3626	17	0
3627	17	0
3628	17	0
3629	17	0
3630	17	0
3631	17	0
3632	17	0
3633	17	0
3634	17	0
3635	17	0
3636	17	0
3637	17	0
3638	16	0
3639	17	0
3640	17	0
3641	17	0
3642	17	0
3643	16	0
3644	16	0
3645	16	0
3646	17	0
3647	16	0
3648	17	0
3649	17	0
3650	17	0
3651	17	0
3652	16	0
3653	17	0
3654	17	0
3655	17	0
3656	17	0
3657	17	0
3658	16	0
3659	16	0
3660	17	0
3661	17	0
3662	17	0
3663	17	0
3664	17	0
3665	17	0
3666	16	0
3667	17	0
3668	17	0
3669	17	0
3670	17	0
3671	17	0
3672	17	0
3673	17	0
3674	17	0
3675	17	0
3676	17	0
3677	17	0
3678	17	0
3679	16	0
3680	16	0
3681	17	0
3682	16	0
3683	17	0
3684	16	0
3685	17	0
3686	16	0
3687	16	0
3688	16	0
3689	17	0
3690	17	0
3691	17	0
3692	17	0
3693	17	0
3694	17	0
3695	17	0
3696	17	0
3697	16	0
3698	17	0
3699	16	0
3700	16	0
3701	16	0
3702	16	0
3703	17	0
3704	17	0
3705	17	0
3706	17	0
3707	17	0
3708	17	0
3709	16	0
3710	16	0
3711	17	0
3712	17	0
3713	17	0
3714	17	0
3715	17	0
3716	17	0
3717	17	0
3718	17	0
3719	17	0
3720	16	0
3721	17	0
3722	16	0
3723	17	0
3724	17	0
3725	17	0
3726	16	0
3727	16	0
3728	17	0
3729	17	0
3730	17	0
3731	17	0
3732	16	0
3733	17	0
3734	17	0
3735	17	0
3736	16	0
3737	16	0
3738	17	0
3739	17	0
3740	17	0
3741	16	0
3742	16	0
3743	17	0
3744	17	0
3745	17	0
3746	17	0
3747	17	0
3748	16	0
3749	17	0
3750	16	0
3751	17	0
3752	16	0
3753	16	0
3754	16	0
3755	17	0
3756	16	0
3757	17	0
3758	17	0
3759	17	0
3760	17	0
3761	17	0
3762	17	0
3763	17	0
3764	16	0
3765	16	0
3766	17	0
3767	17	0
3768	16	0
3769	17	0
3770	17	0
3771	17	0
3772	17	0
3773	17	0
3774	17	0
3775	17	0
3776	17	0
3777	16	0
3778	17	0
3779	17	0
3780	17	0
3781	17	0
3782	17	0
3783	17	0
3784	17	0
3785	17	0
3786	16	0
3787	17	0
3788	17	0
3789	17	0
3790	17	0
3791	17	0
3792	17	0
3793	17	0
3794	17	0
3795	16	0
3796	17	0
3797	17	0
3798	18	0
3799	17	0
3800	17	0
3801	17	0
3802	17	0
3803	16	0
3804	17	0
3805	16	0
3806	61	0
3807	181	0
3808	214	0
3809	226	0
3810	233	0
3811	238	0
3812	240	0
3813	236	0
3814	233	0
3815	233	0
3816	238	0
3817	240	0
3818	237	0
3819	231	0
3820	234	0
3821	241	0
3822	242	0
3823	233	0
3824	232	0
3825	241	0
3826	227	0
3827	251	0
3828	224	0
3829	230	0
3830	240	0
3831	220	0
3832	252	0
3833	222	0
3834	113	0
3835	43	0
3836	26	0
3837	22	0
3838	22	0
3839	22	0
3840	18	0
3841	15	0
3842	16	0
3843	17	0
3844	19	0
3845	18	0
3846	17	0
3847	16	0
3848	15	0
3849	17	0
3850	18	0
3851	18	0
3852	17	0
3853	17	0
3854	16	0
3855	17	0
3856	18	0
3857	17	0
3858	17	0
3859	16	0
3860	17	0
3861	17	0
3862	18	0
3863	17	0
3864	17	0
3865	17	0
3866	17	0
3867	17	0
3868	17	0
3869	17	0
3870	17	0
3871	17	0
3872	17	0
3873	16	0
3874	17	0
3875	17	0
3876	17	0
3877	17	0
3878	17	0
3879	17	0
3880	17	0
3881	16	0
3882	17	0
3883	16	0
3884	16	0
3885	16	0
3886	17	0
3887	17	0
3888	18	0
3889	16	0
3890	17	0
3891	16	0
3892	17	0
3893	16	0
3894	17	0
3895	17	0
3896	17	0
3897	16	0
3898	16	0
3899	16	0
3900	17	0
3901	16	0
3902	16	0
3903	16	0
3904	17	0
3905	17	0
3906	17	0
3907	17	0
3908	16	0
3909	17	0
3910	17	0
3911	16	0
3912	17	0
3913	17	0
3914	17	0
3915	17	0
3916	16	0
3917	17	0
3918	17	0
3919	17	0
3920	17	0
3921	16	0
3922	17	0
3923	17	0
3924	17	0
3925	17	0
3926	16	0
3927	17	0
3928	16	0
3929	17	0
3930	17	0
3931	16	0
3932	17	0
3933	17	0
3934	18	0
3935	17	0
3936	17	0
3937	16	0
3938	15	0
3939	16	0
3940	17	0
3941	17	0
3942	17	0
3943	17	0
3944	17	0
3945	16	0
3946	17	0
3947	17	0
3948	16	0
3949	17	0
3950	17	0
3951	16	0
3952	17	0
3953	17	0
3954	17	0
3955	17	0
3956	17	0
3957	17	0
3958	17	0
3959	17	0
3960	17	0
3961	17	0
3962	17	0
3963	17	0
3964	17	0
3965	17	0
3966	17	0
3967	17	0
3968	17	0
3969	17	0
3970	16	0
3971	17	0
3972	16	0
3973	16	0
3974	17	0
3975	17	0
3976	16	0
3977	17	0
3978	17	0
3979	17	0
3980	17	0
3981	17	0
3982	17	0
3983	17	0
3984	17	0
3985	17	0
3986	17	0
3987	16	0
3988	17	0
3989	17	0
3990	17	0
3991	16	0
3992	17	0
3993	17	0
3994	17	0
3995	17	0
3996	17	0
3997	17	0
3998	17	0
3999	17	0
4000	17	0
4001	17	0
4002	17	0
4003	16	0
4004	16	0
4005	17	0
4006	17	0
4007	17	0
4008	17	0
4009	16	0
4010	16	0
4011	17	0
4012	17	0
4013	17	0
4014	17	0
4015	16	0
4016	17	0
4017	16	0
4018	17	0
4019	17	0
4020	17	0
4021	18	0
4022	17	0
4023	16	0
4024	17	0
4025	17	0
4026	17	0
4027	17	0
4028	16	0
4029	17	0
4030	17	0
4031	17	0
4032	17	0
4033	16	0
4034	17	0
4035	18	0
4036	18	0
4037	18	0
4038	16	0
4039	16	0
4040	17	0
4041	17	0
4042	17	0
4043	17	0
4044	21	0
4045	156	0
4046	209	0
4047	223	0
4048	230	0
4049	236	0
4050	240	0
4051	237	0
4052	232	0
4053	233	0
4054	238	0
4055	242	0
4056	238	0
4057	233	0
4058	233	0
4059	238	0
4060	242	0
4061	237	0
4062	232	0
4063	237	0
4064	241	0
4065	233	0
4066	248	0
4067	219	0
4068	246	0
4069	221	0
4070	245	0
4071	238	0
4072	137	0
4073	47	0
4074	34	0
4075	32	0
4076	22	0
4077	16	0
4078	14	0
4079	17	0
4080	20	0
4081	19	0
4082	18	0
4083	16	0
4084	14	0
4085	17	0
4086	18	0
4087	18	0
4088	17	0
4089	17	0
4090	16	0
4091	16	0
4092	17	0
4093	18	0
4094	18	0
4095	17	0
4096	16	0
4097	17	0
4098	17	0
4099	17	0
4100	18	0
4101	17	0
4102	16	0
4103	16	0
4104	17	0
4105	17	0
4106	17	0
4107	17	0
4108	16	0
4109	17	0
4110	17	0
4111	17	0
4112	17	0
4113	17	0
4114	17	0
4115	17	0
4116	17	0
4117	17	0
4118	16	0
4119	17	0
4120	17	0
4121	17	0
4122	17	0
4123	16	0
4124	16	0
4125	17	0
4126	17	0
4127	17	0
4128	17	0
4129	16	0
4130	17	0
4131	17	0
4132	16	0
4133	16	0
4134	17	0
4135	17	0
4136	17	0
4137	17	0
4138	16	0
4139	17	0
4140	17	0
4141	17	0
4142	16	0
4143	17	0
4144	17	0
4145	16	0
4146	16	0
4147	17	0
4148	16	0
4149	16	0
4150	17	0
4151	17	0
4152	17	0
4153	17	0
4154	17	0
4155	17	0
4156	17	0
4157	17	0
4158	16	0
4159	17	0
4160	17	0
4161	17	0
4162	17	0
4163	17	0
4164	17	0
4165	17	0
4166	17	0
4167	17	0
4168	17	0
4169	17	0
4170	16	0
4171	17	0
4172	17	0
4173	17	0
4174	16	0
4175	16	0
4176	15	0
4177	16	0
4178	18	0
4179	17	0
4180	16	0
4181	17	0
4182	17	0
4183	17	0
4184	17	0
4185	16	0
4186	17	0
4187	17	0
4188	16	0
4189	17	0
4190	17	0
4191	17	0
4192	17	0
4193	17	0
4194	16	0
4195	16	0
4196	17	0
4197	17	0
4198	16	0
4199	17	0
4200	17	0
4201	17	0
4202	17	0
4203	17	0
4204	17	0
4205	17	0
4206	17	0
4207	17	0
4208	17	0
4209	16	0
4210	17	0
4211	16	0
4212	17	0
4213	17	0
4214	17	0
4215	17	0
4216	17	0
4217	17	0
4218	17	0
4219	17	0
4220	17	0
4221	17	0
4222	17	0
4223	17	0
4224	17	0
4225	16	0
4226	17	0
4227	17	0
4228	17	0
4229	17	0
4230	16	0
4231	17	0
4232	17	0
4233	16	0
4234	17	0
4235	16	0
4236	16	0
4237	17	0
4238	16	0
4239	17	0
4240	17	0
4241	17	0
4242	17	0
4243	17	0
4244	17	0
4245	17	0
4246	16	0
4247	17	0
4248	16	0
4249	17	0
4250	17	0
4251	16	0
4252	17	0
4253	17	0
4254	17	0
4255	16	0
4256	17	0
4257	17	0
4258	17	0
4259	16	0
4260	17	0
4261	17	0
4262	17	0
4263	17	0
4264	17	0
4265	17	0
4266	17	0
4267	17	0
4268	17	0
4269	17	0
4270	17	0
4271	17	0
4272	17	0
4273	18	0
4274	18	0
4275	17	0
4276	17	0
4277	17	0
4278	17	0
4279	17	0
4280	17	0
4281	17	0
4282	17	0
4283	129	0
4284	202	0
4285	221	0
4286	229	0
4287	234	0
4288	239	0
4289	238	0
4290	234	0
4291	233	0
4292	236	0
4293	240	0
4294	241	0
4295	235	0
4296	230	0
4297	235	0
4298	245	0
4299	240	0
4300	226	0
4301	243	0
4302	226	0
4303	238	0
4304	245	0
4305	215	0
4306	246	0
4307	221	0
4308	239	0
4309	242	0
4310	171	0
4311	61	0
4312	42	0
4313	35	0
4314	21	0
4315	14	0
4316	17	0
4317	20	0
4318	20	0
4319	18	0
4320	17	0
4321	14	0
4322	17	0
4323	17	0
4324	18	0
4325	18	0
4326	17	0
4327	16	0
4328	17	0
4329	18	0
4330	18	0
4331	18	0
4332	16	0
4333	16	0
4334	16	0
4335	17	0
4336	17	0
4337	17	0
4338	17	0
4339	15	0
4340	16	0
4341	16	0
4342	17	0
4343	17	0
4344	17	0
4345	16	0
4346	17	0
4347	17	0
4348	17	0
4349	17	0
4350	17	0
4351	17	0
4352	17	0
4353	17	0
4354	16	0
4355	16	0
4356	17	0
4357	17	0
4358	17	0
4359	17	0
4360	17	0
4361	17	0
4362	17	0
4363	17	0
4364	17	0
4365	16	0
4366	17	0
4367	16	0
4368	17	0
4369	17	0
4370	17	0
4371	17	0
4372	17	0
4373	16	0
4374	17	0
4375	16	0
4376	17	0
4377	16	0
4378	17	0
4379	16	0
4380	17	0
4381	16	0
4382	16	0
4383	17	0
4384	16	0
4385	17	0
4386	17	0
4387	16	0
4388	17	0
4389	17	0
4390	17	0
4391	17	0
4392	16	0
4393	17	0
4394	16	0
4395	16	0
4396	17	0
4397	17	0
4398	17	0
4399	17	0
4400	16	0
4401	17	0
4402	17	0
4403	17	0
4404	17	0
4405	17	0
4406	17	0
4407	17	0
4408	17	0
4409	16	0
4410	17	0
4411	17	0
4412	16	0
4413	17	0
4414	15	0
4415	17	0
4416	17	0
4417	17	0
4418	17	0
4419	17	0
4420	17	0
4421	17	0
4422	17	0
4423	17	0
4424	17	0
4425	17	0
4426	17	0
4427	17	0
4428	17	0
4429	16	0
4430	16	0
4431	17	0
4432	18	0
4433	16	0
4434	17	0
4435	16	0
4436	17	0
4437	16	0
4438	16	0
4439	17	0
4440	17	0
4441	16	0
4442	16	0
4443	17	0
4444	17	0
4445	17	0
4446	16	0
4447	17	0
4448	16	0
4449	17	0
4450	17	0
4451	17	0
4452	17	0
4453	17	0
4454	17	0
4455	16	0
4456	17	0
4457	16	0
4458	17	0
4459	17	0
4460	17	0
4461	17	0
4462	17	0
4463	17	0
4464	17	0
4465	17	0
4466	16	0
4467	17	0
4468	17	0
4469	17	0
4470	17	0
4471	16	0
4472	17	0
4473	17	0
4474	17	0
4475	17	0
4476	17	0
4477	16	0
4478	16	0
4479	16	0
4480	17	0
4481	17	0
4482	17	0
4483	17	0
4484	16	0
4485	17	0
4486	17	0
4487	16	0
4488	17	0
4489	17	0
4490	17	0
4491	17	0
4492	17	0
4493	16	0
4494	16	0
4495	17	0
4496	16	0
4497	16	0
4498	17	0
4499	17	0
4500	17	0
4501	17	0
4502	17	0
4503	17	0
4504	17	0
4505	17	0
4506	17	0
4507	17	0
4508	16	0
4509	17	0
4510	16	0
4511	17	0
4512	18	0
4513	16	0
4514	16	0
4515	17	0
4516	16	0
4517	17	0
4518	16	0
4519	17	0
4520	20	0
4521	155	0
4522	209	0
4523	223	0
4524	230	0
4525	237	0
4526	240	0
4527	237	0
4528	233	0
4529	234	0
4530	238	0
4531	240	0
4532	237	0
4533	234	0
4534	234	0
4535	238	0
4536	239	0
4537	238	0
4538	237	0
4539	233	0
4540	233	0
4541	251	0
4542	226	0
4543	237	0
4544	232	0
4545	224	0
4546	253	0
4547	218	0
4548	153	0
4549	53	0
4550	26	0
4551	26	0
4552	24	0
4553	21	0
4554	17	0
4555	14	0
4556	15	0
4557	19	0
4558	19	0
4559	19	0
4560	17	0
4561	15	0
4562	17	0
4563	16	0
4564	18	0
4565	18	0
4566	16	0
4567	15	0
4568	15	0
4569	17	0
4570	18	0
4571	18	0
4572	17	0
4573	17	0
4574	16	0
4575	17	0
4576	17	0
4577	17	0
4578	16	0
4579	17	0
4580	17	0
4581	16	0
4582	17	0
4583	17	0
4584	17	0
4585	17	0
4586	17	0
4587	17	0
4588	17	0
4589	16	0
4590	17	0
4591	17	0
4592	17	0
4593	17	0
4594	16	0
4595	17	0
4596	17	0
4597	17	0
4598	17	0
4599	17	0
4600	16	0
4601	17	0
4602	17	0
4603	16	0
4604	17	0
4605	17	0
4606	16	0
4607	16	0
4608	17	0
4609	17	0
4610	17	0
4611	17	0
4612	17	0
4613	17	0
4614	16	0
4615	16	0
4616	17	0
4617	16	0
4618	17	0
4619	16	0
4620	16	0
4621	17	0
4622	17	0
4623	17	0
4624	17	0
4625	17	0
4626	17	0
4627	17	0
4628	17	0
4629	17	0
4630	17	0
4631	16	0
4632	16	0
4633	16	0
4634	17	0
4635	17	0
4636	16	0
4637	17	0
4638	17	0
4639	17	0
4640	18	0
4641	17	0
4642	17	0
4643	17	0
4644	17	0
4645	16	0
4646	17	0
4647	17	0
4648	17	0
4649	16	0
4650	17	0
4651	16	0
4652	15	0
4653	17	0
4654	17	0
4655	17	0
4656	17	0
4657	17	0
4658	17	0
4659	17	0
4660	17	0
4661	16	0
4662	17	0
4663	17	0
4664	17	0
4665	17	0
4666	17	0
4667	17	0
4668	17	0
4669	17	0
4670	16	0
4671	17	0
4672	16	0
4673	17	0
4674	17	0
4675	16	0
4676	16	0
4677	17	0
4678	17	0
4679	17	0
4680	17	0
4681	16	0
4682	17	0
4683	16	0
4684	17	0
4685	17	0
4686	16	0
4687	17	0
4688	16	0
4689	16	0
4690	17	0
4691	17	0
4692	16	0
4693	17	0
4694	16	0
4695	17	0
4696	17	0
4697	17	0
4698	17	0
4699	17	0
4700	17	0
4701	17	0
4702	17	0
4703	17	0
4704	16	0
4705	17	0
4706	16	0
4707	17	0
4708	17	0
4709	17	0
4710	17	0
4711	17	0
4712	17	0
4713	17	0
4714	17	0
4715	17	0
4716	17	0
4717	17	0
4718	17	0
4719	17	0
4720	17	0
4721	16	0
4722	16	0
4723	17	0
4724	17	0
4725	16	0
4726	17	0
4727	16	0
4728	17	0
4729	17	0
4730	17	0
4731	16	0
4732	17	0
4733	17	0
4734	16	0
4735	17	0
4736	17	0
4737	16	0
4738	17	0
4739	16	0
4740	17	0
4741	17	0
4742	17	0
4743	17	0
4744	16	0
4745	17	0
4746	16	0
4747	17	0
4748	17	0
4749	18	0
4750	18	0
4751	17	0
4752	17	0
4753	17	0
4754	16	0
4755	17	0
4756	17	0
4757	17	0
4758	22	0
4759	157	0
4760	210	0
4761	223	0
4762	230	0
4763	236	0
4764	241	0
4765	237	0
4766	233	0
4767	233	0
4768	238	0
4769	242	0
4770	238	0
4771	232	0
4772	233	0
4773	241	0
4774	243	0
4775	230	0
4776	245	0
4777	217	0
4778	249	0
4779	231	0
4780	231	0
4781	240	0
4782	214	0
4783	248	0
4784	228	0
4785	233	0
4786	128	0
4787	66	0
4788	37	0
4789	21	0
4790	16	0
4791	19	0
4792	22	0
4793	20	0
4794	16	0
4795	15	0
4796	17	0
4797	18	0
4798	19	0
4799	18	0
4800	17	0
4801	14	0
4802	16	0
4803	17	0
4804	18	0
4805	18	0
4806	17	0
4807	16	0
4808	16	0
4809	17	0
4810	18	0
4811	16	0
4812	16	0
4813	16	0
4814	16	0
4815	17	0
4816	17	0
4817	17	0
4818	17	0
4819	16	0
4820	17	0
4821	16	0
4822	17	0
4823	17	0
4824	16	0
4825	16	0
4826	17	0
4827	17	0
4828	17	0
4829	17	0
4830	17	0
4831	17	0
4832	17	0
4833	16	0
4834	17	0
4835	17	0
4836	17	0
4837	17	0
4838	17	0
4839	17	0
4840	17	0
4841	17	0
4842	17	0
4843	16	0
4844	17	0
4845	17	0
4846	17	0
4847	17	0
4848	17	0
4849	16	0
4850	17	0
4851	17	0
4852	17	0
4853	17	0
4854	17	0
4855	17	0
4856	17	0
4857	17	0
4858	17	0
4859	16	0
4860	17	0
4861	17	0
4862	17	0
4863	17	0
4864	17	0
4865	17	0
4866	16	0
4867	17	0
4868	17	0
4869	17	0
4870	16	0
4871	17	0
4872	17	0
4873	16	0
4874	17	0
4875	16	0
4876	16	0
4877	17	0
4878	16	0
4879	17	0
4880	16	0
4881	16	0
4882	17	0
4883	16	0
4884	17	0
4885	16	0
4886	17	0
4887	17	0
4888	17	0
4889	16	0
4890	14	0
4891	15	0
4892	16	0
4893	18	0
4894	17	0
4895	16	0
4896	17	0
4897	17	0
4898	16	0
4899	16	0
4900	17	0
4901	17	0
4902	17	0
4903	17	0
4904	17	0
4905	17	0
4906	17	0
4907	16	0
4908	16	0
4909	16	0
4910	17	0
4911	17	0
4912	17	0
4913	16	0
4914	17	0
4915	16	0
4916	16	0
4917	17	0
4918	17	0
4919	17	0
4920	17	0
4921	16	0
4922	17	0
4923	17	0
4924	17	0
4925	17	0
4926	17	0
4927	16	0
4928	17	0
4929	17	0
4930	17	0
4931	17	0
4932	16	0
4933	17	0
4934	17	0
4935	17	0
4936	17	0
4937	17	0
4938	17	0
4939	17	0
4940	17	0
4941	16	0
4942	17	0
4943	17	0
4944	17	0
4945	17	0
4946	17	0
4947	17	0
4948	17	0
4949	17	0
4950	17	0
4951	17	0
4952	17	0
4953	17	0
4954	17	0
4955	17	0
4956	17	0
4957	17	0
4958	16	0
4959	17	0
4960	17	0
4961	16	0
4962	16	0
4963	17	0
4964	17	0
4965	17	0
4966	16	0
4967	16	0
4968	17	0
4969	16	0
4970	16	0
4971	17	0
4972	17	0
4973	17	0
4974	16	0
4975	17	0
4976	17	0
4977	16	0
4978	16	0
4979	16	0
4980	16	0
4981	18	0
4982	16	0
4983	16	0
4984	16	0
4985	16	0
4986	17	0
4987	17	0
4988	17	0
4989	17	0
4990	17	0
4991	17	0
4992	17	0
4993	17	0
4994	16	0
4995	17	0
4996	16	0
4997	83	0
4998	189	0
4999	216	0
5000	227	0
5001	233	0
5002	238	0
5003	239	0
5004	235	0
5005	233	0
5006	235	0
5007	238	0
5008	242	0
5009	238	0
5010	229	0
5011	234	0
5012	246	0
5013	232	0
5014	233	0
5015	236	0
5016	218	0
5017	252	0
5018	223	0
5019	236	0
5020	234	0
5021	219	0
5022	252	0
5023	222	0
5024	237	0
5025	77	0
5026	44	0
5027	41	0
5028	25	0
5029	16	0
5030	14	0
5031	18	0
5032	21	0
5033	21	0
5034	17	0
5035	14	0
5036	14	0
5037	17	0
5038	19	0
5039	19	0
5040	17	0
5041	16	0
5042	15	0
5043	18	0
5044	17	0
5045	18	0
5046	17	0
5047	17	0
5048	16	0
5049	16	0
5050	18	0
5051	17	0
5052	17	0
5053	17	0
5054	17	0
5055	17	0
5056	17	0
5057	18	0
5058	17	0
5059	17	0
5060	17	0
5061	17	0
5062	17	0
5063	17	0
5064	17	0
5065	17	0
5066	17	0
5067	16	0
5068	17	0
5069	17	0
5070	17	0
5071	17	0
5072	17	0
5073	16	0
5074	17	0
5075	17	0
5076	16	0
5077	17	0
5078	16	0
5079	17	0
5080	16	0
5081	17	0
5082	17	0
5083	17	0
5084	16	0
5085	16	0
5086	17	0
5087	16	0
5088	17	0
5089	17	0
5090	16	0
5091	17	0
5092	17	0
5093	17	0
5094	17	0
5095	17	0
5096	17	0
5097	17	0
5098	17	0
5099	17	0
5100	17	0
5101	16	0
5102	17	0
5103	16	0
5104	17	0
5105	17	0
5106	17	0
5107	17	0
5108	16	0
5109	16	0
5110	17	0
5111	16	0
5112	17	0
5113	16	0
5114	17	0
5115	17	0
5116	16	0
5117	17	0
5118	17	0
5119	17	0
5120	16	0
5121	17	0
5122	17	0
5123	17	0
5124	17	0
5125	17	0
5126	17	0
5127	16	0
5128	14	0
5129	16	0
5130	17	0
5131	17	0
5132	17	0
5133	17	0
5134	17	0
5135	17	0
5136	17	0
5137	16	0
5138	16	0
5139	17	0
5140	16	0
5141	16	0
5142	17	0
5143	17	0
5144	16	0
5145	17	0
5146	17	0
5147	17	0
5148	17	0
5149	17	0
5150	17	0
5151	17	0
5152	17	0
5153	16	0
5154	17	0
5155	16	0
5156	17	0
5157	17	0
5158	17	0
5159	16	0
5160	16	0
5161	17	0
5162	16	0
5163	17	0
5164	17	0
5165	17	0
5166	17	0
5167	16	0
5168	16	0
5169	17	0
5170	17	0
5171	17	0
5172	17	0
5173	17	0
5174	17	0
5175	16	0
5176	17	0
5177	17	0
5178	16	0
5179	17	0
5180	16	0
5181	17	0
5182	16	0
5183	17	0
5184	17	0
5185	17	0
5186	17	0
5187	17	0
5188	17	0
5189	16	0
5190	17	0
5191	16	0
5192	16	0
5193	17	0
5194	17	0
5195	17	0
5196	17	0
5197	16	0
5198	16	0
5199	17	0
5200	17	0
5201	17	0
5202	17	0
5203	16	0
5204	16	0
5205	17	0
5206	17	0
5207	17	0
5208	17	0
5209	17	0
5210	17	0
5211	16	0
5212	17	0
5213	17	0
5214	17	0
5215	16	0
5216	16	0
5217	17	0
5218	17	0
5219	17	0
5220	17	0
5221	17	0
5222	17	0
5223	17	0
5224	17	0
5225	17	0
5226	17	0
5227	17	0
5228	16	0
5229	17	0
5230	17	0
5231	16	0
5232	17	0
5233	17	0
5234	27	0
5235	162	0
5236	211	0
5237	225	0
5238	232	0
5239	237	0
5240	240	0
5241	237	0
5242	233	0
5243	234	0
5244	238	0
5245	241	0
5246	239	0
5247	235	0
5248	229	0
5249	241	0
5250	243	0
5251	234	0
5252	225	0
5253	242	0
5254	219	0
5255	251	0
5256	226	0
5257	229	0
5258	239	0
5259	219	0
5260	253	0
5261	223	0
5262	139	0
5263	47	0
5264	25	0
5265	27	0
5266	24	0
5267	21	0
5268	16	0
5269	14	0
5270	16	0
5271	19	0
5272	20	0
5273	18	0
5274	15	0
5275	14	0
5276	16	0
5277	17	0
5278	18	0
5279	18	0
5280	17	0
5281	15	0
5282	15	0
5283	17	0
5284	18	0
5285	17	0
5286	17	0
5287	16	0
5288	16	0
5289	17	0
5290	18	0
5291	16	0
5292	17	0
5293	17	0
5294	16	0
5295	17	0
5296	16	0
5297	16	0
5298	16	0
5299	17	0
5300	17	0
5301	17	0
5302	17	0
5303	17	0
5304	17	0
5305	17	0
5306	16	0
5307	17	0
5308	17	0
5309	17	0
5310	17	0
5311	17	0
5312	17	0
5313	17	0
5314	16	0
5315	16	0
5316	16	0
5317	16	0
5318	17	0
5319	16	0
5320	17	0
5321	17	0
5322	16	0
5323	17	0
5324	17	0
5325	16	0
5326	17	0
5327	17	0
5328	16	0
5329	16	0
5330	16	0
5331	17	0
5332	17	0
5333	16	0
5334	17	0
5335	17	0
5336	16	0
5337	17	0
5338	17	0
5339	16	0
5340	16	0
5341	16	0
5342	16	0
5343	17	0
5344	17	0
5345	16	0
5346	17	0
5347	16	0
5348	17	0
5349	17	0
5350	17	0
5351	17	0
5352	17	0
5353	16	0
5354	17	0
5355	17	0
5356	16	0
5357	16	0
5358	17	0
5359	16	0
5360	16	0
5361	17	0
5362	17	0
5363	17	0
5364	16	0
5365	17	0
5366	15	0
5367	15	0
5368	17	0
5369	16	0
5370	17	0
5371	16	0
5372	17	0
5373	17	0
5374	17	0
5375	17	0
5376	17	0
5377	17	0
5378	17	0
5379	17	0
5380	17	0
5381	16	0
5382	17	0
5383	16	0
5384	16	0
5385	17	0
5386	17	0
5387	17	0
5388	17	0
5389	16	0
5390	16	0
5391	17	0
5392	16	0
5393	16	0
5394	16	0
5395	17	0
5396	17	0
5397	17	0
5398	17	0
5399	16	0
5400	17	0
5401	16	0
5402	17	0
5403	16	0
5404	17	0
5405	17	0
5406	17	0
5407	18	0
5408	16	0
5409	17	0
5410	17	0
5411	16	0
5412	16	0
5413	17	0
5414	17	0
5415	17	0
5416	17	0
5417	16	0
5418	16	0
5419	17	0
5420	17	0
5421	16	0
5422	17	0
5423	17	0
5424	17	0
5425	16	0
5426	17	0
5427	17	0
5428	16	0
5429	17	0
5430	16	0
5431	16	0
5432	16	0
5433	16	0
5434	17	0
5435	17	0
5436	17	0
5437	17	0
5438	17	0
5439	17	0
5440	16	0
5441	16	0
5442	16	0
5443	17	0
5444	16	0
5445	17	0
5446	17	0
5447	17	0
5448	17	0
5449	16	0
5450	17	0
5451	17	0
5452	17	0
5453	17	0
5454	16	0
5455	17	0
5456	16	0
5457	17	0
5458	17	0
5459	17	0
5460	17	0
5461	17	0
5462	17	0
5463	17	0
5464	17	0
5465	18	0
5466	17	0
5467	17	0
5468	17	0
5469	16	0
5470	17	0
5471	17	0
5472	17	0
5473	94	0
5474	192	0
5475	218	0
5476	227	0
5477	232	0
5478	238	0
5479	239	0
5480	234	0
5481	232	0
5482	236	0
5483	241	0
5484	239	0
5485	234	0
5486	233	0
5487	237	0
5488	240	0
5489	236	0
5490	238	0
5491	237	0
5492	226	0
5493	243	0
5494	240	0
5495	221	0
5496	244	0
5497	216	0
5498	246	0
5499	236	0
5500	214	0
5501	76	0
5502	47	0
5503	38	0
5504	21	0
5505	14	0
5506	14	0
5507	20	0
5508	20	0
5509	18	0
5510	16	0
5511	14	0
5512	15	0
5513	17	0
5514	19	0
5515	17	0
5516	16	0
5517	15	0
5518	15	0
5519	17	0
5520	18	0
5521	18	0
5522	16	0
5523	15	0
5524	15	0
5525	17	0
5526	17	0
5527	17	0
5528	16	0
5529	15	0
5530	15	0
5531	16	0
5532	17	0
5533	17	0
5534	17	0
5535	17	0
5536	16	0
5537	17	0
5538	16	0
5539	17	0
5540	17	0
5541	17	0
5542	17	0
5543	17	0
5544	16	0
5545	17	0
5546	16	0
5547	16	0
5548	16	0
5549	16	0
5550	17	0
5551	17	0
5552	17	0
5553	17	0
5554	17	0
5555	17	0
5556	17	0
5557	16	0
5558	17	0
5559	17	0
5560	17	0
5561	17	0
5562	17	0
5563	16	0
5564	17	0
5565	16	0
5566	16	0
5567	17	0
5568	16	0
5569	16	0
5570	16	0
5571	16	0
5572	16	0
5573	17	0
5574	17	0
5575	17	0
5576	17	0
5577	17	0
5578	17	0
5579	17	0
5580	17	0
5581	16	0
5582	17	0
5583	17	0
5584	17	0
5585	17	0
5586	16	0
5587	17	0
5588	16	0
5589	17	0
5590	17	0
5591	17	0
5592	17	0
5593	16	0
5594	17	0
5595	17	0
5596	18	0
5597	17	0
5598	17	0
5599	17	0
5600	16	0
5601	16	0
5602	17	0
5603	16	0
5604	15	0
5605	14	0
5606	17	0
5607	17	0
5608	17	0
5609	17	0
5610	17	0
5611	16	0
5612	17	0
5613	17	0
5614	16	0
5615	16	0
5616	17	0
5617	17	0
5618	17	0
5619	17	0
5620	17	0
5621	17	0
5622	17	0
5623	17	0
5624	17	0
5625	17	0
5626	17	0
5627	17	0
5628	17	0
5629	17	0
5630	17	0
5631	16	0
5632	17	0
5633	17	0
5634	16	0
5635	16	0
5636	17	0
5637	17	0
5638	16	0
5639	17	0
5640	17	0
5641	16	0
5642	16	0
5643	17	0
5644	17	0
5645	17	0
5646	17	0
5647	16	0
5648	17	0
5649	17	0
5650	17	0
5651	17	0
5652	17	0
5653	17	0
5654	17	0
5655	16	0
5656	17	0
5657	16	0
5658	17	0
5659	17	0
5660	17	0
5661	17	0
5662	17	0
5663	16	0
5664	17	0
5665	16	0
5666	17	0
5667	17	0
5668	17	0
5669	17	0
5670	16	0
5671	16	0
5672	17	0
5673	16	0
5674	17	0
5675	17	0
5676	17	0
5677	17	0
5678	17	0
5679	17	0
5680	17	0
5681	16	0
5682	17	0
5683	17	0
5684	16	0
5685	17	0
5686	16	0
5687	17	0
5688	17	0
5689	16	0
5690	17	0
5691	16	0
5692	16	0
5693	17	0
5694	17	0
5695	17	0
5696	17	0
5697	17	0
5698	16	0
5699	17	0
5700	16	0
5701	17	0
5702	18	0
5703	17	0
5704	17	0
5705	17	0
5706	17	0
5707	17	0
5708	17	0
5709	16	0
5710	16	0
5711	54	0
5712	177	0
5713	214	0
5714	225	0
5715	233	0
5716	238	0
5717	241	0
5718	236	0
5719	233	0
5720	235	0
5721	238	0
5722	241	0
5723	235	0
5724	233	0
5725	235	0
5726	240	0
5727	239	0
5728	235	0
5729	237	0
5730	236	0
5731	231	0
5732	252	0
5733	220	0
5734	243	0
5735	222	0
5736	233	0
5737	249	0
5738	217	0
5739	111	0
5740	54	0
5741	30	0
5742	18	0
5743	18	0
5744	21	0
5745	22	0
5746	18	0
5747	15	0
5748	14	0
5749	17	0
5750	19	0
5751	19	0
5752	17	0
5753	15	0
5754	14	0
5755	17	0
5756	18	0
5757	18	0
5758	18	0
5759	16	0
5760	15	0
5761	17	0
5762	17	0
5763	17	0
5764	18	0
5765	17	0
5766	15	0
5767	16	0
5768	17	0
5769	17	0
5770	18	0
5771	17	0
5772	17	0
5773	17	0
5774	17	0
5775	17	0
5776	17	0
5777	16	0
5778	17	0
5779	16	0
5780	17	0
5781	17	0
5782	17	0
5783	17	0
5784	17	0
5785	17	0
5786	17	0
5787	17	0
5788	16	0
5789	17	0
5790	16	0
5791	17	0
5792	17	0
5793	16	0
5794	17	0
5795	17	0
5796	16	0
5797	17	0
5798	16	0
5799	17	0
5800	16	0
5801	17	0
5802	17	0
5803	17	0
5804	16	0
5805	17	0
5806	16	0
5807	16	0
5808	17	0
5809	16	0
5810	17	0
5811	17	0
5812	17	0
5813	17	0
5814	17	0
5815	17	0
5816	17	0
5817	17	0
5818	16	0
5819	17	0
5820	17	0
5821	17	0
5822	17	0
5823	17	0
5824	16	0
5825	17	0
5826	17	0
5827	17	0
5828	17	0
5829	17	0
5830	17	0
5831	17	0
5832	17	0
5833	17	0
5834	17	0
5835	17	0
5836	16	0
5837	17	0
5838	17	0
5839	17	0
5840	17	0
5841	16	0
5842	17	0
5843	16	0
5844	16	0
5845	16	0
5846	17	0
5847	16	0
5848	17	0
5849	17	0
5850	17	0
5851	17	0
5852	17	0
5853	16	0
5854	16	0
5855	17	0
5856	17	0
5857	17	0
5858	17	0
5859	18	0
5860	16	0
5861	17	0
5862	16	0
5863	17	0
5864	17	0
5865	17	0
5866	16	0
5867	17	0
5868	17	0
5869	17	0
5870	17	0
5871	17	0
5872	17	0
5873	17	0
5874	17	0
5875	17	0
5876	17	0
5877	16	0
5878	17	0
5879	17	0
5880	17	0
5881	16	0
5882	17	0
5883	17	0
5884	17	0
5885	16	0
5886	17	0
5887	16	0
5888	17	0
5889	16	0
5890	17	0
5891	17	0
5892	17	0
5893	17	0
5894	18	0
5895	16	0
5896	16	0
5897	17	0
5898	17	0
5899	17	0
5900	16	0
5901	17	0
5902	17	0
5903	17	0
5904	17	0
5905	17	0
5906	17	0
5907	17	0
5908	17	0
5909	16	0
5910	17	0
5911	17	0
5912	16	0
5913	16	0
5914	17	0
5915	17	0
5916	17	0
5917	16	0
5918	16	0
5919	17	0
5920	17	0
5921	17	0
5922	17	0
5923	17	0
5924	17	0
5925	17	0
5926	17	0
5927	17	0
5928	16	0
5929	16	0
5930	17	0
5931	17	0
5932	17	0
5933	16	0
5934	16	0
5935	17	0
5936	17	0
5937	17	0
5938	17	0
5939	16	0
5940	17	0
5941	18	0
5942	18	0
5943	17	0
5944	17	0
5945	17	0
5946	17	0
5947	16	0
5948	17	0
5949	17	0
5950	115	0
5951	198	0
5952	221	0
5953	228	0
5954	235	0
5955	239	0
5956	238	0
5957	235	0
5958	232	0
5959	237	0
5960	241	0
5961	240	0
5962	233	0
5963	233	0
5964	240	0
5965	240	0
5966	234	0
5967	245	0
5968	217	0
5969	246	0
5970	232	0
5971	231	0
5972	242	0
5973	213	0
5974	248	0
5975	227	0
5976	237	0
5977	204	0
5978	83	0
5979	34	0
5980	26	0
5981	22	0
5982	23	0
5983	22	0
5984	17	0
5985	14	0
5986	17	0
5987	18	0
5988	19	0
5989	19	0
5990	17	0
5991	15	0
5992	15	0
5993	17	0
5994	18	0
5995	18	0
5996	16	0
5997	15	0
5998	16	0
5999	17	0
6000	16	0
6001	18	0
6002	17	0
6003	16	0
6004	16	0
6005	16	0
6006	17	0
6007	18	0
6008	16	0
6009	16	0
6010	17	0
6011	17	0
6012	17	0
6013	17	0
6014	17	0
6015	17	0
6016	17	0
6017	17	0
6018	17	0
6019	17	0
6020	17	0
6021	17	0
6022	16	0
6023	16	0
6024	17	0
6025	17	0
6026	17	0
6027	17	0
6028	17	0
6029	16	0
6030	16	0
6031	17	0
6032	16	0
6033	17	0
6034	16	0
6035	17	0
6036	17	0
6037	17	0
6038	17	0
6039	16	0
6040	17	0
6041	17	0
6042	17	0
6043	17	0
6044	16	0
6045	17	0
6046	17	0
6047	17	0
6048	17	0
6049	17	0
6050	17	0
6051	17	0
6052	17	0
6053	17	0
6054	17	0
6055	17	0
6056	17	0
6057	17	0
6058	17	0
6059	17	0
6060	17	0
6061	16	0
6062	17	0
6063	16	0
6064	16	0
6065	17	0
6066	17	0
6067	16	0
6068	17	0
6069	17	0
6070	17	0
6071	17	0
6072	17	0
6073	17	0
6074	16	0
6075	17	0
6076	16	0
6077	18	0
6078	17	0
6079	17	0
6080	17	0
6081	15	0
6082	14	0
6083	17	0
6084	17	0
6085	17	0
6086	17	0
6087	16	0
6088	16	0
6089	17	0
6090	17	0
6091	16	0
6092	17	0
6093	17	0
6094	17	0
6095	17	0
6096	17	0
6097	16	0
6098	17	0
6099	17	0
6100	17	0
6101	17	0
6102	17	0
6103	17	0
6104	16	0
6105	17	0
6106	16	0
6107	16	0
6108	16	0
6109	17	0
6110	18	0
6111	17	0
6112	16	0
6113	17	0
6114	17	0
6115	17	0
6116	17	0
6117	16	0
6118	17	0
6119	17	0
6120	17	0
6121	16	0
6122	17	0
6123	17	0
6124	16	0
6125	16	0
6126	17	0
6127	17	0
6128	17	0
6129	16	0
6130	17	0
6131	16	0
6132	17	0
6133	16	0
6134	17	0
6135	17	0
6136	17	0
6137	17	0
6138	17	0
6139	17	0
6140	17	0
6141	17	0
6142	16	0
6143	17	0
6144	17	0
6145	16	0
6146	17	0
6147	17	0
6148	17	0
6149	17	0
6150	17	0
6151	17	0
6152	17	0
6153	17	0
6154	17	0
6155	17	0
6156	17	0
6157	17	0
6158	16	0
6159	17	0
6160	17	0
6161	17	0
6162	16	0
6163	16	0
6164	17	0
6165	17	0
6166	16	0
6167	17	0
6168	17	0
6169	17	0
6170	17	0
6171	16	0
6172	17	0
6173	17	0
6174	16	0
6175	17	0
6176	17	0
6177	17	0
6178	17	0
6179	18	0
6180	18	0
6181	17	0
6182	17	0
6183	16	0
6184	17	0
6185	17	0
6186	17	0
6187	16	0
6188	101	0
6189	194	0
6190	219	0
6191	227	0
6192	234	0
6193	239	0
6194	240	0
6195	235	0
6196	233	0
6197	237	0
6198	241	0
6199	241	0
6200	234	0
6201	233	0
6202	238	0
6203	240	0
6204	237	0
6205	237	0
6206	238	0
6207	225	0
6208	253	0
6209	223	0
6210	246	0
6211	221	0
6212	233	0
6213	246	0
6214	221	0
6215	232	0
6216	74	0
6217	32	0
6218	36	0
6219	28	0
6220	21	0
6221	17	0
6222	14	0
6223	16	0
6224	20	0
6225	19	0
6226	17	0
6227	15	0
6228	14	0
6229	17	0
6230	19	0
6231	19	0
6232	18	0
6233	16	0
6234	15	0
6235	15	0
6236	16	0
6237	19	0
6238	17	0
6239	17	0
6240	17	0
6241	16	0
6242	17	0
6243	17	0
6244	17	0
6245	17	0
6246	17	0
6247	17	0
6248	17	0
6249	17	0
6250	17	0
6251	17	0
6252	17	0
6253	17	0
6254	17	0
6255	17	0
6256	17	0
6257	17	0
6258	17	0
6259	17	0
6260	17	0
6261	17	0
6262	17	0
6263	17	0
6264	17	0
6265	17	0
6266	16	0
6267	16	0
6268	16	0
6269	17	0
6270	17	0
6271	17	0
6272	17	0
6273	16	0
6274	17	0
6275	17	0
6276	17	0
6277	17	0
6278	17	0
6279	16	0
6280	16	0
6281	17	0
6282	17	0
6283	17	0
6284	17	0
6285	17	0
6286	16	0
6287	17	0
6288	16	0
6289	17	0
6290	17	0
6291	17	0
6292	17	0
6293	16	0
6294	17	0
6295	17	0
6296	16	0
6297	17	0
6298	16	0
6299	17	0
6300	16	0
6301	17	0
6302	16	0
6303	17	0
6304	17	0
6305	17	0
6306	16	0
6307	16	0
6308	17	0
6309	17	0
6310	17	0
6311	16	0
6312	17	0
6313	17	0
6314	17	0
6315	17	0
6316	16	0
6317	16	0
6318	16	0
6319	15	0
6320	17	0
6321	16	0
6322	17	0
6323	17	0
6324	17	0
6325	16	0
6326	16	0
6327	16	0
6328	17	0
6329	17	0
6330	17	0
6331	17	0
6332	17	0
6333	16	0
6334	17	0
6335	17	0
6336	17	0
6337	16	0
6338	17	0
6339	17	0
6340	17	0
6341	17	0
6342	16	0
6343	16	0
6344	17	0
6345	17	0
6346	17	0
6347	17	0
6348	16	0
6349	17	0
6350	17	0
6351	16	0
6352	16	0
6353	17	0
6354	17	0
6355	17	0
6356	17	0
6357	17	0
6358	17	0
6359	17	0
6360	17	0
6361	17	0
6362	16	0
6363	17	0
6364	17	0
6365	16	0
6366	16	0
6367	16	0
6368	16	0
6369	17	0
6370	17	0
6371	17	0
6372	17	0
6373	17	0
6374	16	0
6375	16	0
6376	16	0
6377	17	0
6378	16	0
6379	17	0
6380	17	0
6381	17	0
6382	17	0
6383	17	0
6384	16	0
6385	17	0
6386	17	0
6387	17	0
6388	17	0
6389	17	0
6390	17	0
6391	16	0
6392	16	0
6393	18	0
6394	17	0
6395	17	0
6396	17	0
6397	16	0
6398	16	0
6399	17	0
6400	16	0
6401	17	0
6402	17	0
6403	17	0
6404	16	0
6405	16	0
6406	17	0
6407	17	0
6408	17	0
6409	16	0
6410	17	0
6411	17	0
6412	16	0
6413	16	0
6414	17	0
6415	17	0
6416	18	0
6417	17	0
6418	18	0
6419	17	0
6420	17	0
6421	16	0
6422	17	0
6423	17	0
6424	17	0
6425	17	0
6426	92	0
6427	191	0
6428	218	0
6429	228	0
6430	233	0
6431	239	0
6432	238	0
6433	235	0
6434	233	0
6435	236	0
6436	240	0
6437	240	0
6438	233	0
6439	233	0
6440	238	0
6441	238	0
6442	235	0
6443	246	0
6444	218	0
6445	248	0
6446	225	0
6447	240	0
6448	237	0
6449	216	0
6450	249	0
6451	222	0
6452	243	0
6453	226	0
6454	94	0
6455	37	0
6456	27	0
6457	22	0
6458	23	0
6459	21	0
6460	16	0
6461	14	0
6462	15	0
6463	17	0
6464	20	0
6465	19	0
6466	17	0
6467	16	0
6468	16	0
6469	17	0
6470	18	0
6471	18	0
6472	16	0
6473	17	0
6474	15	0
6475	16	0
6476	19	0
6477	18	0
6478	17	0
6479	16	0
6480	15	0
6481	16	0
6482	16	0
6483	18	0
6484	18	0
6485	17	0
6486	17	0
6487	16	0
6488	16	0
6489	17	0
6490	16	0
6491	17	0
6492	16	0
6493	17	0
6494	17	0
6495	17	0
6496	17	0
6497	16	0
6498	17	0
6499	16	0
6500	17	0
6501	17	0
6502	16	0
6503	16	0
6504	16	0
6505	17	0
6506	16	0
6507	17	0
6508	17	0
6509	16	0
6510	16	0
6511	17	0
6512	16	0
6513	17	0
6514	17	0
6515	17	0
6516	17	0
6517	17	0
6518	16	0
6519	17	0
6520	17	0
6521	17	0
6522	17	0
6523	17	0
6524	17	0
6525	17	0
6526	17	0
6527	17	0
6528	17	0
6529	17	0
6530	16	0
6531	16	0
6532	16	0
6533	17	0
6534	17	0
6535	17	0
6536	17	0
6537	17	0
6538	17	0
6539	17	0
6540	17	0
6541	17	0
6542	17	0
6543	16	0
6544	17	0
6545	17	0
6546	17	0
6547	17	0
6548	16	0
6549	17	0
6550	17	0
6551	17	0
6552	17	0
6553	17	0
6554	16	0
6555	17	0
6556	16	0
6557	17	0
6558	16	0
6559	16	0
6560	17	0
6561	17	0
6562	17	0
6563	17	0
6564	17	0
6565	17	0
6566	17	0
6567	17	0
6568	16	0
6569	16	0
6570	17	0
6571	16	0
6572	16	0
6573	17	0
6574	17	0
6575	17	0
6576	17	0
6577	17	0
6578	17	0
6579	16	0
6580	17	0
6581	17	0
6582	17	0
6583	17	0
6584	16	0
6585	17	0
6586	17	0
6587	17	0
6588	17	0
6589	17	0
6590	17	0
6591	16	0
6592	17	0
6593	17	0
6594	17	0
6595	17	0
6596	16	0
6597	16	0
6598	17	0
6599	17	0
6600	16	0
6601	17	0
6602	17	0
6603	17	0
6604	16	0
6605	16	0
6606	16	0
6607	16	0
6608	17	0
6609	16	0
6610	16	0
6611	17	0
6612	16	0
6613	16	0
6614	17	0
6615	17	0
6616	17	0
6617	17	0
6618	16	0
6619	17	0
6620	16	0
6621	17	0
6622	17	0
6623	17	0
6624	16	0
6625	17	0
6626	16	0
6627	17	0
6628	17	0
6629	17	0
6630	16	0
6631	16	0
6632	17	0
6633	17	0
6634	17	0
6635	17	0
6636	17	0
6637	16	0
6638	16	0
6639	17	0
6640	16	0
6641	17	0
6642	17	0
6643	16	0
6644	17	0
6645	16	0
6646	17	0
6647	17	0
6648	16	0
6649	17	0
6650	17	0
6651	17	0
6652	16	0
6653	17	0
6654	16	0
6655	17	0
6656	17	0
6657	17	0
6658	17	0
6659	17	0
6660	17	0
6661	16	0
6662	17	0
6663	16	0
6664	17	0
6665	140	0
6666	205	0
6667	222	0
6668	229	0
6669	236	0
6670	240	0
6671	238	0
6672	234	0
6673	233	0
6674	238	0
6675	241	0
6676	238	0
6677	234	0
6678	235	0
6679	238	0
6680	239	0
6681	241	0
6682	238	0
6683	230	0
6684	237	0
6685	240	0
6686	240	0
6687	220	0
6688	246	0
6689	217	0
6690	246	0
6691	234	0
6692	161	0
6693	52	0
6694	34	0
6695	34	0
6696	22	0
6697	17	0
6698	14	0
6699	16	0
6700	20	0
6701	20	0
6702	18	0
6703	16	0
6704	14	0
6705	17	0
6706	19	0
6707	19	0
6708	17	0
6709	16	0
6710	16	0
6711	16	0
6712	18	0
6713	18	0
6714	17	0
6715	17	0
6716	15	0
6717	16	0
6718	16	0
6719	17	0
6720	18	0
6721	17	0
6722	16	0
6723	16	0
6724	16	0
6725	17	0
6726	17	0
6727	16	0
6728	17	0
6729	17	0
6730	17	0
6731	17	0
6732	17	0
6733	17	0
6734	16	0
6735	17	0
6736	17	0
6737	17	0
6738	17	0
6739	17	0
6740	16	0
6741	17	0
6742	16	0
6743	17	0
6744	16	0
6745	17	0
6746	17	0
6747	17	0
6748	17	0
6749	16	0
6750	17	0
6751	17	0
6752	17	0
6753	17	0
6754	17	0
6755	17	0
6756	16	0
6757	17	0
6758	17	0
6759	17	0
6760	16	0
6761	17	0
6762	17	0
6763	17	0
6764	17	0
6765	16	0
6766	17	0
6767	17	0
6768	16	0
6769	17	0
6770	17	0
6771	17	0
6772	17	0
6773	16	0
6774	17	0
6775	17	0
6776	17	0
6777	17	0
6778	16	0
6779	17	0
6780	17	0
6781	16	0
6782	17	0
6783	17	0
6784	17	0
6785	17	0
6786	17	0
6787	17	0
6788	17	0
6789	17	0
6790	17	0
6791	16	0
6792	17	0
6793	17	0
6794	17	0
6795	17	0
6796	15	0
6797	14	0
6798	17	0
6799	17	0
6800	16	0
6801	17	0
6802	17	0
6803	16	0
6804	17	0
6805	16	0
6806	17	0
6807	17	0
6808	16	0
6809	16	0
6810	17	0
6811	17	0
6812	17	0
6813	17	0
6814	17	0
6815	17	0
6816	17	0
6817	17	0
6818	17	0
6819	17	0
6820	17	0
6821	17	0
6822	16	0
6823	17	0
6824	16	0
6825	17	0
6826	17	0
6827	16	0
6828	16	0
6829	16	0
6830	16	0
6831	16	0
6832	17	0
6833	16	0
6834	16	0
6835	17	0
6836	17	0
6837	17	0
6838	16	0
6839	17	0
6840	17	0
6841	17	0
6842	16	0
6843	16	0
6844	17	0
6845	16	0
6846	17	0
6847	17	0
6848	16	0
6849	17	0
6850	17	0
6851	16	0
6852	17	0
6853	16	0
6854	16	0
6855	17	0
6856	17	0
6857	16	0
6858	16	0
6859	17	0
6860	17	0
6861	17	0
6862	17	0
6863	17	0
6864	16	0
6865	17	0
6866	17	0
6867	16	0
6868	17	0
6869	16	0
6870	17	0
6871	17	0
6872	17	0
6873	16	0
6874	17	0
6875	17	0
6876	17	0
6877	17	0
6878	17	0
6879	17	0
6880	16	0
6881	17	0
6882	17	0
6883	17	0
6884	17	0
6885	16	0
6886	17	0
6887	17	0
6888	17	0
6889	17	0
6890	17	0
6891	16	0
6892	17	0
6893	18	0
6894	18	0
6895	18	0
6896	17	0
6897	17	0
6898	17	0
6899	17	0
6900	17	0
6901	17	0
6902	16	0
6903	115	0
6904	198	0
6905	219	0
6906	228	0
6907	235	0
6908	240	0
6909	238	0
6910	233	0
6911	232	0
6912	237	0
6913	241	0
6914	239	0
6915	234	0
6916	234	0
6917	237	0
6918	237	0
6919	238	0
6920	242	0
6921	221	0
6922	249	0
6923	224	0
6924	243	0
6925	231	0
6926	221	0
6927	248	0
6928	221	0
6929	246	0
6930	195	0
6931	85	0
6932	39	0
6933	26	0
6934	19	0
6935	22	0
6936	22	0
6937	19	0
6938	16	0
6939	14	0
6940	17	0
6941	19	0
6942	19	0
6943	17	0
6944	15	0
6945	15	0
6946	16	0
6947	18	0
6948	18	0
6949	18	0
6950	16	0
6951	15	0
6952	17	0
6953	17	0
6954	18	0
6955	17	0
6956	16	0
6957	16	0
6958	16	0
6959	17	0
6960	16	0
6961	17	0
6962	17	0
6963	17	0
6964	16	0
6965	17	0
6966	17	0
6967	17	0
6968	17	0
6969	16	0
6970	17	0
6971	16	0
6972	16	0
6973	16	0
6974	16	0
6975	17	0
6976	17	0
6977	16	0
6978	17	0
6979	17	0
6980	17	0
6981	17	0
6982	17	0
6983	17	0
6984	17	0
6985	17	0
6986	17	0
6987	16	0
6988	17	0
6989	17	0
6990	17	0
6991	16	0
6992	17	0
6993	17	0
6994	17	0
6995	16	0
6996	17	0
6997	17	0
6998	17	0
6999	17	0
7000	17	0
7001	16	0
7002	17	0
7003	17	0
7004	17	0
7005	17	0
7006	17	0
7007	17	0
7008	17	0
7009	16	0
7010	16	0
7011	17	0
7012	16	0
7013	17	0
7014	17	0
7015	16	0
7016	16	0
7017	17	0
7018	17	0
7019	17	0
7020	17	0
7021	16	0
7022	18	0
7023	16	0
7024	17	0
7025	17	0
7026	17	0
7027	17	0
7028	17	0
7029	16	0
7030	17	0
7031	17	0
7032	16	0
7033	17	0
7034	16	0
7035	15	0
7036	16	0
7037	16	0
7038	17	0
7039	16	0
7040	17	0
7041	16	0
7042	17	0
7043	16	0
7044	17	0
7045	17	0
7046	17	0
7047	17	0
7048	17	0
7049	17	0
7050	17	0
7051	16	0
7052	16	0
7053	17	0
7054	17	0
7055	17	0
7056	17	0
7057	17	0
7058	17	0
7059	17	0
7060	16	0
7061	17	0
7062	17	0
7063	17	0
7064	17	0
7065	16	0
7066	16	0
7067	16	0
7068	16	0
7069	17	0
7070	17	0
7071	17	0
7072	17	0
7073	16	0
7074	17	0
7075	16	0
7076	16	0
7077	16	0
7078	17	0
7079	16	0
7080	17	0
7081	16	0
7082	17	0
7083	17	0
7084	17	0
7085	17	0
7086	17	0
7087	17	0
7088	17	0
7089	17	0
7090	16	0
7091	17	0
7092	16	0
7093	17	0
7094	17	0
7095	16	0
7096	17	0
7097	17	0
7098	16	0
7099	17	0
7100	17	0
7101	17	0
7102	17	0
7103	16	0
7104	16	0
7105	17	0
7106	16	0
7107	17	0
7108	17	0
7109	17	0
7110	16	0
7111	17	0
7112	17	0
7113	16	0
7114	17	0
7115	16	0
7116	16	0
7117	17	0
7118	16	0
7119	17	0
7120	17	0
7121	17	0
7122	17	0
7123	16	0
7124	17	0
7125	16	0
7126	17	0
7127	17	0
7128	17	0
7129	17	0
7130	16	0
7131	17	0
7132	17	0
7133	17	0
7134	17	0
7135	17	0
7136	17	0
7137	16	0
7138	17	0
7139	16	0
7140	17	0
7141	28	0
7142	163	0
7143	211	0
7144	225	0
7145	231	0
7146	237	0
7147	239	0
7148	237	0
7149	233	0
7150	233	0
7151	237	0
7152	241	0
7153	240	0
7154	232	0
7155	229	0
7156	244	0
7157	237	0
7158	243	0
7159	218	0
7160	246	0
7161	220	0
7162	245	0
7163	235	0
7164	219	0
7165	245	0
7166	218	0
7167	247	0
7168	231	0
7169	131	0
7170	44	0
7171	29	0
7172	30	0
7173	26	0
7174	18	0
7175	15	0
7176	16	0
7177	17	0
7178	19	0
7179	19	0
7180	16	0
7181	15	0
7182	16	0
7183	16	0
7184	19	0
7185	19	0
7186	16	0
7187	16	0
7188	15	0
7189	16	0
7190	17	0
7191	18	0
7192	17	0
7193	16	0
7194	16	0
7195	16	0
7196	17	0
7197	17	0
7198	17	0
7199	16	0
7200	16	0
7201	16	0
7202	18	0
7203	17	0
7204	17	0
7205	18	0
7206	16	0
7207	16	0
7208	17	0
7209	16	0
7210	17	0
7211	16	0
7212	17	0
7213	16	0
7214	16	0
7215	17	0
7216	17	0
7217	16	0
7218	17	0
7219	16	0
7220	17	0
7221	17	0
7222	16	0
7223	17	0
7224	16	0
7225	17	0
7226	16	0
7227	17	0
7228	16	0
7229	16	0
7230	17	0
7231	16	0
7232	17	0
7233	17	0
7234	17	0
7235	17	0
7236	17	0
7237	17	0
7238	17	0
7239	17	0
7240	17	0
7241	17	0
7242	17	0
7243	17	0
7244	17	0
7245	17	0
7246	17	0
7247	17	0
7248	16	0
7249	16	0
7250	16	0
7251	16	0
7252	17	0
7253	17	0
7254	16	0
7255	17	0
7256	16	0
7257	16	0
7258	17	0
7259	16	0
7260	16	0
7261	18	0
7262	17	0
7263	16	0
7264	17	0
7265	17	0
7266	17	0
7267	17	0
7268	16	0
7269	16	0
7270	17	0
7271	17	0
7272	16	0
7273	15	0
7274	16	0
7275	17	0
7276	16	0
7277	16	0
7278	17	0
7279	16	0
7280	17	0
7281	17	0
7282	16	0
7283	17	0
7284	17	0
7285	16	0
7286	17	0
7287	17	0
7288	16	0
7289	17	0
7290	16	0
7291	16	0
7292	17	0
7293	17	0
7294	17	0
7295	17	0
7296	17	0
7297	17	0
7298	17	0
7299	16	0
7300	17	0
7301	16	0
7302	17	0
7303	16	0
7304	17	0
7305	16	0
7306	17	0
7307	17	0
7308	17	0
7309	17	0
7310	17	0
7311	17	0
7312	17	0
7313	17	0
7314	16	0
7315	17	0
7316	17	0
7317	17	0
7318	17	0
7319	17	0
7320	17	0
7321	16	0
7322	17	0
7323	17	0
7324	17	0
7325	17	0
7326	17	0
7327	17	0
7328	16	0
7329	16	0
7330	16	0
7331	16	0
7332	17	0
7333	17	0
7334	17	0
7335	16	0
7336	16	0
7337	17	0
7338	17	0
7339	17	0
7340	17	0
7341	16	0
7342	17	0
7343	17	0
7344	16	0
7345	17	0
7346	17	0
7347	17	0
7348	17	0
7349	17	0
7350	17	0
7351	17	0
7352	17	0
7353	17	0
7354	16	0
7355	17	0
7356	17	0
7357	17	0
7358	17	0
7359	16	0
7360	17	0
7361	17	0
7362	16	0
7363	17	0
7364	16	0
7365	17	0
7366	17	0
7367	17	0
7368	17	0
7369	17	0
7370	17	0
7371	17	0
7372	17	0
7373	17	0
7374	17	0
7375	17	0
7376	17	0
7377	16	0
7378	17	0
7379	24	0
7380	158	0
7381	210	0
7382	223	0
7383	230	0
7384	237	0
7385	240	0
7386	237	0
7387	232	0
7388	233	0
7389	238	0
7390	242	0
7391	238	0
7392	232	0
7393	233	0
7394	239	0
7395	241	0
7396	235	0
7397	232	0
7398	240	0
7399	230	0
7400	251	0
7401	222	0
7402	246	0
7403	217	0
7404	239	0
7405	242	0
7406	220	0
7407	142	0
7408	62	0
7409	29	0
7410	19	0
7411	21	0
7412	22	0
7413	21	0
7414	17	0
7415	14	0
7416	15	0
7417	19	0
7418	20	0
7419	18	0
7420	16	0
7421	15	0
7422	16	0
7423	18	0
7424	18	0
7425	18	0
7426	17	0
7427	16	0
7428	16	0
7429	17	0
7430	17	0
7431	18	0
7432	17	0
7433	17	0
7434	16	0
7435	17	0
7436	17	0
7437	17	0
7438	16	0
7439	17	0
7440	16	0
7441	17	0
7442	16	0
7443	17	0
7444	17	0
7445	17	0
7446	16	0
7447	17	0
7448	16	0
7449	17	0
7450	17	0
7451	16	0
7452	17	0
7453	17	0
7454	17	0
7455	16	0
7456	17	0
7457	17	0
7458	17	0
7459	16	0
7460	17	0
7461	17	0
7462	17	0
7463	16	0
7464	17	0
7465	17	0
7466	17	0
7467	17	0
7468	16	0
7469	17	0
7470	16	0
7471	17	0
7472	16	0
7473	17	0
7474	17	0
7475	17	0
7476	16	0
7477	17	0
7478	17	0
7479	16	0
7480	17	0
7481	17	0
7482	17	0
7483	16	0
7484	17	0
7485	16	0
7486	17	0
7487	16	0
7488	17	0
7489	17	0
7490	17	0
7491	16	0
7492	17	0
7493	17	0
7494	17	0
7495	17	0
7496	17	0
7497	17	0
7498	17	0
7499	17	0
7500	16	0
7501	16	0
7502	16	0
7503	17	0
7504	16	0
7505	17	0
7506	17	0
7507	17	0
7508	17	0
7509	16	0
7510	16	0
7511	15	0
7512	17	0
7513	17	0
7514	17	0
7515	17	0
7516	17	0
7517	17	0
7518	18	0
7519	17	0
7520	17	0
7521	17	0
7522	18	0
7523	17	0
7524	16	0
7525	17	0
7526	17	0
7527	17	0
7528	17	0
7529	17	0
7530	18	0
7531	17	0
7532	16	0
7533	16	0
7534	16	0
7535	17	0
7536	17	0
7537	16	0
7538	17	0
7539	17	0
7540	16	0
7541	17	0
7542	17	0
7543	17	0
7544	16	0
7545	17	0
7546	16	0
7547	17	0
7548	17	0
7549	16	0
7550	16	0
7551	17	0
7552	17	0
7553	17	0
7554	16	0
7555	16	0
7556	17	0
7557	17	0
7558	16	0
7559	17	0
7560	16	0
7561	17	0
7562	17	0
7563	16	0
7564	17	0
7565	16	0
7566	17	0
7567	16	0
7568	17	0
7569	16	0
7570	17	0
7571	17	0
7572	17	0
7573	17	0
7574	17	0
7575	17	0
7576	18	0
7577	17	0
7578	17	0
7579	16	0
7580	16	0
7581	17	0
7582	17	0
7583	17	0
7584	17	0
7585	16	0
7586	17	0
7587	16	0
7588	17	0
7589	16	0
7590	17	0
7591	17	0
7592	17	0
7593	17	0
7594	16	0
7595	17	0
7596	16	0
7597	17	0
7598	17	0
7599	17	0
7600	17	0
7601	16	0
7602	16	0
7603	16	0
7604	17	0
7605	17	0
7606	17	0
7607	16	0
7608	18	0
7609	18	0
7610	17	0
7611	17	0
7612	17	0
7613	17	0
7614	17	0
7615	17	0
7616	17	0
7617	43	0
7618	173	0
7619	214	0
7620	224	0
7621	231	0
7622	238	0
7623	241	0
7624	236	0
7625	233	0
7626	234	0
7627	238	0
7628	240	0
7629	236	0
7630	233	0
7631	236	0
7632	238	0
7633	238	0
7634	238	0
7635	238	0
7636	226	0
7637	248	0
7638	225	0
7639	249	0
7640	216	0
7641	238	0
7642	238	0
7643	225	0
7644	249	0
7645	101	0
7646	43	0
7647	38	0
7648	30	0
7649	19	0
7650	14	0
7651	16	0
7652	19	0
7653	21	0
7654	19	0
7655	17	0
7656	14	0
7657	16	0
7658	19	0
7659	19	0
7660	18	0
7661	17	0
7662	16	0
7663	16	0
7664	18	0
7665	18	0
7666	18	0
7667	17	0
7668	16	0
7669	17	0
7670	18	0
7671	17	0
7672	18	0
7673	17	0
7674	16	0
7675	17	0
7676	16	0
7677	17	0
7678	17	0
7679	16	0
7680	16	0
7681	17	0
7682	16	0
7683	17	0
7684	17	0
7685	17	0
7686	17	0
7687	17	0
7688	17	0
7689	17	0
7690	17	0
7691	17	0
7692	17	0
7693	16	0
7694	16	0
7695	17	0
7696	16	0
7697	17	0
7698	17	0
7699	17	0
7700	17	0
7701	17	0
7702	16	0
7703	17	0
7704	18	0
7705	17	0
7706	17	0
7707	17	0
7708	17	0
7709	17	0
7710	17	0
7711	17	0
7712	16	0
7713	17	0
7714	16	0
7715	17	0
7716	17	0
7717	17	0
7718	17	0
7719	17	0
7720	16	0
7721	17	0
7722	17	0
7723	16	0
7724	17	0
7725	17	0
7726	16	0
7727	17	0
7728	17	0
7729	17	0
7730	16	0
7731	16	0
7732	16	0
7733	16	0
7734	16	0
7735	17	0
7736	17	0
7737	17	0
7738	17	0
7739	17	0
7740	16	0
7741	17	0
7742	16	0
7743	17	0
7744	17	0
7745	17	0
7746	17	0
7747	16	0
7748	16	0
7749	16	0
7750	16	0
7751	17	0
7752	17	0
7753	17	0
7754	17	0
7755	16	0
7756	16	0
7757	17	0
7758	17	0
7759	17	0
7760	17	0
7761	17	0
7762	17	0
7763	17	0
7764	16	0
7765	17	0
7766	17	0
7767	17	0
7768	16	0
7769	16	0
7770	17	0
7771	17	0
7772	16	0
7773	17	0
7774	17	0
7775	17	0
7776	17	0
7777	17	0
7778	16	0
7779	16	0
7780	17	0
7781	16	0
7782	16	0
7783	16	0
7784	16	0
7785	17	0
7786	17	0
7787	17	0
7788	16	0
7789	17	0
7790	17	0
7791	17	0
7792	17	0
7793	17	0
7794	17	0
7795	17	0
7796	17	0
7797	17	0
7798	17	0
7799	17	0
7800	17	0
7801	16	0
7802	17	0
7803	16	0
7804	17	0
7805	17	0
7806	17	0
7807	17	0
7808	17	0
7809	17	0
7810	17	0
7811	16	0
7812	16	0
7813	17	0
7814	17	0
7815	17	0
7816	17	0
7817	16	0
7818	17	0
7819	16	0
7820	17	0
7821	17	0
7822	17	0
7823	17	0
7824	17	0
7825	16	0
7826	17	0
7827	16	0
7828	17	0
7829	17	0
7830	17	0
7831	17	0
7832	17	0
7833	17	0
7834	17	0
7835	17	0
7836	16	0
7837	16	0
7838	17	0
7839	17	0
7840	17	0
7841	17	0
7842	17	0
7843	17	0
7844	17	0
7845	17	0
7846	18	0
7847	18	0
7848	17	0
7849	16	0
7850	17	0
7851	17	0
7852	17	0
7853	16	0
7854	16	0
7855	54	0
7856	178	0
7857	215	0
7858	226	0
7859	232	0
7860	238	0
7861	241	0
7862	237	0
7863	233	0
7864	234	0
7865	239	0
7866	242	0
7867	236	0
7868	231	0
7869	235	0
7870	243	0
7871	239	0
7872	232	0
7873	242	0
7874	222	0
7875	241	0
7876	243	0
7877	219	0
7878	245	0
7879	216	0
7880	243	0
7881	241	0
7882	221	0
7883	104	0
7884	57	0
7885	33	0
7886	19	0
7887	16	0
7888	21	0
7889	21	0
7890	19	0
7891	16	0
7892	15	0
7893	17	0
7894	19	0
7895	20	0
7896	18	0
7897	16	0
7898	14	0
7899	17	0
7900	17	0
7901	19	0
7902	17	0
7903	16	0
7904	15	0
7905	16	0
7906	17	0
7907	17	0
7908	17	0
7909	17	0
7910	16	0
7911	16	0
7912	17	0
7913	17	0
7914	16	0
7915	17	0
7916	17	0
7917	17	0
7918	16	0
7919	17	0
7920	17	0
7921	17	0
7922	17	0
7923	17	0
7924	17	0
7925	16	0
7926	17	0
7927	17	0
7928	16	0
7929	17	0
7930	16	0
7931	16	0
7932	17	0
7933	17	0
7934	17	0
7935	17	0
7936	17	0
7937	17	0
7938	17	0
7939	17	0
7940	16	0
7941	17	0
7942	17	0
7943	16	0
7944	17	0
7945	17	0
7946	16	0
7947	16	0
7948	17	0
7949	16	0
7950	16	0
7951	17	0
7952	16	0
7953	17	0
7954	16	0
7955	17	0
7956	17	0
7957	17	0
7958	16	0
7959	17	0
7960	17	0
7961	17	0
7962	17	0
7963	17	0
7964	17	0
7965	17	0
7966	17	0
7967	17	0
7968	17	0
7969	17	0
7970	17	0
7971	16	0
7972	16	0
7973	17	0
7974	17	0
7975	17	0
7976	17	0
7977	17	0
7978	17	0
7979	17	0
7980	16	0
7981	17	0
7982	17	0
7983	17	0
7984	16	0
7985	16	0
7986	16	0
7987	15	0
7988	16	0
7989	16	0
7990	17	0
7991	17	0
7992	17	0
7993	17	0
7994	16	0
7995	17	0
7996	17	0
7997	17	0
7998	16	0
7999	17	0
