Oscilloscope data. 
Time step = 10,00 nS
Voltage step = 3,125 mV
Zero level = 157

N 	Smpl.	Trig

0	167	0
1	195	0
2	197	0
3	196	0
4	195	0
5	193	0
6	192	0
7	190	0
8	190	0
9	192	0
10	192	0
11	194	0
12	194	0
13	193	0
14	191	0
15	190	0
16	189	0
17	189	0
18	191	0
19	192	0
20	193	0
21	193	0
22	191	0
23	189	0
24	189	0
25	187	0
26	187	0
27	189	0
28	190	0
29	191	0
30	192	0
31	191	0
32	190	0
33	187	0
34	186	0
35	188	0
36	188	0
37	190	0
38	192	0
39	193	0
40	193	0
41	192	0
42	190	0
43	189	0
44	188	0
45	188	0
46	190	0
47	192	0
48	193	0
49	193	0
50	193	0
51	192	0
52	190	0
53	188	0
54	188	0
55	189	0
56	191	0
57	193	0
58	193	0
59	193	0
60	191	0
61	189	0
62	189	0
63	187	0
64	189	0
65	190	0
66	192	0
67	192	0
68	192	0
69	190	0
70	189	0
71	188	0
72	187	0
73	189	0
74	191	0
75	192	0
76	192	0
77	190	0
78	189	0
79	187	0
80	187	0
81	187	0
82	190	0
83	190	0
84	191	0
85	190	0
86	189	0
87	188	0
88	186	0
89	186	0
90	188	0
91	190	0
92	190	0
93	190	0
94	189	0
95	188	0
96	186	0
97	185	0
98	187	0
99	188	0
100	189	0
101	190	0
102	190	0
103	188	0
104	186	0
105	185	0
106	186	0
107	187	0
108	189	0
109	190	0
110	190	0
111	189	0
112	186	0
113	185	0
114	185	0
115	186	0
116	189	0
117	190	0
118	190	0
119	188	0
120	187	0
121	185	0
122	185	0
123	186	0
124	188	0
125	190	0
126	189	0
127	189	0
128	187	0
129	185	0
130	185	0
131	185	0
132	187	0
133	189	0
134	190	0
135	189	0
136	187	0
137	185	0
138	185	0
139	185	0
140	186	0
141	188	0
142	189	0
143	189	0
144	188	0
145	186	0
146	185	0
147	184	0
148	185	0
149	187	0
150	189	0
151	190	0
152	189	0
153	187	0
154	185	0
155	184	0
156	185	0
157	186	0
158	188	0
159	189	0
160	190	0
161	189	0
162	187	0
163	185	0
164	185	0
165	185	0
166	187	0
167	189	0
168	190	0
169	189	0
170	187	0
171	185	0
172	184	0
173	185	0
174	187	0
175	188	0
176	189	0
177	190	0
178	189	0
179	186	0
180	186	0
181	185	0
182	185	0
183	188	0
184	190	0
185	189	0
186	190	0
187	187	0
188	185	0
189	185	0
190	185	0
191	187	0
192	189	0
193	190	0
194	190	0
195	189	0
196	186	0
197	185	0
198	185	0
199	186	0
200	188	0
201	189	0
202	190	0
203	189	0
204	188	0
205	185	0
206	184	0
207	185	0
208	187	0
209	188	0
210	190	0
211	190	0
212	189	0
213	187	0
214	186	0
215	185	0
216	186	0
217	187	0
218	189	0
219	190	0
220	190	0
221	188	0
222	186	0
223	185	0
224	186	0
225	186	0
226	189	0
227	190	0
228	190	0
229	189	0
230	186	0
231	185	0
232	185	0
233	186	0
234	188	0
235	190	0
236	190	0
237	189	0
238	187	0
239	186	0
240	185	0
241	185	0
242	187	0
243	189	0
244	190	0
245	190	0
246	188	0
247	186	0
248	184	0
249	185	0
250	186	0
251	187	0
252	190	0
253	190	0
254	189	0
255	187	0
256	185	0
257	185	0
258	185	0
259	187	0
260	189	0
261	189	0
262	189	0
263	187	0
264	186	0
265	185	0
266	184	0
267	186	0
268	188	0
269	189	0
270	190	0
271	189	0
272	187	0
273	185	0
274	185	0
275	185	0
276	187	0
277	189	0
278	190	0
279	189	0
280	187	0
281	186	0
282	184	0
283	185	0
284	187	0
285	189	0
286	190	0
287	190	0
288	189	0
289	186	0
290	185	0
291	185	0
292	185	0
293	188	0
294	190	0
295	190	0
296	189	0
297	187	0
298	185	0
299	185	0
300	185	0
301	187	0
302	189	0
303	189	0
304	190	0
305	189	0
306	186	0
307	185	0
308	184	0
309	186	0
310	188	0
311	189	0
312	190	0
313	189	0
314	187	0
315	185	0
316	184	0
317	185	0
318	187	0
319	189	0
320	189	0
321	190	0
322	187	0
323	186	0
324	185	0
325	185	0
326	186	0
327	188	0
328	190	0
329	190	0
330	189	0
331	187	0
332	185	0
333	185	0
334	185	0
335	188	0
336	189	0
337	190	0
338	189	0
339	187	0
340	185	0
341	185	0
342	185	0
343	186	0
344	188	0
345	189	0
346	190	0
347	187	0
348	186	0
349	185	0
350	183	0
351	185	0
352	187	0
353	189	0
354	189	0
355	189	0
356	187	0
357	185	0
358	184	0
359	183	0
360	185	0
361	187	0
362	189	0
363	189	0
364	189	0
365	187	0
366	184	0
367	184	0
368	184	0
369	185	0
370	187	0
371	189	0
372	189	0
373	188	0
374	186	0
375	184	0
376	184	0
377	185	0
378	187	0
379	189	0
380	189	0
381	189	0
382	188	0
383	185	0
384	184	0
385	184	0
386	185	0
387	187	0
388	189	0
389	190	0
390	190	0
391	188	0
392	186	0
393	185	0
394	184	0
395	186	0
396	188	0
397	190	0
398	190	0
399	190	0
400	188	0
401	186	0
402	185	0
403	185	0
404	186	0
405	189	0
406	190	0
407	190	0
408	189	0
409	188	0
410	186	0
411	185	0
412	185	0
413	187	0
414	189	0
415	190	0
416	190	0
417	189	0
418	187	0
419	186	0
420	185	0
421	185	0
422	188	0
423	190	0
424	190	0
425	190	0
426	189	0
427	187	0
428	186	0
429	185	0
430	186	0
431	189	0
432	190	0
433	190	0
434	190	0
435	188	0
436	187	0
437	184	0
438	185	0
439	187	0
440	189	0
441	190	0
442	190	0
443	189	0
444	187	0
445	186	0
446	185	0
447	185	0
448	187	0
449	189	0
450	190	0
451	190	0
452	189	0
453	186	0
454	185	0
455	185	0
456	186	0
457	188	0
458	190	0
459	190	0
460	189	0
461	188	0
462	186	0
463	185	0
464	185	0
465	187	0
466	189	0
467	190	0
468	190	0
469	189	0
470	187	0
471	185	0
472	184	0
473	185	0
474	187	0
475	189	0
476	190	0
477	190	0
478	188	0
479	186	0
480	185	0
481	185	0
482	186	0
483	188	0
484	190	0
485	190	0
486	189	0
487	187	0
488	185	0
489	185	0
490	185	0
491	187	0
492	188	0
493	190	0
494	190	0
495	188	0
496	187	0
497	185	0
498	185	0
499	186	0
500	187	0
501	189	0
502	190	0
503	189	0
504	188	0
505	186	0
506	185	0
507	185	0
508	186	0
509	188	0
510	190	0
511	190	0
512	189	0
513	187	0
514	185	0
515	184	0
516	185	0
517	188	0
518	190	0
519	190	0
520	190	0
521	189	0
522	186	0
523	185	0
524	184	0
525	186	0
526	189	0
527	190	0
528	190	0
529	189	0
530	187	0
531	186	0
532	185	0
533	185	0
534	187	0
535	189	0
536	190	0
537	190	0
538	189	0
539	186	0
540	184	0
541	185	0
542	186	0
543	188	0
544	190	0
545	190	0
546	190	0
547	187	0
548	186	0
549	184	0
550	185	0
551	186	0
552	189	0
553	190	0
554	190	0
555	189	0
556	187	0
557	185	0
558	184	0
559	185	0
560	188	0
561	189	0
562	190	0
563	190	0
564	187	0
565	186	0
566	185	0
567	184	0
568	186	0
569	189	0
570	189	0
571	190	0
572	189	0
573	187	0
574	185	0
575	185	0
576	185	0
577	188	0
578	189	0
579	190	0
580	190	0
581	188	0
582	186	0
583	184	0
584	185	0
585	186	0
586	188	0
587	190	0
588	190	0
589	189	0
590	187	0
591	186	0
592	185	0
593	185	0
594	187	0
595	189	0
596	190	0
597	190	0
598	188	0
599	186	0
600	185	0
601	185	0
602	185	0
603	187	0
604	189	0
605	190	0
606	189	0
607	187	0
608	186	0
609	185	0
610	185	0
611	187	0
612	189	0
613	190	0
614	190	0
615	188	0
616	187	0
617	185	0
618	185	0
619	185	0
620	187	0
621	190	0
622	190	0
623	189	0
624	187	0
625	186	0
626	184	0
627	185	0
628	186	0
629	189	0
630	190	0
631	190	0
632	189	0
633	187	0
634	185	0
635	185	0
636	186	0
637	187	0
638	189	0
639	190	0
640	189	0
641	187	0
642	186	0
643	185	0
644	186	0
645	186	0
646	189	0
647	190	0
648	190	0
649	189	0
650	187	0
651	186	0
652	184	0
653	186	0
654	187	0
655	189	0
656	190	0
657	190	0
658	188	0
659	186	0
660	185	0
661	185	0
662	186	0
663	189	0
664	189	0
665	190	0
666	189	0
667	187	0
668	185	0
669	184	0
670	186	0
671	188	0
672	190	0
673	190	0
674	189	0
675	188	0
676	186	0
677	184	0
678	185	0
679	186	0
680	188	0
681	190	0
682	190	0
683	189	0
684	187	0
685	186	0
686	185	0
687	185	0
688	187	0
689	188	0
690	190	0
691	190	0
692	188	0
693	186	0
694	185	0
695	185	0
696	185	0
697	188	0
698	190	0
699	190	0
700	189	0
701	187	0
702	185	0
703	185	0
704	185	0
705	187	0
706	189	0
707	189	0
708	190	0
709	188	0
710	187	0
711	185	0
712	185	0
713	186	0
714	187	0
715	189	0
716	190	0
717	189	0
718	187	0
719	185	0
720	184	0
721	185	0
722	187	0
723	189	0
724	190	0
725	190	0
726	188	0
727	186	0
728	185	0
729	184	0
730	185	0
731	187	0
732	189	0
733	190	0
734	189	0
735	187	0
736	185	0
737	185	0
738	185	0
739	187	0
740	188	0
741	189	0
742	190	0
743	189	0
744	186	0
745	186	0
746	185	0
747	185	0
748	187	0
749	189	0
750	190	0
751	190	0
752	188	0
753	186	0
754	185	0
755	185	0
756	185	0
757	188	0
758	190	0
759	190	0
760	189	0
761	187	0
762	185	0
763	184	0
764	184	0
765	186	0
766	189	0
767	190	0
768	190	0
769	189	0
770	187	0
771	185	0
772	185	0
773	185	0
774	187	0
775	189	0
776	190	0
777	190	0
778	189	0
779	186	0
780	185	0
781	185	0
782	185	0
783	187	0
784	190	0
785	190	0
786	190	0
787	188	0
788	185	0
789	185	0
790	185	0
791	186	0
792	188	0
793	190	0
794	190	0
795	189	0
796	188	0
797	185	0
798	184	0
799	185	0
800	186	0
801	189	0
802	190	0
803	190	0
804	189	0
805	187	0
806	186	0
807	184	0
808	185	0
809	187	0
810	189	0
811	190	0
812	190	0
813	189	0
814	187	0
815	186	0
816	185	0
817	185	0
818	188	0
819	188	0
820	189	0
821	189	0
822	187	0
823	185	0
824	183	0
825	182	0
826	183	0
827	185	0
828	188	0
829	189	0
830	187	0
831	93	0
832	46	0
833	47	0
834	51	0
835	52	0
836	51	0
837	50	0
838	49	0
839	48	0
840	47	0
841	49	0
842	48	0
843	49	0
844	49	0
845	50	0
846	49	0
847	49	0
848	49	0
849	48	0
850	48	0
851	49	0
852	49	0
853	49	0
854	49	0
855	49	0
856	49	0
857	49	0
858	49	0
859	49	0
860	49	0
861	48	0
862	48	0
863	49	0
864	49	0
865	48	0
866	49	0
867	49	0
868	49	0
869	48	0
870	49	0
871	48	0
872	48	0
873	48	0
874	49	0
875	49	0
876	49	0
877	49	0
878	48	0
879	50	0
880	49	0
881	49	0
882	49	0
883	48	0
884	49	0
885	50	0
886	48	0
887	49	0
888	49	0
889	49	0
890	49	0
891	49	0
892	49	0
893	48	0
894	49	0
895	48	0
896	49	0
897	48	0
898	48	0
899	49	0
900	48	0
901	49	0
902	49	0
903	48	0
904	48	0
905	49	0
906	49	0
907	49	0
908	48	0
909	48	0
910	48	0
911	48	0
912	49	0
913	49	0
914	48	0
915	49	0
916	49	0
917	48	0
918	49	0
919	49	0
920	48	0
921	49	0
922	49	0
923	49	0
924	48	0
925	48	0
926	50	0
927	49	0
928	49	0
929	49	0
930	48	0
931	48	0
932	49	0
933	49	0
934	49	0
935	48	0
936	48	0
937	49	0
938	48	0
939	49	0
940	49	0
941	49	0
942	48	0
943	49	0
944	49	0
945	49	0
946	48	0
947	49	0
948	49	0
949	49	0
950	69	0
951	107	0
952	139	0
953	188	0
954	195	0
955	193	0
956	192	0
957	193	0
958	194	0
959	195	0
960	194	0
961	193	0
962	192	0
963	190	0
964	190	0
965	190	0
966	192	0
967	193	0
968	194	0
969	193	0
970	191	0
971	190	0
972	189	0
973	189	0
974	189	0
975	190	0
976	192	0
977	193	0
978	192	0
979	190	0
980	189	0
981	187	0
982	185	0
983	186	0
984	189	0
985	190	0
986	192	0
987	192	0
988	193	0
989	191	0
990	189	0
991	189	0
992	187	0
993	189	0
994	190	0
995	192	0
996	193	0
997	194	0
998	193	0
999	191	0
1000	190	0
1001	189	0
1002	189	0
1003	190	0
1004	193	0
1005	193	0
1006	193	0
1007	193	0
1008	191	0
1009	190	0
1010	188	0
1011	189	0
1012	190	0
1013	192	0
1014	193	0
1015	193	0
1016	193	0
1017	191	0
1018	189	0
1019	187	0
1020	187	0
1021	189	0
1022	191	0
1023	193	0
1024	193	0
1025	190	0
1026	189	0
1027	187	0
1028	188	0
1029	188	0
1030	190	0
1031	191	0
1032	193	0
1033	191	0
1034	190	0
1035	188	0
1036	186	0
1037	187	0
1038	189	0
1039	190	0
1040	191	0
1041	190	0
1042	190	0
1043	189	0
1044	187	0
1045	186	0
1046	187	0
1047	189	0
1048	190	0
1049	190	0
1050	190	0
1051	189	0
1052	187	0
1053	186	0
1054	186	0
1055	188	0
1056	190	0
1057	190	0
1058	190	0
1059	188	0
1060	187	0
1061	186	0
1062	185	0
1063	187	0
1064	189	0
1065	190	0
1066	190	0
1067	189	0
1068	187	0
1069	186	0
1070	185	0
1071	186	0
1072	189	0
1073	189	0
1074	190	0
1075	190	0
1076	187	0
1077	186	0
1078	185	0
1079	186	0
1080	187	0
1081	189	0
1082	190	0
1083	190	0
1084	188	0
1085	185	0
1086	185	0
1087	185	0
1088	186	0
1089	188	0
1090	190	0
1091	190	0
1092	188	0
1093	186	0
1094	184	0
1095	185	0
1096	185	0
1097	187	0
1098	189	0
1099	190	0
1100	189	0
1101	187	0
1102	185	0
1103	185	0
1104	184	0
1105	186	0
1106	189	0
1107	190	0
1108	189	0
1109	188	0
1110	186	0
1111	185	0
1112	185	0
1113	185	0
1114	187	0
1115	189	0
1116	190	0
1117	189	0
1118	187	0
1119	185	0
1120	184	0
1121	185	0
1122	187	0
1123	188	0
1124	190	0
1125	190	0
1126	189	0
1127	187	0
1128	185	0
1129	185	0
1130	186	0
1131	189	0
1132	190	0
1133	190	0
1134	189	0
1135	188	0
1136	185	0
1137	185	0
1138	185	0
1139	187	0
1140	189	0
1141	190	0
1142	190	0
1143	189	0
1144	187	0
1145	185	0
1146	185	0
1147	185	0
1148	188	0
1149	190	0
1150	190	0
1151	189	0
1152	187	0
1153	186	0
1154	184	0
1155	185	0
1156	187	0
1157	189	0
1158	190	0
1159	190	0
1160	189	0
1161	187	0
1162	185	0
1163	185	0
1164	186	0
1165	188	0
1166	189	0
1167	190	0
1168	189	0
1169	187	0
1170	186	0
1171	185	0
1172	185	0
1173	187	0
1174	189	0
1175	190	0
1176	189	0
1177	188	0
1178	186	0
1179	185	0
1180	185	0
1181	186	0
1182	187	0
1183	190	0
1184	190	0
1185	189	0
1186	187	0
1187	186	0
1188	185	0
1189	186	0
1190	187	0
1191	189	0
1192	190	0
1193	190	0
1194	188	0
1195	186	0
1196	185	0
1197	184	0
1198	186	0
1199	188	0
1200	190	0
1201	190	0
1202	189	0
1203	187	0
1204	185	0
1205	185	0
1206	185	0
1207	187	0
1208	189	0
1209	190	0
1210	189	0
1211	187	0
1212	186	0
1213	185	0
1214	185	0
1215	186	0
1216	189	0
1217	190	0
1218	189	0
1219	188	0
1220	186	0
1221	186	0
1222	185	0
1223	186	0
1224	187	0
1225	189	0
1226	190	0
1227	190	0
1228	187	0
1229	185	0
1230	185	0
1231	186	0
1232	187	0
1233	189	0
1234	189	0
1235	190	0
1236	189	0
1237	187	0
1238	185	0
1239	184	0
1240	186	0
1241	188	0
1242	189	0
1243	190	0
1244	189	0
1245	187	0
1246	186	0
1247	185	0
1248	186	0
1249	187	0
1250	189	0
1251	190	0
1252	190	0
1253	189	0
1254	186	0
1255	185	0
1256	185	0
1257	186	0
1258	189	0
1259	190	0
1260	190	0
1261	189	0
1262	187	0
1263	185	0
1264	185	0
1265	185	0
1266	187	0
1267	189	0
1268	190	0
1269	189	0
1270	187	0
1271	186	0
1272	185	0
1273	185	0
1274	187	0
1275	189	0
1276	190	0
1277	190	0
1278	188	0
1279	187	0
1280	185	0
1281	185	0
1282	186	0
1283	188	0
1284	189	0
1285	190	0
1286	189	0
1287	188	0
1288	185	0
1289	185	0
1290	185	0
1291	187	0
1292	189	0
1293	190	0
1294	189	0
1295	188	0
1296	186	0
1297	185	0
1298	184	0
1299	185	0
1300	187	0
1301	189	0
1302	189	0
1303	189	0
1304	187	0
1305	184	0
1306	185	0
1307	184	0
1308	185	0
1309	187	0
1310	190	0
1311	189	0
1312	187	0
1313	186	0
1314	184	0
1315	183	0
1316	184	0
1317	187	0
1318	188	0
1319	189	0
1320	189	0
1321	187	0
1322	185	0
1323	184	0
1324	184	0
1325	185	0
1326	187	0
1327	189	0
1328	190	0
1329	189	0
1330	187	0
1331	185	0
1332	184	0
1333	184	0
1334	186	0
1335	188	0
1336	190	0
1337	190	0
1338	189	0
1339	187	0
1340	185	0
1341	184	0
1342	185	0
1343	187	0
1344	189	0
1345	190	0
1346	190	0
1347	189	0
1348	187	0
1349	185	0
1350	185	0
1351	185	0
1352	187	0
1353	189	0
1354	190	0
1355	190	0
1356	189	0
1357	187	0
1358	186	0
1359	185	0
1360	186	0
1361	189	0
1362	190	0
1363	190	0
1364	190	0
1365	189	0
1366	187	0
1367	185	0
1368	186	0
1369	187	0
1370	189	0
1371	190	0
1372	190	0
1373	190	0
1374	187	0
1375	185	0
1376	185	0
1377	185	0
1378	187	0
1379	189	0
1380	190	0
1381	190	0
1382	189	0
1383	187	0
1384	186	0
1385	185	0
1386	186	0
1387	187	0
1388	189	0
1389	190	0
1390	190	0
1391	189	0
1392	187	0
1393	185	0
1394	185	0
1395	186	0
1396	189	0
1397	190	0
1398	190	0
1399	190	0
1400	188	0
1401	186	0
1402	185	0
1403	185	0
1404	187	0
1405	189	0
1406	190	0
1407	190	0
1408	189	0
1409	187	0
1410	185	0
1411	185	0
1412	186	0
1413	188	0
1414	189	0
1415	190	0
1416	190	0
1417	188	0
1418	186	0
1419	185	0
1420	185	0
1421	186	0
1422	189	0
1423	190	0
1424	190	0
1425	189	0
1426	187	0
1427	185	0
1428	184	0
1429	185	0
1430	187	0
1431	189	0
1432	189	0
1433	190	0
1434	188	0
1435	186	0
1436	185	0
1437	185	0
1438	186	0
1439	188	0
1440	189	0
1441	190	0
1442	189	0
1443	187	0
1444	185	0
1445	185	0
1446	185	0
1447	186	0
1448	189	0
1449	190	0
1450	190	0
1451	189	0
1452	187	0
1453	185	0
1454	185	0
1455	185	0
1456	188	0
1457	189	0
1458	190	0
1459	189	0
1460	188	0
1461	186	0
1462	184	0
1463	185	0
1464	187	0
1465	188	0
1466	190	0
1467	190	0
1468	189	0
1469	187	0
1470	185	0
1471	184	0
1472	185	0
1473	187	0
1474	189	0
1475	190	0
1476	190	0
1477	189	0
1478	186	0
1479	185	0
1480	185	0
1481	186	0
1482	188	0
1483	190	0
1484	190	0
1485	189	0
1486	188	0
1487	186	0
1488	185	0
1489	185	0
1490	187	0
1491	189	0
1492	190	0
1493	190	0
1494	189	0
1495	186	0
1496	185	0
1497	185	0
1498	185	0
1499	188	0
1500	190	0
1501	190	0
1502	189	0
1503	188	0
1504	186	0
1505	185	0
1506	185	0
1507	186	0
1508	189	0
1509	190	0
1510	189	0
1511	189	0
1512	187	0
1513	185	0
1514	184	0
1515	185	0
1516	187	0
1517	189	0
1518	190	0
1519	190	0
1520	188	0
1521	186	0
1522	185	0
1523	185	0
1524	186	0
1525	189	0
1526	190	0
1527	190	0
1528	189	0
1529	187	0
1530	186	0
1531	185	0
1532	185	0
1533	187	0
1534	189	0
1535	190	0
1536	190	0
1537	188	0
1538	186	0
1539	185	0
1540	185	0
1541	185	0
1542	188	0
1543	190	0
1544	190	0
1545	189	0
1546	187	0
1547	186	0
1548	184	0
1549	185	0
1550	187	0
1551	189	0
1552	190	0
1553	190	0
1554	189	0
1555	187	0
1556	185	0
1557	185	0
1558	186	0
1559	188	0
1560	190	0
1561	190	0
1562	189	0
1563	188	0
1564	185	0
1565	185	0
1566	185	0
1567	187	0
1568	189	0
1569	190	0
1570	189	0
1571	188	0
1572	186	0
1573	184	0
1574	185	0
1575	186	0
1576	188	0
1577	190	0
1578	190	0
1579	190	0
1580	187	0
1581	185	0
1582	184	0
1583	185	0
1584	187	0
1585	189	0
1586	190	0
1587	190	0
1588	189	0
1589	187	0
1590	186	0
1591	184	0
1592	186	0
1593	188	0
1594	189	0
1595	190	0
1596	189	0
1597	187	0
1598	186	0
1599	185	0
1600	185	0
1601	186	0
1602	189	0
1603	190	0
1604	190	0
1605	189	0
1606	186	0
1607	185	0
1608	185	0
1609	185	0
1610	187	0
1611	190	0
1612	190	0
1613	189	0
1614	187	0
1615	185	0
1616	185	0
1617	185	0
1618	187	0
1619	189	0
1620	190	0
1621	190	0
1622	189	0
1623	186	0
1624	185	0
1625	184	0
1626	185	0
1627	188	0
1628	190	0
1629	190	0
1630	189	0
1631	187	0
1632	186	0
1633	185	0
1634	185	0
1635	186	0
1636	189	0
1637	190	0
1638	190	0
1639	189	0
1640	187	0
1641	185	0
1642	185	0
1643	185	0
1644	188	0
1645	189	0
1646	190	0
1647	189	0
1648	187	0
1649	186	0
1650	184	0
1651	185	0
1652	187	0
1653	189	0
1654	190	0
1655	190	0
1656	188	0
1657	186	0
1658	185	0
1659	185	0
1660	185	0
1661	187	0
1662	190	0
1663	190	0
1664	189	0
1665	187	0
1666	185	0
1667	184	0
1668	185	0
1669	187	0
1670	189	0
1671	190	0
1672	190	0
1673	189	0
1674	186	0
1675	185	0
1676	184	0
1677	184	0
1678	187	0
1679	189	0
1680	190	0
1681	189	0
1682	188	0
1683	186	0
1684	184	0
1685	184	0
1686	186	0
1687	188	0
1688	189	0
1689	190	0
1690	189	0
1691	187	0
1692	185	0
1693	185	0
1694	185	0
1695	187	0
1696	188	0
1697	190	0
1698	189	0
1699	188	0
1700	186	0
1701	185	0
1702	184	0
1703	185	0
1704	187	0
1705	190	0
1706	190	0
1707	189	0
1708	187	0
1709	185	0
1710	184	0
1711	185	0
1712	187	0
1713	188	0
1714	190	0
1715	190	0
1716	188	0
1717	187	0
1718	185	0
1719	185	0
1720	185	0
1721	187	0
1722	189	0
1723	190	0
1724	190	0
1725	188	0
1726	186	0
1727	185	0
1728	185	0
1729	185	0
1730	187	0
1731	190	0
1732	190	0
1733	190	0
1734	187	0
1735	186	0
1736	185	0
1737	185	0
1738	186	0
1739	188	0
1740	190	0
1741	190	0
1742	189	0
1743	187	0
1744	185	0
1745	184	0
1746	185	0
1747	187	0
1748	189	0
1749	190	0
1750	190	0
1751	189	0
1752	187	0
1753	186	0
1754	185	0
1755	185	0
1756	188	0
1757	189	0
1758	190	0
1759	189	0
1760	188	0
1761	187	0
1762	184	0
1763	185	0
1764	186	0
1765	188	0
1766	190	0
1767	190	0
1768	190	0
1769	189	0
1770	187	0
1771	184	0
1772	185	0
1773	185	0
1774	187	0
1775	189	0
1776	190	0
1777	189	0
1778	187	0
1779	185	0
1780	183	0
1781	182	0
1782	184	0
1783	186	0
1784	188	0
1785	149	0
1786	76	0
1787	54	0
1788	49	0
1789	46	0
1790	45	0
1791	46	0
1792	48	0
1793	48	0
1794	50	0
1795	50	0
1796	50	0
1797	50	0
1798	49	0
1799	49	0
1800	48	0
1801	49	0
1802	48	0
1803	49	0
1804	48	0
1805	49	0
1806	49	0
1807	48	0
1808	49	0
1809	49	0
1810	49	0
1811	49	0
1812	49	0
1813	48	0
1814	49	0
1815	48	0
1816	48	0
1817	49	0
1818	49	0
1819	49	0
1820	49	0
1821	48	0
1822	49	0
1823	48	0
1824	49	0
1825	48	0
1826	49	0
1827	48	0
1828	49	0
1829	48	0
1830	48	0
1831	49	0
1832	49	0
1833	49	0
1834	49	0
1835	48	0
1836	49	0
1837	49	0
1838	49	0
1839	49	0
1840	48	0
1841	49	0
1842	48	0
1843	48	0
1844	48	0
1845	49	0
1846	49	0
1847	49	0
1848	49	0
1849	48	0
1850	49	0
1851	48	0
1852	49	0
1853	48	0
1854	49	0
1855	48	0
1856	48	0
1857	49	0
1858	48	0
1859	49	0
1860	49	0
1861	49	0
1862	49	0
1863	48	0
1864	49	0
1865	48	0
1866	48	0
1867	49	0
1868	49	0
1869	49	0
1870	49	0
1871	49	0
1872	48	0
1873	49	0
1874	49	0
1875	49	0
1876	49	0
1877	49	0
1878	49	0
1879	49	0
1880	48	0
1881	48	0
1882	48	0
1883	49	0
1884	49	0
1885	49	0
1886	48	0
1887	49	0
1888	48	0
1889	49	0
1890	49	0
1891	49	0
1892	49	0
1893	49	0
1894	49	0
1895	48	0
1896	49	0
1897	49	0
1898	49	0
1899	49	0
1900	49	0
1901	48	0
1902	49	0
1903	48	0
1904	53	0
1905	102	0
1906	142	0
1907	179	0
1908	197	0
1909	196	0
1910	194	0
1911	193	0
1912	191	0
1913	190	0
1914	191	0
1915	193	0
1916	193	0
1917	193	0
1918	193	0
1919	190	0
1920	190	0
1921	189	0
1922	189	0
1923	190	0
1924	192	0
1925	193	0
1926	192	0
1927	191	0
1928	190	0
1929	189	0
1930	187	0
1931	187	0
1932	189	0
1933	190	0
1934	192	0
1935	192	0
1936	190	0
1937	190	0
1938	188	0
1939	187	0
1940	187	0
1941	188	0
1942	189	0
1943	192	0
1944	192	0
1945	192	0
1946	192	0
1947	190	0
1948	189	0
1949	187	0
1950	188	0
1951	190	0
1952	192	0
1953	193	0
1954	193	0
1955	193	0
1956	192	0
1957	190	0
1958	188	0
1959	189	0
1960	189	0
1961	191	0
1962	193	0
1963	194	0
1964	193	0
1965	190	0
1966	189	0
1967	189	0
1968	188	0
1969	190	0
1970	191	0
1971	193	0
1972	193	0
1973	193	0
1974	190	0
1975	189	0
1976	188	0
1977	187	0
1978	189	0
1979	191	0
1980	193	0
1981	193	0
1982	191	0
1983	190	0
1984	188	0
1985	187	0
1986	188	0
1987	190	0
1988	190	0
1989	192	0
1990	191	0
1991	190	0
1992	187	0
1993	186	0
1994	188	0
1995	188	0
1996	190	0
1997	190	0
1998	190	0
1999	190	0
2000	188	0
2001	187	0
2002	186	0
2003	187	0
2004	188	0
2005	190	0
2006	190	0
2007	190	0
2008	187	0
2009	186	0
2010	185	0
2011	186	0
2012	188	0
2013	190	0
2014	190	0
2015	190	0
2016	189	0
2017	186	0
2018	185	0
2019	185	0
2020	187	0
2021	189	0
2022	190	0
2023	190	0
2024	189	0
2025	186	0
2026	185	0
2027	185	0
2028	186	0
2029	188	0
2030	190	0
2031	190	0
2032	189	0
2033	187	0
2034	186	0
2035	185	0
2036	185	0
2037	187	0
2038	189	0
2039	190	0
2040	189	0
2041	187	0
2042	185	0
2043	185	0
2044	186	0
2045	187	0
2046	189	0
2047	190	0
2048	189	0
2049	188	0
2050	186	0
2051	185	0
2052	184	0
2053	186	0
2054	187	0
2055	189	0
2056	190	0
2057	189	0
2058	187	0
2059	185	0
2060	185	0
2061	186	0
2062	187	0
2063	189	0
2064	190	0
2065	189	0
2066	188	0
2067	186	0
2068	185	0
2069	184	0
2070	186	0
2071	188	0
2072	190	0
2073	190	0
2074	189	0
2075	187	0
2076	184	0
2077	184	0
2078	185	0
2079	187	0
2080	189	0
2081	190	0
2082	190	0
2083	188	0
2084	186	0
2085	185	0
2086	185	0
2087	186	0
2088	188	0
2089	190	0
2090	190	0
2091	189	0
2092	187	0
2093	186	0
2094	185	0
2095	186	0
2096	187	0
2097	189	0
2098	190	0
2099	190	0
2100	188	0
2101	186	0
2102	185	0
2103	185	0
2104	186	0
2105	188	0
2106	190	0
2107	190	0
2108	189	0
2109	187	0
2110	185	0
2111	185	0
2112	185	0
2113	188	0
2114	189	0
2115	190	0
2116	189	0
2117	188	0
2118	186	0
2119	185	0
2120	185	0
2121	187	0
2122	189	0
2123	190	0
2124	190	0
2125	189	0
2126	186	0
2127	185	0
2128	184	0
2129	186	0
2130	187	0
2131	190	0
2132	190	0
2133	189	0
2134	187	0
2135	185	0
2136	185	0
2137	185	0
2138	187	0
2139	189	0
2140	190	0
2141	190	0
2142	188	0
2143	186	0
2144	185	0
2145	185	0
2146	186	0
2147	188	0
2148	189	0
2149	190	0
2150	189	0
2151	187	0
2152	185	0
2153	185	0
2154	185	0
2155	187	0
2156	189	0
2157	190	0
2158	190	0
2159	188	0
2160	186	0
2161	185	0
2162	185	0
2163	185	0
2164	188	0
2165	189	0
2166	190	0
2167	189	0
2168	186	0
2169	185	0
2170	185	0
2171	186	0
2172	187	0
2173	190	0
2174	190	0
2175	190	0
2176	188	0
2177	185	0
2178	184	0
2179	185	0
2180	186	0
2181	188	0
2182	189	0
2183	190	0
2184	189	0
2185	187	0
2186	185	0
2187	185	0
2188	186	0
2189	188	0
2190	189	0
2191	189	0
2192	189	0
2193	187	0
2194	185	0
2195	184	0
2196	185	0
2197	187	0
2198	189	0
2199	190	0
2200	190	0
2201	188	0
2202	186	0
2203	185	0
2204	185	0
2205	186	0
2206	188	0
2207	190	0
2208	190	0
2209	189	0
2210	187	0
2211	185	0
2212	185	0
2213	185	0
2214	187	0
2215	189	0
2216	190	0
2217	190	0
2218	188	0
2219	186	0
2220	185	0
2221	185	0
2222	186	0
2223	189	0
2224	190	0
2225	190	0
2226	189	0
2227	187	0
2228	185	0
2229	185	0
2230	186	0
2231	188	0
2232	189	0
2233	190	0
2234	189	0
2235	187	0
2236	185	0
2237	185	0
2238	185	0
2239	187	0
2240	189	0
2241	190	0
2242	189	0
2243	188	0
2244	186	0
2245	185	0
2246	184	0
2247	186	0
2248	187	0
2249	190	0
2250	189	0
2251	189	0
2252	187	0
2253	185	0
2254	184	0
2255	185	0
2256	186	0
2257	188	0
2258	189	0
2259	189	0
2260	188	0
2261	185	0
2262	185	0
2263	184	0
2264	184	0
2265	187	0
2266	188	0
2267	189	0
2268	188	0
2269	187	0
2270	185	0
2271	184	0
2272	183	0
2273	186	0
2274	188	0
2275	189	0
2276	189	0
2277	188	0
2278	186	0
2279	184	0
2280	184	0
2281	184	0
2282	186	0
2283	188	0
2284	189	0
2285	189	0
2286	188	0
2287	186	0
2288	185	0
2289	185	0
2290	185	0
2291	187	0
2292	189	0
2293	190	0
2294	189	0
2295	187	0
2296	186	0
2297	185	0
2298	185	0
2299	186	0
2300	188	0
2301	190	0
2302	190	0
2303	189	0
2304	187	0
2305	186	0
2306	184	0
2307	185	0
2308	187	0
2309	189	0
2310	190	0
2311	190	0
2312	189	0
2313	187	0
2314	186	0
2315	185	0
2316	186	0
2317	187	0
2318	189	0
2319	190	0
2320	190	0
2321	189	0
2322	187	0
2323	186	0
2324	185	0
2325	186	0
2326	188	0
2327	190	0
2328	190	0
2329	190	0
2330	189	0
2331	187	0
2332	185	0
2333	185	0
2334	186	0
2335	189	0
2336	190	0
2337	190	0
2338	189	0
2339	188	0
2340	186	0
2341	185	0
2342	185	0
2343	187	0
2344	189	0
2345	190	0
2346	190	0
2347	189	0
2348	187	0
2349	185	0
2350	185	0
2351	186	0
2352	188	0
2353	190	0
2354	190	0
2355	190	0
2356	188	0
2357	187	0
2358	185	0
2359	185	0
2360	187	0
2361	189	0
2362	190	0
2363	190	0
2364	189	0
2365	187	0
2366	185	0
2367	185	0
2368	186	0
2369	187	0
2370	189	0
2371	190	0
2372	190	0
2373	189	0
2374	186	0
2375	186	0
2376	185	0
2377	186	0
2378	188	0
2379	189	0
2380	190	0
2381	189	0
2382	187	0
2383	186	0
2384	184	0
2385	185	0
2386	187	0
2387	189	0
2388	190	0
2389	190	0
2390	188	0
2391	186	0
2392	185	0
2393	185	0
2394	185	0
2395	187	0
2396	189	0
2397	190	0
2398	189	0
2399	187	0
2400	186	0
2401	185	0
2402	185	0
2403	187	0
2404	189	0
2405	190	0
2406	190	0
2407	188	0
2408	187	0
2409	185	0
2410	185	0
2411	185	0
2412	188	0
2413	189	0
2414	190	0
2415	190	0
2416	188	0
2417	186	0
2418	185	0
2419	185	0
2420	186	0
2421	188	0
2422	190	0
2423	190	0
2424	189	0
2425	187	0
2426	185	0
2427	184	0
2428	185	0
2429	187	0
2430	189	0
2431	190	0
2432	190	0
2433	189	0
2434	186	0
2435	185	0
2436	185	0
2437	186	0
2438	189	0
2439	190	0
2440	190	0
2441	189	0
2442	187	0
2443	187	0
2444	185	0
2445	184	0
2446	186	0
2447	189	0
2448	190	0
2449	190	0
2450	189	0
2451	187	0
2452	186	0
2453	185	0
2454	186	0
2455	187	0
2456	189	0
2457	190	0
2458	190	0
2459	187	0
2460	185	0
2461	185	0
2462	185	0
2463	186	0
2464	189	0
2465	190	0
2466	189	0
2467	189	0
2468	187	0
2469	186	0
2470	185	0
2471	186	0
2472	187	0
2473	189	0
2474	190	0
2475	190	0
2476	189	0
2477	186	0
2478	185	0
2479	185	0
2480	186	0
2481	189	0
2482	190	0
2483	190	0
2484	189	0
2485	188	0
2486	186	0
2487	185	0
2488	186	0
2489	187	0
2490	189	0
2491	190	0
2492	190	0
2493	188	0
2494	186	0
2495	185	0
2496	185	0
2497	186	0
2498	188	0
2499	190	0
2500	190	0
2501	189	0
2502	187	0
2503	186	0
2504	185	0
2505	185	0
2506	187	0
2507	189	0
2508	190	0
2509	190	0
2510	188	0
2511	186	0
2512	185	0
2513	185	0
2514	185	0
2515	188	0
2516	189	0
2517	190	0
2518	189	0
2519	187	0
2520	186	0
2521	184	0
2522	186	0
2523	187	0
2524	189	0
2525	190	0
2526	190	0
2527	189	0
2528	186	0
2529	185	0
2530	185	0
2531	186	0
2532	188	0
2533	190	0
2534	190	0
2535	189	0
2536	187	0
2537	186	0
2538	185	0
2539	185	0
2540	187	0
2541	189	0
2542	190	0
2543	190	0
2544	189	0
2545	186	0
2546	185	0
2547	185	0
2548	186	0
2549	188	0
2550	190	0
2551	190	0
2552	189	0
2553	188	0
2554	185	0
2555	185	0
2556	185	0
2557	187	0
2558	189	0
2559	190	0
2560	190	0
2561	188	0
2562	186	0
2563	185	0
2564	184	0
2565	186	0
2566	188	0
2567	190	0
2568	189	0
2569	189	0
2570	187	0
2571	186	0
2572	185	0
2573	185	0
2574	187	0
2575	189	0
2576	190	0
2577	190	0
2578	188	0
2579	186	0
2580	185	0
2581	185	0
2582	186	0
2583	188	0
2584	190	0
2585	190	0
2586	189	0
2587	188	0
2588	185	0
2589	184	0
2590	185	0
2591	187	0
2592	189	0
2593	190	0
2594	189	0
2595	189	0
2596	186	0
2597	185	0
2598	185	0
2599	186	0
2600	188	0
2601	190	0
2602	190	0
2603	189	0
2604	187	0
2605	185	0
2606	185	0
2607	185	0
2608	187	0
2609	189	0
2610	190	0
2611	189	0
2612	188	0
2613	186	0
2614	185	0
2615	185	0
2616	186	0
2617	187	0
2618	190	0
2619	190	0
2620	189	0
2621	187	0
2622	185	0
2623	185	0
2624	185	0
2625	187	0
2626	189	0
2627	190	0
2628	189	0
2629	188	0
2630	186	0
2631	184	0
2632	185	0
2633	186	0
2634	188	0
2635	189	0
2636	190	0
2637	189	0
2638	187	0
2639	185	0
2640	184	0
2641	185	0
2642	187	0
2643	189	0
2644	189	0
2645	190	0
2646	188	0
2647	186	0
2648	185	0
2649	184	0
2650	185	0
2651	187	0
2652	189	0
2653	190	0
2654	189	0
2655	187	0
2656	185	0
2657	184	0
2658	185	0
2659	186	0
2660	189	0
2661	190	0
2662	190	0
2663	189	0
2664	187	0
2665	185	0
2666	185	0
2667	185	0
2668	187	0
2669	189	0
2670	190	0
2671	189	0
2672	188	0
2673	186	0
2674	184	0
2675	185	0
2676	186	0
2677	187	0
2678	189	0
2679	190	0
2680	189	0
2681	187	0
2682	185	0
2683	185	0
2684	185	0
2685	187	0
2686	188	0
2687	190	0
2688	190	0
2689	189	0
2690	187	0
2691	185	0
2692	185	0
2693	185	0
2694	187	0
2695	189	0
2696	190	0
2697	190	0
2698	189	0
2699	187	0
2700	185	0
2701	184	0
2702	185	0
2703	187	0
2704	189	0
2705	190	0
2706	189	0
2707	189	0
2708	186	0
2709	185	0
2710	185	0
2711	186	0
2712	188	0
2713	190	0
2714	190	0
2715	189	0
2716	188	0
2717	185	0
2718	184	0
2719	185	0
2720	187	0
2721	189	0
2722	190	0
2723	190	0
2724	190	0
2725	188	0
2726	186	0
2727	184	0
2728	183	0
2729	184	0
2730	188	0
2731	189	0
2732	189	0
2733	188	0
2734	186	0
2735	183	0
2736	182	0
2737	183	0
2738	183	0
2739	185	0
2740	92	0
2741	41	0
2742	41	0
2743	45	0
2744	48	0
2745	52	0
2746	53	0
2747	51	0
2748	49	0
2749	49	0
2750	48	0
2751	48	0
2752	49	0
2753	49	0
2754	49	0
2755	49	0
2756	48	0
2757	49	0
2758	49	0
2759	49	0
2760	49	0
2761	49	0
2762	48	0
2763	49	0
2764	49	0
2765	49	0
2766	49	0
2767	48	0
2768	49	0
2769	49	0
2770	49	0
2771	49	0
2772	48	0
2773	49	0
2774	48	0
2775	49	0
2776	49	0
2777	49	0
2778	49	0
2779	49	0
2780	48	0
2781	49	0
2782	48	0
2783	48	0
2784	49	0
2785	49	0
2786	49	0
2787	48	0
2788	49	0
2789	50	0
2790	48	0
2791	48	0
2792	48	0
2793	49	0
2794	48	0
2795	49	0
2796	49	0
2797	48	0
2798	49	0
2799	49	0
2800	49	0
2801	48	0
2802	49	0
2803	49	0
2804	49	0
2805	49	0
2806	49	0
2807	48	0
2808	49	0
2809	49	0
2810	49	0
2811	49	0
2812	49	0
2813	48	0
2814	49	0
2815	48	0
2816	49	0
2817	49	0
2818	49	0
2819	48	0
2820	49	0
2821	48	0
2822	48	0
2823	49	0
2824	48	0
2825	49	0
2826	49	0
2827	49	0
2828	49	0
2829	49	0
2830	49	0
2831	49	0
2832	49	0
2833	48	0
2834	48	0
2835	49	0
2836	49	0
2837	49	0
2838	48	0
2839	49	0
2840	49	0
2841	49	0
2842	48	0
2843	49	0
2844	48	0
2845	49	0
2846	49	0
2847	48	0
2848	49	0
2849	48	0
2850	49	0
2851	49	0
2852	48	0
2853	49	0
2854	48	0
2855	49	0
2856	48	0
2857	48	0
2858	49	0
2859	78	0
2860	113	0
2861	142	0
2862	188	0
2863	194	0
2864	193	0
2865	194	0
2866	195	0
2867	195	0
2868	194	0
2869	192	0
2870	191	0
2871	190	0
2872	190	0
2873	190	0
2874	192	0
2875	193	0
2876	193	0
2877	193	0
2878	191	0
2879	190	0
2880	189	0
2881	188	0
2882	189	0
2883	191	0
2884	193	0
2885	193	0
2886	192	0
2887	190	0
2888	188	0
2889	187	0
2890	186	0
2891	187	0
2892	189	0
2893	190	0
2894	192	0
2895	193	0
2896	190	0
2897	190	0
2898	188	0
2899	188	0
2900	188	0
2901	190	0
2902	190	0
2903	192	0
2904	194	0
2905	193	0
2906	191	0
2907	190	0
2908	189	0
2909	189	0
2910	190	0
2911	190	0
2912	193	0
2913	193	0
2914	193	0
2915	192	0
2916	190	0
2917	189	0
2918	187	0
2919	189	0
2920	190	0
2921	192	0
2922	194	0
2923	193	0
2924	191	0
2925	190	0
2926	189	0
2927	187	0
2928	189	0
2929	190	0
2930	192	0
2931	193	0
2932	193	0
2933	190	0
2934	189	0
2935	188	0
2936	187	0
2937	189	0
2938	190	0
2939	191	0
2940	192	0
2941	191	0
2942	189	0
2943	187	0
2944	186	0
2945	188	0
2946	190	0
2947	190	0
2948	191	0
2949	190	0
2950	189	0
2951	187	0
2952	186	0
2953	186	0
2954	188	0
2955	190	0
2956	190	0
2957	190	0
2958	189	0
2959	187	0
2960	186	0
2961	186	0
2962	187	0
2963	189	0
2964	190	0
2965	190	0
2966	190	0
2967	187	0
2968	186	0
2969	186	0
2970	186	0
2971	188	0
2972	190	0
2973	190	0
2974	189	0
2975	187	0
2976	186	0
2977	185	0
2978	186	0
2979	188	0
2980	189	0
2981	190	0
2982	190	0
2983	188	0
2984	187	0
2985	185	0
2986	185	0
2987	186	0
2988	189	0
2989	190	0
2990	190	0
2991	189	0
2992	187	0
2993	186	0
2994	185	0
2995	186	0
2996	189	0
2997	190	0
2998	190	0
2999	189	0
3000	187	0
3001	186	0
3002	185	0
3003	185	0
3004	187	0
3005	189	0
3006	190	0
3007	189	0
3008	188	0
3009	186	0
3010	185	0
3011	185	0
3012	186	0
3013	188	0
3014	190	0
3015	189	0
3016	189	0
3017	187	0
3018	185	0
3019	184	0
3020	186	0
3021	187	0
3022	189	0
3023	190	0
3024	189	0
3025	188	0
3026	186	0
3027	185	0
3028	185	0
3029	186	0
3030	189	0
3031	190	0
3032	190	0
3033	189	0
3034	187	0
3035	186	0
3036	184	0
3037	186	0
3038	187	0
3039	189	0
3040	190	0
3041	189	0
3042	187	0
3043	186	0
3044	184	0
3045	185	0
3046	187	0
3047	189	0
3048	190	0
3049	190	0
3050	189	0
3051	186	0
3052	185	0
3053	185	0
3054	186	0
3055	188	0
3056	190	0
3057	190	0
3058	189	0
3059	188	0
3060	186	0
3061	185	0
3062	185	0
3063	187	0
3064	189	0
3065	190	0
3066	190	0
3067	189	0
3068	187	0
3069	185	0
3070	185	0
3071	186	0
3072	189	0
3073	190	0
3074	190	0
3075	189	0
3076	188	0
3077	186	0
3078	185	0
3079	186	0
3080	188	0
3081	189	0
3082	190	0
3083	190	0
3084	189	0
3085	186	0
3086	184	0
3087	185	0
3088	186	0
3089	189	0
3090	190	0
3091	190	0
3092	189	0
3093	187	0
3094	186	0
3095	185	0
3096	186	0
3097	188	0
3098	190	0
3099	190	0
3100	190	0
3101	188	0
3102	185	0
3103	185	0
3104	185	0
3105	187	0
3106	189	0
3107	190	0
3108	189	0
3109	188	0
3110	186	0
3111	185	0
3112	185	0
3113	186	0
3114	188	0
3115	190	0
3116	190	0
3117	189	0
3118	187	0
3119	185	0
3120	185	0
3121	185	0
3122	187	0
3123	189	0
3124	189	0
3125	189	0
3126	188	0
3127	186	0
3128	185	0
3129	184	0
3130	186	0
3131	189	0
3132	190	0
3133	190	0
3134	189	0
3135	187	0
3136	185	0
3137	185	0
3138	186	0
3139	188	0
3140	189	0
3141	190	0
3142	190	0
3143	188	0
3144	186	0
3145	185	0
3146	185	0
3147	187	0
3148	189	0
3149	190	0
3150	190	0
3151	189	0
3152	186	0
3153	185	0
3154	185	0
3155	186	0
3156	188	0
3157	189	0
3158	189	0
3159	189	0
3160	187	0
3161	185	0
3162	185	0
3163	185	0
3164	187	0
3165	189	0
3166	190	0
3167	189	0
3168	188	0
3169	186	0
3170	185	0
3171	185	0
3172	187	0
3173	189	0
3174	190	0
3175	190	0
3176	189	0
3177	187	0
3178	185	0
3179	185	0
3180	185	0
3181	188	0
3182	189	0
3183	190	0
3184	189	0
3185	187	0
3186	186	0
3187	184	0
3188	186	0
3189	186	0
3190	189	0
3191	190	0
3192	190	0
3193	189	0
3194	186	0
3195	185	0
3196	185	0
3197	186	0
3198	187	0
3199	190	0
3200	190	0
3201	189	0
3202	187	0
3203	185	0
3204	184	0
3205	185	0
3206	187	0
3207	189	0
3208	190	0
3209	189	0
3210	187	0
3211	185	0
3212	185	0
3213	184	0
3214	186	0
3215	187	0
3216	189	0
3217	189	0
3218	188	0
3219	186	0
3220	184	0
3221	183	0
3222	184	0
3223	186	0
3224	189	0
3225	189	0
3226	189	0
3227	187	0
3228	185	0
3229	184	0
3230	183	0
3231	185	0
3232	187	0
3233	189	0
3234	189	0
3235	189	0
3236	187	0
3237	185	0
3238	184	0
3239	184	0
3240	186	0
3241	187	0
3242	189	0
3243	190	0
3244	189	0
3245	187	0
3246	184	0
3247	184	0
3248	185	0
3249	187	0
3250	189	0
3251	190	0
3252	189	0
3253	189	0
3254	186	0
3255	185	0
3256	185	0
3257	185	0
3258	187	0
3259	189	0
3260	190	0
3261	190	0
3262	188	0
3263	186	0
3264	185	0
3265	186	0
3266	186	0
3267	189	0
3268	190	0
3269	190	0
3270	190	0
3271	189	0
3272	187	0
3273	185	0
3274	185	0
3275	187	0
3276	189	0
3277	190	0
3278	190	0
3279	189	0
3280	188	0
3281	186	0
3282	185	0
3283	185	0
3284	187	0
3285	190	0
3286	190	0
3287	190	0
3288	189	0
3289	187	0
3290	186	0
3291	185	0
3292	187	0
3293	188	0
3294	190	0
3295	190	0
3296	190	0
3297	189	0
3298	187	0
3299	185	0
3300	185	0
3301	187	0
3302	189	0
3303	190	0
3304	190	0
3305	190	0
3306	187	0
3307	186	0
3308	185	0
3309	185	0
3310	187	0
3311	189	0
3312	190	0
3313	190	0
3314	189	0
3315	186	0
3316	185	0
3317	185	0
3318	186	0
3319	188	0
3320	190	0
3321	190	0
3322	189	0
3323	187	0
3324	186	0
3325	185	0
3326	185	0
3327	186	0
3328	189	0
3329	190	0
3330	190	0
3331	189	0
3332	187	0
3333	185	0
3334	185	0
3335	186	0
3336	187	0
3337	190	0
3338	190	0
3339	189	0
3340	187	0
3341	185	0
3342	184	0
3343	184	0
3344	186	0
3345	189	0
3346	190	0
3347	189	0
3348	189	0
3349	187	0
3350	185	0
3351	185	0
3352	185	0
3353	187	0
3354	190	0
3355	190	0
3356	189	0
3357	188	0
3358	186	0
3359	185	0
3360	184	0
3361	186	0
3362	188	0
3363	190	0
3364	190	0
3365	189	0
3366	187	0
3367	186	0
3368	185	0
3369	186	0
3370	187	0
3371	189	0
3372	190	0
3373	190	0
3374	189	0
3375	186	0
3376	185	0
3377	185	0
3378	186	0
3379	188	0
3380	190	0
3381	190	0
3382	189	0
3383	187	0
3384	186	0
3385	184	0
3386	185	0
3387	187	0
3388	189	0
3389	190	0
3390	189	0
3391	188	0
3392	186	0
3393	186	0
3394	185	0
3395	186	0
3396	188	0
3397	189	0
3398	190	0
3399	190	0
3400	188	0
3401	186	0
3402	185	0
3403	185	0
3404	186	0
3405	189	0
3406	190	0
3407	190	0
3408	189	0
3409	187	0
3410	186	0
3411	185	0
3412	185	0
3413	188	0
3414	189	0
3415	190	0
3416	190	0
3417	188	0
3418	186	0
3419	185	0
3420	185	0
3421	187	0
3422	188	0
3423	190	0
3424	190	0
3425	189	0
3426	187	0
3427	185	0
3428	185	0
3429	185	0
3430	188	0
3431	189	0
3432	190	0
3433	190	0
3434	188	0
3435	186	0
3436	185	0
3437	185	0
3438	186	0
3439	188	0
3440	190	0
3441	190	0
3442	189	0
3443	187	0
3444	186	0
3445	185	0
3446	185	0
3447	187	0
3448	189	0
3449	190	0
3450	190	0
3451	188	0
3452	186	0
3453	185	0
3454	185	0
3455	186	0
3456	188	0
3457	190	0
3458	190	0
3459	189	0
3460	187	0
3461	186	0
3462	185	0
3463	185	0
3464	187	0
3465	189	0
3466	190	0
3467	190	0
3468	188	0
3469	186	0
3470	185	0
3471	185	0
3472	186	0
3473	189	0
3474	190	0
3475	190	0
3476	189	0
3477	187	0
3478	185	0
3479	185	0
3480	185	0
3481	187	0
3482	189	0
3483	190	0
3484	189	0
3485	188	0
3486	186	0
3487	185	0
3488	185	0
3489	186	0
3490	188	0
3491	190	0
3492	190	0
3493	189	0
3494	187	0
3495	185	0
3496	185	0
3497	185	0
3498	187	0
3499	189	0
3500	190	0
3501	189	0
3502	188	0
3503	186	0
3504	185	0
3505	185	0
3506	186	0
3507	188	0
3508	190	0
3509	190	0
3510	189	0
3511	187	0
3512	186	0
3513	185	0
3514	185	0
3515	187	0
3516	189	0
3517	190	0
3518	190	0
3519	188	0
3520	186	0
3521	185	0
3522	185	0
3523	186	0
3524	188	0
3525	190	0
3526	190	0
3527	189	0
3528	188	0
3529	186	0
3530	184	0
3531	185	0
3532	187	0
3533	189	0
3534	190	0
3535	190	0
3536	188	0
3537	186	0
3538	185	0
3539	185	0
3540	186	0
3541	188	0
3542	190	0
3543	190	0
3544	188	0
3545	187	0
3546	185	0
3547	184	0
3548	185	0
3549	187	0
3550	190	0
3551	190	0
3552	190	0
3553	188	0
3554	186	0
3555	185	0
3556	184	0
3557	186	0
3558	189	0
3559	190	0
3560	190	0
3561	189	0
3562	187	0
3563	185	0
3564	184	0
3565	185	0
3566	187	0
3567	189	0
3568	190	0
3569	189	0
3570	187	0
3571	185	0
3572	184	0
3573	185	0
3574	186	0
3575	189	0
3576	189	0
3577	190	0
3578	188	0
3579	186	0
3580	185	0
3581	184	0
3582	185	0
3583	187	0
3584	189	0
3585	190	0
3586	189	0
3587	187	0
3588	186	0
3589	184	0
3590	185	0
3591	186	0
3592	188	0
3593	190	0
3594	190	0
3595	189	0
3596	187	0
3597	185	0
3598	185	0
3599	185	0
3600	187	0
3601	189	0
3602	189	0
3603	189	0
3604	188	0
3605	186	0
3606	184	0
3607	185	0
3608	185	0
3609	188	0
3610	189	0
3611	190	0
3612	189	0
3613	187	0
3614	185	0
3615	184	0
3616	185	0
3617	187	0
3618	189	0
3619	190	0
3620	190	0
3621	188	0
3622	186	0
3623	184	0
3624	185	0
3625	185	0
3626	187	0
3627	190	0
3628	190	0
3629	189	0
3630	188	0
3631	185	0
3632	184	0
3633	185	0
3634	187	0
3635	188	0
3636	189	0
3637	190	0
3638	189	0
3639	187	0
3640	185	0
3641	184	0
3642	185	0
3643	187	0
3644	189	0
3645	190	0
3646	190	0
3647	189	0
3648	186	0
3649	185	0
3650	185	0
3651	186	0
3652	188	0
3653	190	0
3654	190	0
3655	190	0
3656	188	0
3657	186	0
3658	185	0
3659	185	0
3660	186	0
3661	188	0
3662	190	0
3663	190	0
3664	190	0
3665	187	0
3666	185	0
3667	185	0
3668	185	0
3669	187	0
3670	189	0
3671	190	0
3672	190	0
3673	189	0
3674	187	0
3675	186	0
3676	185	0
3677	185	0
3678	187	0
3679	190	0
3680	190	0
3681	189	0
3682	187	0
3683	186	0
3684	184	0
3685	182	0
3686	184	0
3687	186	0
3688	187	0
3689	189	0
3690	189	0
3691	186	0
3692	180	0
3693	82	0
3694	41	0
3695	43	0
3696	48	0
3697	50	0
3698	51	0
3699	52	0
3700	50	0
3701	49	0
3702	48	0
3703	48	0
3704	49	0
3705	49	0
3706	50	0
3707	50	0
3708	49	0
3709	49	0
3710	49	0
3711	49	0
3712	49	0
3713	48	0
3714	49	0
3715	49	0
3716	49	0
3717	49	0
3718	49	0
3719	48	0
3720	49	0
3721	48	0
3722	49	0
3723	48	0
3724	48	0
3725	49	0
3726	49	0
3727	48	0
3728	48	0
3729	49	0
3730	49	0
3731	49	0
3732	48	0
3733	49	0
3734	48	0
3735	49	0
3736	49	0
3737	48	0
3738	48	0
3739	49	0
3740	49	0
3741	49	0
3742	49	0
3743	49	0
3744	48	0
3745	49	0
3746	49	0
3747	48	0
3748	49	0
3749	49	0
3750	49	0
3751	49	0
3752	49	0
3753	48	0
3754	49	0
3755	49	0
3756	49	0
3757	48	0
3758	49	0
3759	48	0
3760	49	0
3761	49	0
3762	49	0
3763	48	0
3764	49	0
3765	48	0
3766	49	0
3767	49	0
3768	48	0
3769	49	0
3770	48	0
3771	49	0
3772	49	0
3773	48	0
3774	49	0
3775	48	0
3776	49	0
3777	49	0
3778	49	0
3779	49	0
3780	49	0
3781	49	0
3782	49	0
3783	49	0
3784	49	0
3785	48	0
3786	48	0
3787	48	0
3788	48	0
3789	48	0
3790	49	0
3791	49	0
3792	48	0
3793	49	0
3794	49	0
3795	49	0
3796	49	0
3797	48	0
3798	49	0
3799	49	0
3800	49	0
3801	49	0
3802	49	0
3803	49	0
3804	49	0
3805	49	0
3806	48	0
3807	49	0
3808	49	0
3809	49	0
3810	49	0
3811	49	0
3812	84	0
3813	117	0
3814	145	0
3815	189	0
3816	193	0
3817	194	0
3818	194	0
3819	195	0
3820	194	0
3821	194	0
3822	193	0
3823	190	0
3824	190	0
3825	190	0
3826	190	0
3827	192	0
3828	194	0
3829	193	0
3830	191	0
3831	190	0
3832	190	0
3833	189	0
3834	190	0
3835	190	0
3836	192	0
3837	193	0
3838	193	0
3839	190	0
3840	189	0
3841	188	0
3842	186	0
3843	187	0
3844	189	0
3845	189	0
3846	191	0
3847	192	0
3848	192	0
3849	190	0
3850	188	0
3851	187	0
3852	188	0
3853	189	0
3854	190	0
3855	193	0
3856	194	0
3857	193	0
3858	193	0
3859	190	0
3860	190	0
3861	188	0
3862	189	0
3863	190	0
3864	193	0
3865	194	0
3866	193	0
3867	192	0
3868	191	0
3869	190	0
3870	188	0
3871	189	0
3872	190	0
3873	191	0
3874	192	0
3875	193	0
3876	192	0
3877	190	0
3878	189	0
3879	188	0
3880	188	0
3881	190	0
3882	191	0
3883	193	0
3884	193	0
3885	190	0
3886	190	0
3887	188	0
3888	188	0
3889	188	0
3890	190	0
3891	190	0
3892	192	0
3893	191	0
3894	190	0
3895	188	0
3896	186	0
3897	188	0
3898	189	0
3899	190	0
3900	190	0
3901	191	0
3902	190	0
3903	188	0
3904	187	0
3905	187	0
3906	187	0
3907	189	0
3908	190	0
3909	191	0
3910	190	0
3911	188	0
3912	187	0
3913	186	0
3914	186	0
3915	188	0
3916	190	0
3917	190	0
3918	190	0
3919	189	0
3920	187	0
3921	185	0
3922	186	0
3923	187	0
3924	190	0
3925	190	0
3926	190	0
3927	189	0
3928	187	0
3929	186	0
3930	186	0
3931	187	0
3932	189	0
3933	190	0
3934	190	0
3935	189	0
3936	187	0
3937	186	0
3938	185	0
3939	186	0
3940	188	0
3941	190	0
3942	190	0
3943	190	0
3944	188	0
3945	186	0
3946	186	0
3947	186	0
3948	187	0
3949	190	0
3950	190	0
3951	190	0
3952	188	0
3953	186	0
3954	185	0
3955	185	0
3956	187	0
3957	189	0
3958	190	0
3959	190	0
3960	188	0
3961	187	0
3962	185	0
3963	185	0
3964	186	0
3965	188	0
3966	190	0
3967	190	0
3968	189	0
3969	187	0
3970	185	0
3971	184	0
3972	185	0
3973	187	0
3974	189	0
3975	190	0
3976	189	0
3977	188	0
3978	186	0
3979	185	0
3980	185	0
3981	186	0
3982	189	0
3983	190	0
3984	190	0
3985	189	0
3986	187	0
3987	185	0
3988	185	0
3989	185	0
3990	187	0
3991	189	0
3992	190	0
3993	189	0
3994	187	0
3995	186	0
3996	185	0
3997	185	0
3998	187	0
3999	188	0
4000	190	0
4001	190	0
4002	189	0
4003	187	0
4004	186	0
4005	185	0
4006	185	0
4007	188	0
4008	189	0
4009	190	0
4010	190	0
4011	188	0
4012	186	0
4013	185	0
4014	185	0
4015	186	0
4016	189	0
4017	190	0
4018	190	0
4019	188	0
4020	187	0
4021	185	0
4022	185	0
4023	186	0
4024	187	0
4025	190	0
4026	190	0
4027	189	0
4028	188	0
4029	186	0
4030	185	0
4031	185	0
4032	187	0
4033	189	0
4034	190	0
4035	190	0
4036	188	0
4037	186	0
4038	185	0
4039	185	0
4040	186	0
4041	189	0
4042	190	0
4043	190	0
4044	189	0
4045	187	0
4046	186	0
4047	185	0
4048	185	0
4049	187	0
4050	189	0
4051	190	0
4052	190	0
4053	188	0
4054	186	0
4055	185	0
4056	185	0
4057	186	0
4058	188	0
4059	190	0
4060	190	0
4061	189	0
4062	187	0
4063	184	0
4064	185	0
4065	185	0
4066	188	0
4067	189	0
4068	190	0
4069	189	0
4070	187	0
4071	185	0
4072	185	0
4073	186	0
4074	187	0
4075	189	0
4076	190	0
4077	189	0
4078	189	0
4079	187	0
4080	185	0
4081	185	0
4082	186	0
4083	188	0
4084	190	0
4085	189	0
4086	189	0
4087	188	0
4088	186	0
4089	185	0
4090	185	0
4091	187	0
4092	189	0
4093	190	0
4094	190	0
4095	187	0
4096	186	0
4097	185	0
4098	185	0
4099	186	0
4100	188	0
4101	190	0
4102	190	0
4103	189	0
4104	187	0
4105	185	0
4106	184	0
4107	186	0
4108	188	0
4109	189	0
4110	190	0
4111	189	0
4112	187	0
4113	185	0
4114	184	0
4115	185	0
4116	187	0
4117	189	0
4118	190	0
4119	190	0
4120	188	0
4121	186	0
4122	185	0
4123	185	0
4124	186	0
4125	188	0
4126	190	0
4127	190	0
4128	189	0
4129	187	0
4130	185	0
4131	184	0
4132	185	0
4133	188	0
4134	189	0
4135	190	0
4136	189	0
4137	187	0
4138	186	0
4139	185	0
4140	185	0
4141	187	0
4142	189	0
4143	190	0
4144	190	0
4145	188	0
4146	186	0
4147	185	0
4148	185	0
4149	186	0
4150	188	0
4151	189	0
4152	190	0
4153	189	0
4154	187	0
4155	186	0
4156	184	0
4157	185	0
4158	187	0
4159	188	0
4160	189	0
4161	189	0
4162	188	0
4163	185	0
4164	184	0
4165	185	0
4166	185	0
4167	187	0
4168	189	0
4169	189	0
4170	188	0
4171	186	0
4172	185	0
4173	184	0
4174	184	0
4175	187	0
4176	188	0
4177	189	0
4178	189	0
4179	187	0
4180	185	0
4181	185	0
4182	183	0
4183	185	0
4184	186	0
4185	189	0
4186	189	0
4187	189	0
4188	187	0
4189	185	0
4190	184	0
4191	184	0
4192	185	0
4193	188	0
4194	190	0
4195	189	0
4196	189	0
4197	187	0
4198	185	0
4199	184	0
4200	185	0
4201	187	0
4202	188	0
4203	190	0
4204	190	0
4205	188	0
4206	187	0
4207	185	0
4208	185	0
4209	185	0
4210	187	0
4211	189	0
4212	190	0
4213	190	0
4214	188	0
4215	186	0
4216	186	0
4217	185	0
4218	186	0
4219	189	0
4220	190	0
4221	190	0
4222	190	0
4223	188	0
4224	187	0
4225	185	0
4226	185	0
4227	187	0
4228	189	0
4229	190	0
4230	190	0
4231	190	0
4232	187	0
4233	186	0
4234	185	0
4235	186	0
4236	187	0
4237	189	0
4238	190	0
4239	190	0
4240	189	0
4241	187	0
4242	186	0
4243	186	0
4244	186	0
4245	188	0
4246	190	0
4247	190	0
4248	190	0
4249	188	0
4250	186	0
4251	185	0
4252	185	0
4253	186	0
4254	189	0
4255	190	0
4256	190	0
4257	189	0
4258	188	0
4259	186	0
4260	185	0
4261	186	0
4262	188	0
4263	189	0
4264	190	0
4265	190	0
4266	189	0
4267	187	0
4268	185	0
4269	185	0
4270	186	0
4271	189	0
4272	190	0
4273	190	0
4274	190	0
4275	187	0
4276	185	0
4277	185	0
4278	185	0
4279	187	0
4280	189	0
4281	190	0
4282	189	0
4283	189	0
4284	186	0
4285	185	0
4286	185	0
4287	186	0
4288	187	0
4289	190	0
4290	190	0
4291	189	0
4292	187	0
4293	185	0
4294	185	0
4295	185	0
4296	187	0
4297	189	0
4298	190	0
4299	190	0
4300	189	0
4301	187	0
4302	185	0
4303	185	0
4304	186	0
4305	188	0
4306	189	0
4307	190	0
4308	190	0
4309	188	0
4310	186	0
4311	185	0
4312	184	0
4313	186	0
4314	189	0
4315	190	0
4316	189	0
4317	189	0
4318	187	0
4319	185	0
4320	185	0
4321	185	0
4322	187	0
4323	189	0
4324	189	0
4325	189	0
4326	188	0
4327	186	0
4328	185	0
4329	184	0
4330	186	0
4331	189	0
4332	190	0
4333	190	0
4334	189	0
4335	187	0
4336	185	0
4337	185	0
4338	185	0
4339	187	0
4340	189	0
4341	190	0
4342	189	0
4343	188	0
4344	186	0
4345	185	0
4346	185	0
4347	186	0
4348	188	0
4349	190	0
4350	190	0
4351	189	0
4352	187	0
4353	185	0
4354	184	0
4355	185	0
4356	187	0
4357	189	0
4358	190	0
4359	189	0
4360	188	0
4361	186	0
4362	185	0
4363	185	0
4364	187	0
4365	189	0
4366	190	0
4367	190	0
4368	189	0
4369	188	0
4370	185	0
4371	185	0
4372	185	0
4373	187	0
4374	189	0
4375	190	0
4376	189	0
4377	188	0
4378	186	0
4379	185	0
4380	185	0
4381	186	0
4382	188	0
4383	189	0
4384	190	0
4385	189	0
4386	187	0
4387	186	0
4388	184	0
4389	185	0
4390	187	0
4391	189	0
4392	190	0
4393	190	0
4394	189	0
4395	186	0
4396	185	0
4397	184	0
4398	186	0
4399	188	0
4400	190	0
4401	190	0
4402	189	0
4403	188	0
4404	186	0
4405	185	0
4406	185	0
4407	187	0
4408	189	0
4409	190	0
4410	190	0
4411	188	0
4412	187	0
4413	185	0
4414	184	0
4415	186	0
4416	188	0
4417	189	0
4418	190	0
4419	189	0
4420	187	0
4421	186	0
4422	184	0
4423	185	0
4424	187	0
4425	189	0
4426	190	0
4427	190	0
4428	189	0
4429	187	0
4430	185	0
4431	185	0
4432	186	0
4433	188	0
4434	190	0
4435	190	0
4436	189	0
4437	187	0
4438	185	0
4439	184	0
4440	185	0
4441	187	0
4442	189	0
4443	189	0
4444	190	0
4445	189	0
4446	186	0
4447	185	0
4448	185	0
4449	186	0
4450	188	0
4451	190	0
4452	190	0
4453	189	0
4454	187	0
4455	186	0
4456	185	0
4457	185	0
4458	187	0
4459	189	0
4460	190	0
4461	190	0
4462	187	0
4463	186	0
4464	185	0
4465	185	0
4466	186	0
4467	188	0
4468	190	0
4469	190	0
4470	189	0
4471	187	0
4472	186	0
4473	185	0
4474	185	0
4475	187	0
4476	189	0
4477	190	0
4478	190	0
4479	188	0
4480	186	0
4481	185	0
4482	185	0
4483	186	0
4484	188	0
4485	190	0
4486	190	0
4487	189	0
4488	187	0
4489	186	0
4490	185	0
4491	186	0
4492	187	0
4493	189	0
4494	190	0
4495	189	0
4496	188	0
4497	186	0
4498	185	0
4499	185	0
4500	186	0
4501	188	0
4502	190	0
4503	190	0
4504	189	0
4505	187	0
4506	185	0
4507	185	0
4508	186	0
4509	188	0
4510	189	0
4511	190	0
4512	189	0
4513	187	0
4514	186	0
4515	185	0
4516	185	0
4517	186	0
4518	188	0
4519	190	0
4520	190	0
4521	189	0
4522	187	0
4523	185	0
4524	185	0
4525	185	0
4526	188	0
4527	190	0
4528	190	0
4529	189	0
4530	187	0
4531	186	0
4532	185	0
4533	184	0
4534	186	0
4535	189	0
4536	190	0
4537	190	0
4538	188	0
4539	186	0
4540	185	0
4541	185	0
4542	185	0
4543	187	0
4544	189	0
4545	190	0
4546	189	0
4547	187	0
4548	185	0
4549	184	0
4550	185	0
4551	186	0
4552	188	0
4553	189	0
4554	189	0
4555	189	0
4556	187	0
4557	185	0
4558	184	0
4559	185	0
4560	187	0
4561	189	0
4562	190	0
4563	189	0
4564	188	0
4565	185	0
4566	185	0
4567	185	0
4568	186	0
4569	187	0
4570	189	0
4571	189	0
4572	189	0
4573	187	0
4574	185	0
4575	184	0
4576	185	0
4577	187	0
4578	189	0
4579	190	0
4580	190	0
4581	189	0
4582	186	0
4583	185	0
4584	185	0
4585	185	0
4586	187	0
4587	190	0
4588	190	0
4589	190	0
4590	188	0
4591	186	0
4592	185	0
4593	184	0
4594	185	0
4595	188	0
4596	190	0
4597	190	0
4598	189	0
4599	187	0
4600	185	0
4601	184	0
4602	185	0
4603	187	0
4604	189	0
4605	190	0
4606	190	0
4607	189	0
4608	186	0
4609	185	0
4610	185	0
4611	185	0
4612	188	0
4613	189	0
4614	190	0
4615	189	0
4616	188	0
4617	186	0
4618	185	0
4619	185	0
4620	185	0
4621	188	0
4622	190	0
4623	190	0
4624	189	0
4625	187	0
4626	186	0
4627	185	0
4628	185	0
4629	188	0
4630	189	0
4631	190	0
4632	190	0
4633	189	0
4634	186	0
4635	185	0
4636	184	0
4637	185	0
4638	185	0
4639	187	0
4640	189	0
4641	188	0
4642	187	0
4643	185	0
4644	182	0
4645	152	0
4646	72	0
4647	48	0
4648	46	0
4649	46	0
4650	46	0
4651	47	0
4652	49	0
4653	50	0
4654	50	0
4655	50	0
4656	49	0
4657	48	0
4658	49	0
4659	49	0
4660	49	0
4661	49	0
4662	49	0
4663	49	0
4664	48	0
4665	48	0
4666	49	0
4667	48	0
4668	49	0
4669	49	0
4670	49	0
4671	48	0
4672	48	0
4673	48	0
4674	48	0
4675	48	0
4676	49	0
4677	49	0
4678	48	0
4679	48	0
4680	49	0
4681	49	0
4682	49	0
4683	49	0
4684	49	0
4685	48	0
4686	49	0
4687	49	0
4688	48	0
4689	48	0
4690	48	0
4691	49	0
4692	49	0
4693	49	0
4694	49	0
4695	49	0
4696	49	0
4697	49	0
4698	49	0
4699	49	0
4700	49	0
4701	49	0
4702	48	0
4703	48	0
4704	49	0
4705	49	0
4706	49	0
4707	49	0
4708	49	0
4709	49	0
4710	49	0
4711	49	0
4712	49	0
4713	48	0
4714	48	0
4715	49	0
4716	48	0
4717	48	0
4718	48	0
4719	49	0
4720	49	0
4721	49	0
4722	49	0
4723	48	0
4724	48	0
4725	49	0
4726	49	0
4727	49	0
4728	48	0
4729	49	0
4730	49	0
4731	48	0
4732	48	0
4733	49	0
4734	48	0
4735	49	0
4736	49	0
4737	49	0
4738	49	0
4739	49	0
4740	48	0
4741	49	0
4742	49	0
4743	49	0
4744	49	0
4745	49	0
4746	50	0
4747	48	0
4748	48	0
4749	49	0
4750	48	0
4751	49	0
4752	49	0
4753	49	0
4754	49	0
4755	48	0
4756	49	0
4757	49	0
4758	48	0
4759	49	0
4760	49	0
4761	49	0
4762	49	0
4763	49	0
4764	50	0
4765	99	0
4766	134	0
4767	163	0
4768	194	0
4769	197	0
4770	196	0
4771	196	0
4772	193	0
4773	193	0
4774	190	0
4775	190	0
4776	191	0
4777	192	0
4778	193	0
4779	194	0
4780	193	0
4781	192	0
4782	191	0
4783	190	0
4784	189	0
4785	190	0
4786	191	0
4787	193	0
4788	193	0
4789	193	0
4790	190	0
4791	189	0
4792	187	0
4793	187	0
4794	187	0
4795	190	0
4796	191	0
4797	192	0
4798	191	0
4799	190	0
4800	189	0
4801	187	0
4802	188	0
4803	188	0
4804	189	0
4805	191	0
4806	192	0
4807	193	0
4808	193	0
4809	191	0
4810	190	0
4811	189	0
4812	188	0
4813	189	0
4814	191	0
4815	192	0
4816	194	0
4817	193	0
4818	192	0
4819	190	0
4820	189	0
4821	188	0
4822	189	0
4823	190	0
4824	193	0
4825	193	0
4826	193	0
4827	192	0
4828	190	0
4829	189	0
4830	187	0
4831	189	0
4832	190	0
4833	192	0
4834	193	0
4835	193	0
4836	190	0
4837	189	0
4838	188	0
4839	187	0
4840	189	0
4841	190	0
4842	192	0
4843	192	0
4844	191	0
4845	189	0
4846	188	0
4847	187	0
4848	187	0
4849	189	0
4850	190	0
4851	191	0
4852	191	0
4853	190	0
4854	188	0
4855	186	0
4856	186	0
4857	187	0
4858	189	0
4859	190	0
4860	191	0
4861	190	0
4862	188	0
4863	187	0
4864	186	0
4865	187	0
4866	189	0
4867	190	0
4868	190	0
4869	190	0
4870	189	0
4871	186	0
4872	186	0
4873	187	0
4874	188	0
4875	190	0
4876	190	0
4877	190	0
4878	188	0
4879	187	0
4880	186	0
4881	187	0
4882	188	0
4883	190	0
4884	190	0
4885	190	0
4886	189	0
4887	187	0
4888	186	0
4889	186	0
4890	187	0
4891	190	0
4892	190	0
4893	190	0
4894	189	0
4895	187	0
4896	186	0
4897	186	0
4898	187	0
4899	189	0
4900	190	0
4901	190	0
4902	189	0
4903	187	0
4904	187	0
4905	186	0
4906	187	0
4907	189	0
4908	190	0
4909	190	0
4910	189	0
4911	188	0
4912	187	0
4913	185	0
4914	186	0
4915	188	0
4916	189	0
4917	190	0
4918	190	0
4919	189	0
4920	187	0
4921	185	0
4922	186	0
4923	187	0
4924	189	0
4925	190	0
4926	190	0
4927	189	0
4928	187	0
4929	185	0
4930	185	0
4931	186	0
4932	187	0
4933	189	0
4934	190	0
4935	189	0
4936	188	0
4937	186	0
4938	185	0
4939	185	0
4940	187	0
4941	189	0
4942	190	0
4943	190	0
4944	189	0
4945	186	0
4946	185	0
4947	184	0
4948	186	0
4949	187	0
4950	190	0
4951	190	0
4952	189	0
4953	188	0
4954	186	0
4955	185	0
4956	185	0
4957	187	0
4958	189	0
4959	190	0
4960	189	0
4961	188	0
4962	186	0
4963	185	0
4964	185	0
4965	186	0
4966	188	0
4967	189	0
4968	190	0
4969	189	0
4970	187	0
4971	185	0
4972	184	0
4973	186	0
4974	188	0
4975	189	0
4976	190	0
4977	190	0
4978	188	0
4979	186	0
4980	185	0
4981	185	0
4982	186	0
4983	189	0
4984	190	0
4985	190	0
4986	189	0
4987	187	0
4988	185	0
4989	185	0
4990	186	0
4991	188	0
4992	190	0
4993	190	0
4994	189	0
4995	188	0
4996	186	0
4997	185	0
4998	185	0
4999	187	0
5000	189	0
5001	190	0
5002	189	0
5003	188	0
5004	187	0
5005	185	0
5006	185	0
5007	186	0
5008	188	0
5009	190	0
5010	190	0
5011	189	0
5012	187	0
5013	185	0
5014	184	0
5015	185	0
5016	188	0
5017	189	0
5018	189	0
5019	189	0
5020	188	0
5021	185	0
5022	184	0
5023	185	0
5024	186	0
5025	189	0
5026	189	0
5027	190	0
5028	188	0
5029	187	0
5030	185	0
5031	184	0
5032	186	0
5033	188	0
5034	190	0
5035	189	0
5036	188	0
5037	187	0
5038	185	0
5039	185	0
5040	185	0
5041	187	0
5042	189	0
5043	190	0
5044	189	0
5045	188	0
5046	186	0
5047	185	0
5048	185	0
5049	187	0
5050	189	0
5051	190	0
5052	190	0
5053	189	0
5054	186	0
5055	185	0
5056	185	0
5057	185	0
5058	187	0
5059	189	0
5060	190	0
5061	189	0
5062	187	0
5063	185	0
5064	184	0
5065	185	0
5066	187	0
5067	189	0
5068	190	0
5069	189	0
5070	189	0
5071	186	0
5072	184	0
5073	185	0
5074	186	0
5075	189	0
5076	190	0
5077	190	0
5078	189	0
5079	187	0
5080	185	0
5081	185	0
5082	186	0
5083	188	0
5084	189	0
5085	190	0
5086	189	0
5087	187	0
5088	186	0
5089	185	0
5090	186	0
5091	187	0
5092	189	0
5093	190	0
5094	190	0
5095	188	0
5096	186	0
5097	185	0
5098	185	0
5099	186	0
5100	188	0
5101	190	0
5102	190	0
5103	189	0
5104	187	0
5105	185	0
5106	185	0
5107	186	0
5108	188	0
5109	189	0
5110	190	0
5111	189	0
5112	187	0
5113	185	0
5114	185	0
5115	185	0
5116	186	0
5117	188	0
5118	189	0
5119	189	0
5120	187	0
5121	186	0
5122	184	0
5123	184	0
5124	185	0
5125	187	0
5126	188	0
5127	189	0
5128	188	0
5129	186	0
5130	184	0
5131	184	0
5132	184	0
5133	185	0
5134	187	0
5135	189	0
5136	189	0
5137	188	0
5138	186	0
5139	184	0
5140	184	0
5141	184	0
5142	186	0
5143	189	0
5144	190	0
5145	189	0
5146	187	0
5147	186	0
5148	184	0
5149	185	0
5150	185	0
5151	187	0
5152	189	0
5153	190	0
5154	189	0
5155	187	0
5156	186	0
5157	185	0
5158	184	0
5159	186	0
5160	188	0
5161	190	0
5162	190	0
5163	189	0
5164	187	0
5165	186	0
5166	185	0
5167	185	0
5168	187	0
5169	189	0
5170	190	0
5171	190	0
5172	189	0
5173	187	0
5174	186	0
5175	185	0
5176	185	0
5177	188	0
5178	190	0
5179	190	0
5180	190	0
5181	189	0
5182	187	0
5183	185	0
5184	184	0
5185	186	0
5186	188	0
5187	190	0
5188	190	0
5189	190	0
5190	189	0
5191	186	0
5192	185	0
5193	185	0
5194	187	0
5195	190	0
5196	190	0
5197	190	0
5198	189	0
5199	187	0
5200	185	0
5201	185	0
5202	186	0
5203	187	0
5204	189	0
5205	190	0
5206	190	0
5207	188	0
5208	186	0
5209	185	0
5210	185	0
5211	186	0
5212	189	0
5213	190	0
5214	190	0
5215	189	0
5216	188	0
5217	185	0
5218	185	0
5219	185	0
5220	187	0
5221	189	0
5222	190	0
5223	189	0
5224	189	0
5225	186	0
5226	185	0
5227	185	0
5228	186	0
5229	187	0
5230	190	0
5231	190	0
5232	189	0
5233	187	0
5234	186	0
5235	185	0
5236	185	0
5237	187	0
5238	189	0
5239	190	0
5240	190	0
5241	189	0
5242	186	0
5243	185	0
5244	185	0
5245	186	0
5246	188	0
5247	190	0
5248	190	0
5249	189	0
5250	187	0
5251	186	0
5252	185	0
5253	185	0
5254	187	0
5255	189	0
5256	190	0
5257	190	0
5258	188	0
5259	187	0
5260	185	0
5261	185	0
5262	185	0
5263	188	0
5264	190	0
5265	190	0
5266	189	0
5267	188	0
5268	186	0
5269	184	0
5270	185	0
5271	186	0
5272	189	0
5273	190	0
5274	190	0
5275	189	0
5276	187	0
5277	185	0
5278	184	0
5279	185	0
5280	188	0
5281	189	0
5282	190	0
5283	189	0
5284	188	0
5285	186	0
5286	185	0
5287	185	0
5288	186	0
5289	189	0
5290	190	0
5291	190	0
5292	189	0
5293	187	0
5294	186	0
5295	185	0
5296	186	0
5297	187	0
5298	189	0
5299	190	0
5300	189	0
5301	188	0
5302	186	0
5303	185	0
5304	184	0
5305	186	0
5306	189	0
5307	190	0
5308	190	0
5309	189	0
5310	187	0
5311	186	0
5312	185	0
5313	185	0
5314	187	0
5315	189	0
5316	190	0
5317	190	0
5318	189	0
5319	186	0
5320	184	0
5321	185	0
5322	186	0
5323	188	0
5324	190	0
5325	190	0
5326	189	0
5327	188	0
5328	185	0
5329	185	0
5330	186	0
5331	187	0
5332	189	0
5333	190	0
5334	190	0
5335	188	0
5336	186	0
5337	184	0
5338	185	0
5339	185	0
5340	188	0
5341	189	0
5342	190	0
5343	189	0
5344	187	0
5345	186	0
5346	185	0
5347	185	0
5348	187	0
5349	189	0
5350	190	0
5351	190	0
5352	188	0
5353	186	0
5354	185	0
5355	185	0
5356	185	0
5357	188	0
5358	189	0
5359	190	0
5360	189	0
5361	187	0
5362	186	0
5363	185	0
5364	186	0
5365	187	0
5366	189	0
5367	190	0
5368	190	0
5369	188	0
5370	186	0
5371	185	0
5372	185	0
5373	186	0
5374	188	0
5375	190	0
5376	190	0
5377	189	0
5378	187	0
5379	185	0
5380	185	0
5381	185	0
5382	187	0
5383	189	0
5384	190	0
5385	189	0
5386	187	0
5387	186	0
5388	185	0
5389	185	0
5390	186	0
5391	188	0
5392	190	0
5393	190	0
5394	189	0
5395	187	0
5396	185	0
5397	185	0
5398	185	0
5399	188	0
5400	189	0
5401	190	0
5402	189	0
5403	188	0
5404	186	0
5405	185	0
5406	185	0
5407	187	0
5408	189	0
5409	190	0
5410	190	0
5411	189	0
5412	187	0
5413	185	0
5414	185	0
5415	185	0
5416	188	0
5417	189	0
5418	190	0
5419	189	0
5420	187	0
5421	186	0
5422	185	0
5423	185	0
5424	187	0
5425	189	0
5426	190	0
5427	190	0
5428	189	0
5429	186	0
5430	185	0
5431	184	0
5432	186	0
5433	188	0
5434	190	0
5435	190	0
5436	189	0
5437	187	0
5438	185	0
5439	184	0
5440	185	0
5441	187	0
5442	189	0
5443	190	0
5444	190	0
5445	188	0
5446	186	0
5447	185	0
5448	185	0
5449	186	0
5450	188	0
5451	190	0
5452	190	0
5453	189	0
5454	187	0
5455	185	0
5456	185	0
5457	185	0
5458	187	0
5459	189	0
5460	190	0
5461	189	0
5462	188	0
5463	185	0
5464	185	0
5465	185	0
5466	186	0
5467	187	0
5468	190	0
5469	189	0
5470	189	0
5471	187	0
5472	185	0
5473	185	0
5474	185	0
5475	187	0
5476	189	0
5477	190	0
5478	189	0
5479	187	0
5480	185	0
5481	185	0
5482	185	0
5483	186	0
5484	187	0
5485	189	0
5486	190	0
5487	188	0
5488	187	0
5489	185	0
5490	185	0
5491	185	0
5492	187	0
5493	189	0
5494	189	0
5495	189	0
5496	187	0
5497	185	0
5498	184	0
5499	184	0
5500	186	0
5501	188	0
5502	189	0
5503	190	0
5504	189	0
5505	186	0
5506	185	0
5507	184	0
5508	185	0
5509	187	0
5510	189	0
5511	189	0
5512	189	0
5513	187	0
5514	185	0
5515	185	0
5516	184	0
5517	185	0
5518	187	0
5519	189	0
5520	189	0
5521	189	0
5522	187	0
5523	185	0
5524	184	0
5525	185	0
5526	186	0
5527	189	0
5528	189	0
5529	190	0
5530	187	0
5531	186	0
5532	185	0
5533	184	0
5534	185	0
5535	187	0
5536	189	0
5537	190	0
5538	189	0
5539	188	0
5540	186	0
5541	184	0
5542	185	0
5543	186	0
5544	188	0
5545	190	0
5546	190	0
5547	189	0
5548	187	0
5549	185	0
5550	184	0
5551	185	0
5552	187	0
5553	189	0
5554	189	0
5555	189	0
5556	188	0
5557	186	0
5558	184	0
5559	184	0
5560	185	0
5561	188	0
5562	189	0
5563	190	0
5564	190	0
5565	188	0
5566	186	0
5567	184	0
5568	185	0
5569	186	0
5570	188	0
5571	190	0
5572	190	0
5573	189	0
5574	187	0
5575	186	0
5576	184	0
5577	185	0
5578	188	0
5579	189	0
5580	190	0
5581	190	0
5582	189	0
5583	188	0
5584	184	0
5585	183	0
5586	183	0
5587	186	0
5588	187	0
5589	189	0
5590	188	0
5591	186	0
5592	185	0
5593	182	0
5594	182	0
5595	182	0
5596	132	0
5597	66	0
5598	52	0
5599	50	0
5600	48	0
5601	46	0
5602	46	0
5603	48	0
5604	49	0
5605	48	0
5606	50	0
5607	49	0
5608	49	0
5609	49	0
5610	49	0
5611	48	0
5612	49	0
5613	48	0
5614	49	0
5615	49	0
5616	49	0
5617	49	0
5618	48	0
5619	48	0
5620	49	0
5621	48	0
5622	49	0
5623	49	0
5624	49	0
5625	49	0
5626	48	0
5627	49	0
5628	49	0
5629	48	0
5630	48	0
5631	48	0
5632	49	0
5633	49	0
5634	49	0
5635	49	0
5636	48	0
5637	49	0
5638	49	0
5639	48	0
5640	49	0
5641	49	0
5642	48	0
5643	48	0
5644	48	0
5645	49	0
5646	49	0
5647	48	0
5648	49	0
5649	49	0
5650	48	0
5651	49	0
5652	49	0
5653	48	0
5654	48	0
5655	48	0
5656	49	0
5657	49	0
5658	48	0
5659	48	0
5660	49	0
5661	49	0
5662	49	0
5663	49	0
5664	49	0
5665	49	0
5666	49	0
5667	49	0
5668	49	0
5669	49	0
5670	49	0
5671	48	0
5672	49	0
5673	49	0
5674	48	0
5675	48	0
5676	49	0
5677	49	0
5678	48	0
5679	49	0
5680	48	0
5681	48	0
5682	48	0
5683	48	0
5684	48	0
5685	48	0
5686	49	0
5687	49	0
5688	49	0
5689	49	0
5690	48	0
5691	49	0
5692	49	0
5693	49	0
5694	48	0
5695	49	0
5696	49	0
5697	48	0
5698	49	0
5699	49	0
5700	49	0
5701	49	0
5702	49	0
5703	49	0
5704	49	0
5705	49	0
5706	48	0
5707	49	0
5708	49	0
5709	48	0
5710	48	0
5711	48	0
5712	49	0
5713	49	0
5714	49	0
5715	52	0
5716	101	0
5717	142	0
5718	177	0
5719	197	0
5720	197	0
5721	194	0
5722	193	0
5723	192	0
5724	190	0
5725	191	0
5726	193	0
5727	194	0
5728	194	0
5729	193	0
5730	192	0
5731	190	0
5732	190	0
5733	189	0
5734	190	0
5735	192	0
5736	193	0
5737	192	0
5738	193	0
5739	191	0
5740	190	0
5741	188	0
5742	187	0
5743	188	0
5744	190	0
5745	190	0
5746	192	0
5747	192	0
5748	190	0
5749	189	0
5750	187	0
5751	187	0
5752	187	0
5753	189	0
5754	190	0
5755	193	0
5756	192	0
5757	193	0
5758	190	0
5759	189	0
5760	189	0
5761	188	0
5762	189	0
5763	191	0
5764	193	0
5765	194	0
5766	194	0
5767	193	0
5768	190	0
5769	190	0
5770	188	0
5771	189	0
5772	190	0
5773	192	0
5774	192	0
5775	193	0
5776	192	0
5777	190	0
5778	189	0
5779	187	0
5780	188	0
5781	190	0
5782	192	0
5783	193	0
5784	192	0
5785	192	0
5786	189	0
5787	189	0
5788	187	0
5789	188	0
5790	190	0
5791	193	0
5792	192	0
5793	191	0
5794	190	0
5795	188	0
5796	187	0
5797	187	0
5798	189	0
5799	190	0
5800	191	0
5801	192	0
5802	190	0
5803	189	0
5804	187	0
5805	186	0
5806	189	0
5807	189	0
5808	190	0
5809	190	0
5810	190	0
5811	188	0
5812	187	0
5813	185	0
5814	187	0
5815	188	0
5816	190	0
5817	190	0
5818	190	0
5819	189	0
5820	187	0
5821	186	0
5822	186	0
5823	188	0
5824	189	0
5825	190	0
5826	190	0
5827	189	0
5828	187	0
5829	186	0
5830	186	0
5831	187	0
5832	190	0
5833	190	0
5834	190	0
5835	189	0
5836	187	0
5837	187	0
5838	186	0
5839	188	0
5840	190	0
5841	190	0
5842	190	0
5843	190	0
5844	189	0
5845	187	0
5846	186	0
5847	187	0
5848	189	0
5849	190	0
5850	191	0
5851	190	0
5852	189	0
5853	187	0
5854	187	0
5855	187	0
5856	189	0
5857	190	0
5858	190	0
5859	190	0
5860	189	0
5861	187	0
5862	187	0
5863	187	0
5864	189	0
5865	190	0
5866	191	0
5867	190	0
5868	190	0
5869	188	0
5870	186	0
5871	186	0
5872	188	0
5873	190	0
5874	190	0
5875	190	0
5876	189	0
5877	188	0
5878	187	0
5879	186	0
5880	187	0
5881	189	0
5882	190	0
5883	190	0
5884	190	0
5885	189	0
5886	187	0
5887	186	0
5888	186	0
5889	188	0
5890	190	0
5891	190	0
5892	190	0
5893	189	0
5894	187	0
5895	185	0
5896	185	0
5897	187	0
5898	189	0
5899	190	0
5900	190	0
5901	189	0
5902	188	0
5903	186	0
5904	185	0
5905	186	0
5906	188	0
5907	190	0
5908	190	0
5909	190	0
5910	188	0
5911	187	0
5912	185	0
5913	185	0
5914	187	0
5915	189	0
5916	190	0
5917	190	0
5918	189	0
5919	187	0
5920	185	0
5921	184	0
5922	186	0
5923	189	0
5924	190	0
5925	190	0
5926	190	0
5927	187	0
5928	186	0
5929	185	0
5930	185	0
5931	187	0
5932	189	0
5933	190	0
5934	190	0
5935	189	0
5936	186	0
5937	185	0
5938	185	0
5939	186	0
5940	189	0
5941	190	0
5942	190	0
5943	189	0
5944	188	0
5945	185	0
5946	185	0
5947	185	0
5948	188	0
5949	189	0
5950	190	0
5951	189	0
5952	188	0
5953	186	0
5954	184	0
5955	185	0
5956	187	0
5957	189	0
5958	190	0
5959	190	0
5960	189	0
5961	187	0
5962	185	0
5963	185	0
5964	186	0
5965	188	0
5966	190	0
5967	190	0
5968	189	0
5969	187	0
5970	186	0
5971	185	0
5972	185	0
5973	187	0
5974	189	0
5975	190	0
5976	190	0
5977	187	0
5978	186	0
5979	184	0
5980	185	0
5981	186	0
5982	189	0
5983	189	0
5984	189	0
5985	188	0
5986	186	0
5987	185	0
5988	185	0
5989	186	0
5990	188	0
5991	190	0
5992	190	0
5993	189	0
5994	187	0
5995	186	0
5996	185	0
5997	186	0
5998	187	0
5999	188	0
6000	190	0
6001	190	0
6002	188	0
6003	186	0
6004	185	0
6005	185	0
6006	186	0
6007	189	0
6008	190	0
6009	190	0
6010	189	0
6011	187	0
6012	185	0
6013	185	0
6014	186	0
6015	188	0
6016	190	0
6017	190	0
6018	189	0
6019	187	0
6020	186	0
6021	184	0
6022	185	0
6023	187	0
6024	189	0
6025	190	0
6026	190	0
6027	188	0
6028	186	0
6029	185	0
6030	185	0
6031	186	0
6032	188	0
6033	190	0
6034	190	0
6035	189	0
6036	187	0
6037	185	0
6038	185	0
6039	186	0
6040	188	0
6041	190	0
6042	190	0
6043	190	0
6044	188	0
6045	186	0
6046	185	0
6047	185	0
6048	186	0
6049	189	0
6050	190	0
6051	189	0
6052	188	0
6053	186	0
6054	185	0
6055	185	0
6056	186	0
6057	188	0
6058	189	0
6059	189	0
6060	188	0
6061	186	0
6062	185	0
6063	184	0
6064	185	0
6065	187	0
6066	189	0
6067	189	0
6068	189	0
6069	187	0
6070	185	0
6071	184	0
6072	185	0
6073	185	0
6074	187	0
6075	189	0
6076	189	0
6077	187	0
6078	185	0
6079	184	0
6080	184	0
6081	185	0
6082	186	0
6083	188	0
6084	189	0
6085	189	0
6086	187	0
6087	185	0
6088	184	0
6089	184	0
6090	185	0
6091	187	0
6092	189	0
6093	189	0
6094	188	0
6095	186	0
6096	185	0
6097	183	0
6098	184	0
6099	186	0
6100	189	0
6101	190	0
6102	189	0
6103	189	0
6104	187	0
6105	185	0
6106	184	0
6107	185	0
6108	187	0
6109	189	0
6110	190	0
6111	190	0
6112	188	0
6113	186	0
6114	185	0
6115	185	0
6116	186	0
6117	188	0
6118	190	0
6119	190	0
6120	190	0
6121	188	0
6122	186	0
6123	185	0
6124	185	0
6125	187	0
6126	189	0
6127	190	0
6128	190	0
6129	189	0
6130	187	0
6131	186	0
6132	185	0
6133	186	0
6134	187	0
6135	190	0
6136	190	0
6137	190	0
6138	189	0
6139	187	0
6140	186	0
6141	185	0
6142	186	0
6143	188	0
6144	190	0
6145	190	0
6146	190	0
6147	189	0
6148	186	0
6149	185	0
6150	185	0
6151	186	0
6152	189	0
6153	190	0
6154	190	0
6155	189	0
6156	188	0
6157	186	0
6158	185	0
6159	185	0
6160	187	0
6161	189	0
6162	190	0
6163	190	0
6164	189	0
6165	186	0
6166	185	0
6167	185	0
6168	186	0
6169	189	0
6170	190	0
6171	190	0
6172	189	0
6173	187	0
6174	186	0
6175	185	0
6176	185	0
6177	188	0
6178	189	0
6179	190	0
6180	190	0
6181	188	0
6182	186	0
6183	185	0
6184	185	0
6185	185	0
6186	187	0
6187	190	0
6188	190	0
6189	189	0
6190	187	0
6191	185	0
6192	185	0
6193	185	0
6194	187	0
6195	189	0
6196	189	0
6197	189	0
6198	189	0
6199	186	0
6200	185	0
6201	185	0
6202	186	0
6203	187	0
6204	189	0
6205	190	0
6206	189	0
6207	187	0
6208	185	0
6209	185	0
6210	185	0
6211	187	0
6212	189	0
6213	190	0
6214	190	0
6215	188	0
6216	186	0
6217	185	0
6218	184	0
6219	185	0
6220	187	0
6221	189	0
6222	190	0
6223	189	0
6224	187	0
6225	185	0
6226	184	0
6227	185	0
6228	187	0
6229	188	0
6230	189	0
6231	190	0
6232	189	0
6233	186	0
6234	185	0
6235	185	0
6236	186	0
6237	187	0
6238	189	0
6239	190	0
6240	189	0
6241	187	0
6242	186	0
6243	185	0
6244	185	0
6245	186	0
6246	188	0
6247	190	0
6248	190	0
6249	189	0
6250	187	0
6251	185	0
6252	185	0
6253	186	0
6254	188	0
6255	189	0
6256	190	0
6257	189	0
6258	188	0
6259	186	0
6260	185	0
6261	185	0
6262	186	0
6263	189	0
6264	190	0
6265	190	0
6266	189	0
6267	187	0
6268	185	0
6269	185	0
6270	185	0
6271	188	0
6272	189	0
6273	190	0
6274	189	0
6275	188	0
6276	186	0
6277	185	0
6278	185	0
6279	186	0
6280	188	0
6281	190	0
6282	190	0
6283	188	0
6284	187	0
6285	185	0
6286	185	0
6287	185	0
6288	187	0
6289	189	0
6290	190	0
6291	189	0
6292	188	0
6293	186	0
6294	184	0
6295	185	0
6296	186	0
6297	188	0
6298	190	0
6299	190	0
6300	189	0
6301	187	0
6302	185	0
6303	184	0
6304	185	0
6305	187	0
6306	189	0
6307	190	0
6308	189	0
6309	188	0
6310	185	0
6311	185	0
6312	185	0
6313	186	0
6314	189	0
6315	190	0
6316	189	0
6317	189	0
6318	187	0
6319	185	0
6320	185	0
6321	186	0
6322	187	0
6323	189	0
6324	190	0
6325	189	0
6326	187	0
6327	186	0
6328	184	0
6329	185	0
6330	187	0
6331	188	0
6332	189	0
6333	190	0
6334	188	0
6335	186	0
6336	185	0
6337	185	0
6338	186	0
6339	187	0
6340	190	0
6341	189	0
6342	189	0
6343	187	0
6344	185	0
6345	185	0
6346	186	0
6347	186	0
6348	189	0
6349	190	0
6350	190	0
6351	189	0
6352	186	0
6353	185	0
6354	185	0
6355	186	0
6356	189	0
6357	189	0
6358	190	0
6359	189	0
6360	187	0
6361	185	0
6362	185	0
6363	185	0
6364	187	0
6365	189	0
6366	190	0
6367	189	0
6368	188	0
6369	186	0
6370	184	0
6371	184	0
6372	186	0
6373	188	0
6374	190	0
6375	190	0
6376	189	0
6377	187	0
6378	185	0
6379	184	0
6380	185	0
6381	187	0
6382	189	0
6383	190	0
6384	189	0
6385	188	0
6386	186	0
6387	184	0
6388	185	0
6389	187	0
6390	188	0
6391	190	0
6392	190	0
6393	189	0
6394	187	0
6395	186	0
6396	184	0
6397	186	0
6398	188	0
6399	189	0
6400	190	0
6401	189	0
6402	187	0
6403	185	0
6404	185	0
6405	185	0
6406	187	0
6407	189	0
6408	190	0
6409	189	0
6410	189	0
6411	186	0
6412	185	0
6413	185	0
6414	186	0
6415	188	0
6416	190	0
6417	190	0
6418	189	0
6419	187	0
6420	185	0
6421	185	0
6422	185	0
6423	187	0
6424	189	0
6425	190	0
6426	189	0
6427	187	0
6428	186	0
6429	185	0
6430	185	0
6431	186	0
6432	188	0
6433	189	0
6434	190	0
6435	189	0
6436	187	0
6437	185	0
6438	184	0
6439	185	0
6440	186	0
6441	188	0
6442	189	0
6443	190	0
6444	188	0
6445	186	0
6446	184	0
6447	185	0
6448	186	0
6449	187	0
6450	189	0
6451	189	0
6452	189	0
6453	186	0
6454	185	0
6455	184	0
6456	185	0
6457	187	0
6458	189	0
6459	190	0
6460	189	0
6461	188	0
6462	186	0
6463	184	0
6464	185	0
6465	185	0
6466	187	0
6467	189	0
6468	190	0
6469	189	0
6470	187	0
6471	185	0
6472	184	0
6473	185	0
6474	186	0
6475	188	0
6476	189	0
6477	189	0
6478	188	0
6479	186	0
6480	185	0
6481	184	0
6482	185	0
6483	187	0
6484	189	0
6485	189	0
6486	189	0
6487	187	0
6488	185	0
6489	185	0
6490	185	0
6491	186	0
6492	187	0
6493	190	0
6494	190	0
6495	189	0
6496	187	0
6497	185	0
6498	184	0
6499	185	0
6500	187	0
6501	189	0
6502	190	0
6503	190	0
6504	188	0
6505	186	0
6506	185	0
6507	184	0
6508	185	0
6509	187	0
6510	189	0
6511	190	0
6512	189	0
6513	188	0
6514	185	0
6515	185	0
6516	185	0
6517	185	0
6518	188	0
6519	190	0
6520	190	0
6521	189	0
6522	186	0
6523	185	0
6524	184	0
6525	185	0
6526	186	0
6527	189	0
6528	190	0
6529	190	0
6530	189	0
6531	187	0
6532	185	0
6533	185	0
6534	185	0
6535	188	0
6536	190	0
6537	190	0
6538	189	0
6539	186	0
6540	185	0
6541	184	0
6542	183	0
6543	185	0
6544	186	0
6545	187	0
6546	189	0
6547	188	0
6548	186	0
6549	184	0
6550	153	0
6551	73	0
6552	51	0
6553	48	0
6554	46	0
6555	46	0
6556	46	0
6557	49	0
6558	49	0
6559	51	0
6560	50	0
6561	49	0
6562	50	0
6563	49	0
6564	48	0
6565	49	0
6566	48	0
6567	49	0
6568	49	0
6569	49	0
6570	48	0
6571	49	0
6572	49	0
6573	49	0
6574	49	0
6575	48	0
6576	48	0
6577	49	0
6578	49	0
6579	49	0
6580	48	0
6581	48	0
6582	49	0
6583	48	0
6584	48	0
6585	49	0
6586	49	0
6587	49	0
6588	49	0
6589	49	0
6590	48	0
6591	48	0
6592	49	0
6593	48	0
6594	49	0
6595	49	0
6596	48	0
6597	49	0
6598	48	0
6599	49	0
6600	49	0
6601	49	0
6602	49	0
6603	49	0
6604	48	0
6605	48	0
6606	49	0
6607	48	0
6608	48	0
6609	49	0
6610	49	0
6611	48	0
6612	49	0
6613	49	0
6614	48	0
6615	48	0
6616	48	0
6617	49	0
6618	48	0
6619	49	0
6620	49	0
6621	49	0
6622	48	0
6623	48	0
6624	48	0
6625	48	0
6626	48	0
6627	49	0
6628	49	0
6629	49	0
6630	49	0
6631	49	0
6632	48	0
6633	49	0
6634	48	0
6635	49	0
6636	48	0
6637	49	0
6638	49	0
6639	48	0
6640	49	0
6641	48	0
6642	49	0
6643	49	0
6644	49	0
6645	49	0
6646	49	0
6647	49	0
6648	49	0
6649	49	0
6650	48	0
6651	49	0
6652	48	0
6653	49	0
6654	49	0
6655	49	0
6656	49	0
6657	49	0
6658	49	0
6659	49	0
6660	48	0
6661	49	0
6662	49	0
6663	49	0
6664	49	0
6665	48	0
6666	49	0
6667	48	0
6668	48	0
6669	50	0
6670	100	0
6671	134	0
6672	163	0
6673	194	0
6674	196	0
6675	197	0
6676	195	0
6677	193	0
6678	192	0
6679	190	0
6680	190	0
6681	190	0
6682	192	0
6683	194	0
6684	194	0
6685	193	0
6686	191	0
6687	190	0
6688	190	0
6689	189	0
6690	190	0
6691	192	0
6692	192	0
6693	193	0
6694	192	0
6695	190	0
6696	189	0
6697	187	0
6698	187	0
6699	188	0
6700	190	0
6701	190	0
6702	191	0
6703	192	0
6704	190	0
6705	189	0
6706	187	0
6707	186	0
6708	188	0
6709	189	0
6710	190	0
6711	193	0
6712	193	0
6713	193	0
6714	190	0
6715	190	0
6716	189	0
6717	188	0
6718	189	0
6719	191	0
6720	192	0
6721	194	0
6722	193	0
6723	193	0
6724	190	0
6725	189	0
6726	188	0
6727	189	0
6728	190	0
6729	193	0
6730	193	0
6731	193	0
6732	192	0
6733	190	0
6734	189	0
6735	187	0
6736	189	0
6737	190	0
6738	192	0
6739	193	0
6740	192	0
6741	190	0
6742	189	0
6743	188	0
6744	186	0
6745	189	0
6746	190	0
6747	191	0
6748	192	0
6749	190	0
6750	189	0
6751	188	0
6752	187	0
6753	188	0
6754	189	0
6755	190	0
6756	191	0
6757	191	0
6758	190	0
6759	187	0
6760	187	0
6761	187	0
6762	188	0
6763	190	0
6764	190	0
6765	190	0
6766	189	0
6767	188	0
6768	187	0
6769	186	0
6770	187	0
6771	189	0
6772	190	0
6773	190	0
6774	190	0
6775	188	0
6776	187	0
6777	186	0
6778	186	0
6779	188	0
6780	190	0
6781	190	0
6782	190	0
6783	189	0
6784	187	0
6785	186	0
6786	186	0
6787	189	0
6788	190	0
6789	190	0
6790	190	0
6791	189	0
6792	187	0
6793	186	0
6794	187	0
6795	188	0
6796	190	0
6797	190	0
6798	190	0
6799	190	0
6800	188	0
6801	187	0
6802	186	0
6803	188	0
6804	190	0
6805	190	0
6806	190	0
6807	190	0
6808	189	0
6809	187	0
6810	187	0
6811	187	0
6812	190	0
6813	190	0
6814	190	0
6815	190	0
6816	189	0
6817	187	0
6818	187	0
6819	188	0
6820	190	0
6821	190	0
6822	191	0
6823	190	0
6824	190	0
6825	187	0
6826	187	0
6827	187	0
6828	189	0
6829	190	0
6830	192	0
6831	191	0
6832	190	0
6833	188	0
6834	187	0
6835	188	0
6836	189	0
6837	190	0
6838	190	0
6839	192	0
6840	190	0
6841	189	0
6842	187	0
6843	187	0
6844	189	0
6845	190	0
6846	190	0
6847	191	0
6848	190	0
6849	189	0
6850	187	0
6851	186	0
6852	187	0
6853	189	0
6854	190	0
6855	190	0
6856	190	0
6857	189	0
6858	187	0
6859	186	0
6860	186	0
6861	187	0
6862	190	0
6863	190	0
6864	190	0
6865	189	0
6866	187	0
6867	186	0
6868	185	0
6869	187	0
6870	188	0
6871	190	0
6872	190	0
6873	190	0
6874	188	0
6875	186	0
6876	185	0
6877	185	0
6878	187	0
6879	189	0
6880	190	0
6881	190	0
6882	187	0
6883	186	0
6884	185	0
6885	185	0
6886	186	0
6887	189	0
6888	190	0
6889	190	0
6890	189	0
6891	187	0
6892	185	0
6893	185	0
6894	185	0
6895	188	0
6896	189	0
6897	190	0
6898	189	0
6899	188	0
6900	186	0
6901	185	0
6902	185	0
6903	186	0
6904	189	0
6905	190	0
6906	190	0
6907	188	0
6908	186	0
6909	185	0
6910	185	0
6911	186	0
6912	187	0
6913	190	0
6914	190	0
6915	189	0
6916	188	0
6917	186	0
6918	185	0
6919	185	0
6920	187	0
6921	189	0
6922	190	0
6923	190	0
6924	187	0
6925	186	0
6926	185	0
6927	185	0
6928	186	0
6929	189	0
6930	190	0
6931	190	0
6932	188	0
6933	187	0
6934	185	0
6935	185	0
6936	185	0
6937	188	0
6938	189	0
6939	190	0
6940	189	0
6941	187	0
6942	185	0
6943	185	0
6944	185	0
6945	187	0
6946	189	0
6947	189	0
6948	190	0
6949	188	0
6950	186	0
6951	184	0
6952	185	0
6953	187	0
6954	188	0
6955	190	0
6956	190	0
6957	189	0
6958	186	0
6959	185	0
6960	185	0
6961	185	0
6962	187	0
6963	189	0
6964	190	0
6965	189	0
6966	187	0
6967	185	0
6968	185	0
6969	186	0
6970	187	0
6971	189	0
6972	190	0
6973	189	0
6974	188	0
6975	186	0
6976	185	0
6977	185	0
6978	186	0
6979	188	0
6980	190	0
6981	190	0
6982	188	0
6983	187	0
6984	185	0
6985	184	0
6986	185	0
6987	188	0
6988	189	0
6989	190	0
6990	189	0
6991	187	0
6992	185	0
6993	185	0
6994	186	0
6995	187	0
6996	189	0
6997	189	0
6998	189	0
6999	188	0
7000	186	0
7001	184	0
7002	185	0
7003	186	0
7004	188	0
7005	190	0
7006	190	0
7007	189	0
7008	187	0
7009	185	0
7010	185	0
7011	185	0
7012	187	0
7013	189	0
7014	190	0
7015	189	0
7016	187	0
7017	185	0
7018	185	0
7019	185	0
7020	186	0
7021	189	0
7022	189	0
7023	189	0
7024	187	0
7025	186	0
7026	184	0
7027	184	0
7028	185	0
7029	187	0
7030	189	0
7031	189	0
7032	188	0
7033	186	0
7034	184	0
7035	184	0
7036	184	0
7037	185	0
7038	188	0
7039	189	0
7040	189	0
7041	187	0
7042	185	0
7043	184	0
7044	183	0
7045	184	0
7046	187	0
7047	188	0
7048	189	0
7049	189	0
7050	187	0
7051	184	0
7052	185	0
7053	183	0
7054	185	0
7055	187	0
7056	189	0
7057	190	0
7058	189	0
7059	187	0
7060	184	0
7061	183	0
7062	185	0
7063	186	0
7064	189	0
7065	190	0
7066	190	0
7067	189	0
7068	187	0
7069	185	0
7070	185	0
7071	185	0
7072	187	0
7073	189	0
7074	190	0
7075	190	0
7076	189	0
7077	186	0
7078	185	0
7079	185	0
7080	186	0
7081	188	0
7082	190	0
7083	190	0
7084	189	0
7085	188	0
7086	186	0
7087	185	0
7088	185	0
7089	187	0
7090	189	0
7091	190	0
7092	190	0
7093	189	0
7094	187	0
7095	185	0
7096	185	0
7097	185	0
7098	187	0
7099	189	0
7100	190	0
7101	190	0
7102	189	0
7103	186	0
7104	185	0
7105	185	0
7106	186	0
7107	187	0
7108	190	0
7109	190	0
7110	189	0
7111	188	0
7112	186	0
7113	185	0
7114	185	0
7115	186	0
7116	189	0
7117	190	0
7118	190	0
7119	189	0
7120	187	0
7121	185	0
7122	184	0
7123	186	0
7124	188	0
7125	189	0
7126	190	0
7127	189	0
7128	187	0
7129	185	0
7130	185	0
7131	185	0
7132	186	0
7133	188	0
7134	190	0
7135	190	0
7136	189	0
7137	187	0
7138	185	0
7139	185	0
7140	185	0
7141	187	0
7142	189	0
7143	190	0
7144	189	0
7145	187	0
7146	185	0
7147	185	0
7148	185	0
7149	186	0
7150	188	0
7151	189	0
7152	190	0
7153	189	0
7154	187	0
7155	185	0
7156	184	0
7157	186	0
7158	187	0
7159	189	0
7160	189	0
7161	189	0
7162	188	0
7163	186	0
7164	185	0
7165	185	0
7166	186	0
7167	188	0
7168	190	0
7169	190	0
7170	189	0
7171	187	0
7172	186	0
7173	184	0
7174	184	0
7175	187	0
7176	189	0
7177	190	0
7178	190	0
7179	188	0
7180	186	0
7181	185	0
7182	184	0
7183	185	0
7184	188	0
7185	189	0
7186	189	0
7187	188	0
7188	187	0
7189	185	0
7190	184	0
7191	184	0
7192	187	0
7193	189	0
7194	190	0
7195	189	0
7196	188	0
7197	186	0
7198	185	0
7199	185	0
7200	186	0
7201	187	0
7202	190	0
7203	190	0
7204	189	0
7205	187	0
7206	185	0
7207	185	0
7208	185	0
7209	187	0
7210	189	0
7211	190	0
7212	189	0
7213	188	0
7214	186	0
7215	184	0
7216	185	0
7217	186	0
7218	188	0
7219	189	0
7220	190	0
7221	189	0
7222	187	0
7223	185	0
7224	184	0
7225	185	0
7226	187	0
7227	188	0
7228	190	0
7229	189	0
7230	188	0
7231	186	0
7232	185	0
7233	184	0
7234	186	0
7235	188	0
7236	190	0
7237	190	0
7238	189	0
7239	187	0
7240	185	0
7241	185	0
7242	185	0
7243	187	0
7244	189	0
7245	189	0
7246	189	0
7247	189	0
7248	186	0
7249	185	0
7250	185	0
7251	185	0
7252	188	0
7253	190	0
7254	190	0
7255	189	0
7256	187	0
7257	185	0
7258	185	0
7259	185	0
7260	187	0
7261	188	0
7262	189	0
7263	189	0
7264	188	0
7265	187	0
7266	185	0
7267	184	0
7268	186	0
7269	188	0
7270	189	0
7271	189	0
7272	189	0
7273	187	0
7274	185	0
7275	185	0
7276	184	0
7277	187	0
7278	189	0
7279	190	0
7280	189	0
7281	188	0
7282	186	0
7283	184	0
7284	185	0
7285	186	0
7286	188	0
7287	190	0
7288	190	0
7289	189	0
7290	187	0
7291	185	0
7292	184	0
7293	185	0
7294	187	0
7295	189	0
7296	190	0
7297	189	0
7298	188	0
7299	186	0
7300	184	0
7301	185	0
7302	186	0
7303	188	0
7304	190	0
7305	190	0
7306	189	0
7307	186	0
7308	185	0
7309	185	0
7310	185	0
7311	187	0
7312	189	0
7313	190	0
7314	189	0
7315	187	0
7316	185	0
7317	184	0
7318	184	0
7319	186	0
7320	188	0
7321	190	0
7322	190	0
7323	188	0
7324	187	0
7325	185	0
7326	184	0
7327	185	0
7328	187	0
7329	189	0
7330	189	0
7331	189	0
7332	187	0
7333	186	0
7334	185	0
7335	185	0
7336	186	0
7337	189	0
7338	189	0
7339	189	0
7340	188	0
7341	186	0
7342	184	0
7343	184	0
7344	186	0
7345	187	0
7346	189	0
7347	190	0
7348	189	0
7349	187	0
7350	186	0
7351	185	0
7352	186	0
7353	187	0
7354	189	0
7355	190	0
7356	190	0
7357	188	0
7358	186	0
7359	185	0
7360	184	0
7361	186	0
7362	188	0
7363	189	0
7364	189	0
7365	189	0
7366	187	0
7367	185	0
7368	184	0
7369	185	0
7370	187	0
7371	189	0
7372	189	0
7373	189	0
7374	187	0
7375	186	0
7376	185	0
7377	185	0
7378	186	0
7379	188	0
7380	189	0
7381	189	0
7382	188	0
7383	186	0
7384	185	0
7385	184	0
7386	185	0
7387	187	0
7388	189	0
7389	190	0
7390	189	0
7391	187	0
7392	185	0
7393	185	0
7394	185	0
7395	186	0
7396	188	0
7397	189	0
7398	189	0
7399	188	0
7400	186	0
7401	184	0
7402	184	0
7403	184	0
7404	187	0
7405	189	0
7406	189	0
7407	188	0
7408	187	0
7409	185	0
7410	184	0
7411	184	0
7412	186	0
7413	188	0
7414	189	0
7415	189	0
7416	188	0
7417	186	0
7418	185	0
7419	184	0
7420	185	0
7421	187	0
7422	189	0
7423	189	0
7424	189	0
7425	187	0
7426	185	0
7427	184	0
7428	184	0
7429	186	0
7430	187	0
7431	189	0
7432	189	0
7433	188	0
7434	186	0
7435	185	0
7436	184	0
7437	185	0
7438	186	0
7439	188	0
7440	189	0
7441	190	0
7442	188	0
7443	186	0
7444	184	0
7445	184	0
7446	185	0
7447	187	0
7448	189	0
7449	189	0
7450	189	0
7451	187	0
7452	185	0
7453	184	0
7454	185	0
7455	186	0
7456	188	0
7457	189	0
7458	189	0
7459	189	0
7460	187	0
7461	185	0
7462	185	0
7463	185	0
7464	186	0
7465	188	0
7466	190	0
7467	189	0
7468	188	0
7469	186	0
7470	185	0
7471	184	0
7472	185	0
7473	187	0
7474	189	0
7475	189	0
7476	189	0
7477	187	0
7478	186	0
7479	184	0
7480	184	0
7481	185	0
7482	188	0
7483	190	0
7484	190	0
7485	189	0
7486	187	0
7487	186	0
7488	185	0
7489	185	0
7490	187	0
7491	188	0
7492	188	0
7493	189	0
7494	187	0
7495	185	0
7496	184	0
7497	182	0
7498	182	0
7499	185	0
7500	187	0
7501	188	0
7502	188	0
7503	177	0
7504	83	0
7505	46	0
7506	44	0
7507	44	0
7508	46	0
7509	47	0
7510	50	0
7511	51	0
7512	50	0
7513	49	0
7514	49	0
7515	49	0
7516	49	0
7517	48	0
7518	49	0
7519	48	0
7520	48	0
7521	49	0
7522	49	0
7523	48	0
7524	49	0
7525	49	0
7526	49	0
7527	49	0
7528	49	0
7529	49	0
7530	49	0
7531	48	0
7532	49	0
7533	49	0
7534	49	0
7535	49	0
7536	49	0
7537	48	0
7538	49	0
7539	49	0
7540	49	0
7541	49	0
7542	49	0
7543	48	0
7544	48	0
7545	48	0
7546	49	0
7547	49	0
7548	49	0
7549	49	0
7550	48	0
7551	48	0
7552	49	0
7553	49	0
7554	49	0
7555	48	0
7556	49	0
7557	49	0
7558	49	0
7559	48	0
7560	49	0
7561	49	0
7562	49	0
7563	49	0
7564	48	0
7565	48	0
7566	49	0
7567	49	0
7568	48	0
7569	49	0
7570	49	0
7571	48	0
7572	49	0
7573	49	0
7574	49	0
7575	48	0
7576	49	0
7577	49	0
7578	49	0
7579	49	0
7580	49	0
7581	49	0
7582	48	0
7583	49	0
7584	49	0
7585	49	0
7586	49	0
7587	49	0
7588	49	0
7589	49	0
7590	49	0
7591	48	0
7592	49	0
7593	49	0
7594	49	0
7595	49	0
7596	49	0
7597	48	0
7598	49	0
7599	49	0
7600	49	0
7601	49	0
7602	49	0
7603	49	0
7604	49	0
7605	49	0
7606	49	0
7607	49	0
7608	48	0
7609	49	0
7610	49	0
7611	49	0
7612	49	0
7613	49	0
7614	50	0
7615	48	0
7616	49	0
7617	48	0
7618	48	0
7619	49	0
7620	48	0
7621	49	0
7622	50	0
7623	92	0
7624	126	0
7625	151	0
7626	191	0
7627	195	0
7628	195	0
7629	195	0
7630	195	0
7631	194	0
7632	192	0
7633	190	0
7634	190	0
7635	190	0
7636	191	0
7637	192	0
7638	193	0
7639	193	0
7640	193	0
7641	191	0
7642	190	0
7643	189	0
7644	189	0
7645	190	0
7646	192	0
7647	193	0
7648	193	0
7649	191	0
7650	190	0
7651	189	0
7652	187	0
7653	187	0
7654	188	0
7655	190	0
7656	190	0
7657	192	0
7658	191	0
7659	190	0
7660	189	0
7661	187	0
7662	188	0
7663	189	0
7664	190	0
7665	192	0
7666	192	0
7667	194	0
7668	193	0
7669	190	0
7670	189	0
7671	188	0
7672	189	0
7673	190	0
7674	192	0
7675	192	0
7676	193	0
7677	193	0
7678	191	0
7679	190	0
7680	188	0
7681	188	0
7682	190	0
7683	190	0
7684	192	0
7685	193	0
7686	193	0
7687	190	0
7688	189	0
7689	189	0
7690	187	0
7691	189	0
7692	190	0
7693	192	0
7694	193	0
7695	192	0
7696	190	0
7697	188	0
7698	187	0
7699	187	0
7700	189	0
7701	190	0
7702	192	0
7703	192	0
7704	190	0
7705	189	0
7706	187	0
7707	187	0
7708	188	0
7709	190	0
7710	190	0
7711	191	0
7712	190	0
7713	189	0
7714	187	0
7715	186	0
7716	187	0
7717	188	0
7718	190	0
7719	190	0
7720	190	0
7721	189	0
7722	187	0
7723	186	0
7724	186	0
7725	187	0
7726	190	0
7727	190	0
7728	190	0
7729	189	0
7730	188	0
7731	187	0
7732	186	0
7733	187	0
7734	189	0
7735	190	0
7736	190	0
7737	190	0
7738	188	0
7739	187	0
7740	187	0
7741	187	0
7742	189	0
7743	190	0
7744	190	0
7745	189	0
7746	188	0
7747	188	0
7748	186	0
7749	187	0
7750	189	0
7751	190	0
7752	191	0
7753	190	0
7754	189	0
7755	188	0
7756	187	0
7757	188	0
7758	189	0
7759	190	0
7760	191	0
7761	191	0
7762	190	0
7763	187	0
7764	187	0
7765	188	0
7766	189	0
7767	190	0
7768	192	0
7769	191	0
7770	190	0
7771	188	0
7772	187	0
7773	189	0
7774	189	0
7775	190	0
7776	192	0
7777	192	0
7778	190	0
7779	189	0
7780	188	0
7781	189	0
7782	189	0
7783	190	0
7784	191	0
7785	192	0
7786	190	0
7787	189	0
7788	188	0
7789	188	0
7790	190	0
7791	190	0
7792	190	0
7793	192	0
7794	191	0
7795	190	0
7796	187	0
7797	187	0
7798	189	0
7799	190	0
7800	190	0
7801	192	0
7802	191	0
7803	190	0
7804	189	0
7805	187	0
7806	189	0
7807	188	0
7808	190	0
7809	191	0
7810	192	0
7811	190	0
7812	189	0
7813	187	0
7814	187	0
7815	189	0
7816	190	0
7817	191	0
7818	191	0
7819	190	0
7820	189	0
7821	187	0
7822	186	0
7823	186	0
7824	189	0
7825	190	0
7826	190	0
7827	190	0
7828	190	0
7829	188	0
7830	187	0
7831	186	0
7832	187	0
7833	189	0
7834	190	0
7835	190	0
7836	190	0
7837	188	0
7838	187	0
7839	186	0
7840	186	0
7841	188	0
7842	190	0
7843	190	0
7844	190	0
7845	188	0
7846	186	0
7847	185	0
7848	186	0
7849	187	0
7850	189	0
7851	190	0
7852	190	0
7853	189	0
7854	187	0
7855	186	0
7856	185	0
7857	187	0
7858	189	0
7859	190	0
7860	190	0
7861	189	0
7862	187	0
7863	185	0
7864	186	0
7865	186	0
7866	189	0
7867	190	0
7868	190	0
7869	190	0
7870	187	0
7871	186	0
7872	185	0
7873	185	0
7874	187	0
7875	189	0
7876	190	0
7877	190	0
7878	188	0
7879	187	0
7880	185	0
7881	185	0
7882	187	0
7883	189	0
7884	190	0
7885	189	0
7886	189	0
7887	187	0
7888	185	0
7889	185	0
7890	186	0
7891	188	0
7892	189	0
7893	190	0
7894	189	0
7895	188	0
7896	186	0
7897	185	0
7898	185	0
7899	187	0
7900	189	0
7901	190	0
7902	190	0
7903	188	0
7904	185	0
7905	185	0
7906	185	0
7907	185	0
7908	188	0
7909	190	0
7910	189	0
7911	189	0
7912	187	0
7913	185	0
7914	184	0
7915	185	0
7916	187	0
7917	189	0
7918	190	0
7919	190	0
7920	187	0
7921	186	0
7922	185	0
7923	185	0
7924	187	0
7925	189	0
7926	190	0
7927	189	0
7928	188	0
7929	187	0
7930	185	0
7931	185	0
7932	186	0
7933	188	0
7934	190	0
7935	190	0
7936	189	0
7937	187	0
7938	186	0
7939	185	0
7940	185	0
7941	187	0
7942	189	0
7943	190	0
7944	189	0
7945	187	0
7946	185	0
7947	185	0
7948	185	0
7949	187	0
7950	189	0
7951	190	0
7952	189	0
7953	188	0
7954	186	0
7955	185	0
7956	185	0
7957	186	0
7958	188	0
7959	189	0
7960	190	0
7961	189	0
7962	187	0
7963	185	0
7964	184	0
7965	186	0
7966	187	0
7967	189	0
7968	189	0
7969	189	0
7970	187	0
7971	185	0
7972	185	0
7973	184	0
7974	186	0
7975	189	0
7976	189	0
7977	189	0
7978	188	0
7979	185	0
7980	184	0
7981	184	0
7982	184	0
7983	187	0
7984	188	0
7985	189	0
7986	188	0
7987	187	0
7988	184	0
7989	184	0
7990	184	0
7991	186	0
7992	187	0
7993	189	0
7994	189	0
7995	187	0
7996	186	0
7997	184	0
7998	183	0
7999	184	0
