Oscilloscope data. 
Time step = 10,00 nS
Voltage step = 3,125 mV
Zero level = 80

N 	Smpl.	Trig

0	93	0
1	165	0
2	197	0
3	198	0
4	199	0
5	200	0
6	201	0
7	200	0
8	200	0
9	198	0
10	195	0
11	187	0
12	119	0
13	87	0
14	86	0
15	86	0
16	89	0
17	91	0
18	92	0
19	93	0
20	91	0
21	93	0
22	92	0
23	92	0
24	91	0
25	91	0
26	91	0
27	91	0
28	91	0
29	91	0
30	91	0
31	91	0
32	91	0
33	91	0
34	91	0
35	91	0
36	91	0
37	91	0
38	91	0
39	91	0
40	91	0
41	91	0
42	91	0
43	91	0
44	91	0
45	91	0
46	91	0
47	91	0
48	91	0
49	91	0
50	91	0
51	91	0
52	91	0
53	91	0
54	91	0
55	91	0
56	91	0
57	91	0
58	91	0
59	91	0
60	91	0
61	91	0
62	91	0
63	91	0
64	91	0
65	91	0
66	91	0
67	91	0
68	91	0
69	91	0
70	91	0
71	91	0
72	91	0
73	91	0
74	91	0
75	91	0
76	91	0
77	91	0
78	91	0
79	91	0
80	91	0
81	91	0
82	90	0
83	91	0
84	91	0
85	90	0
86	91	0
87	91	0
88	91	0
89	91	0
90	91	0
91	91	0
92	91	0
93	91	0
94	90	0
95	91	0
96	91	0
97	91	0
98	91	0
99	91	0
100	91	0
101	91	0
102	91	0
103	91	0
104	91	0
105	91	0
106	90	0
107	91	0
108	91	0
109	91	0
110	91	0
111	91	0
112	91	0
113	91	0
114	91	0
115	91	0
116	91	0
117	91	0
118	91	0
119	91	0
120	91	0
121	91	0
122	91	0
123	90	0
124	91	0
125	91	0
126	91	0
127	91	0
128	91	0
129	91	0
130	91	0
131	91	0
132	91	0
133	91	0
134	90	0
135	91	0
136	91	0
137	91	0
138	91	0
139	90	0
140	91	0
141	91	0
142	91	0
143	91	0
144	91	0
145	91	0
146	91	0
147	91	0
148	91	0
149	91	0
150	91	0
151	91	0
152	91	0
153	91	0
154	91	0
155	91	0
156	91	0
157	91	0
158	91	0
159	91	0
160	91	0
161	91	0
162	91	0
163	91	0
164	91	0
165	91	0
166	91	0
167	91	0
168	91	0
169	91	0
170	91	0
171	91	0
172	91	0
173	91	0
174	91	0
175	91	0
176	91	0
177	91	0
178	91	0
179	91	0
180	91	0
181	91	0
182	91	0
183	91	0
184	91	0
185	91	0
186	91	0
187	91	0
188	91	0
189	91	0
190	91	0
191	91	0
192	91	0
193	91	0
194	91	0
195	91	0
196	91	0
197	91	0
198	91	0
199	91	0
200	91	0
201	91	0
202	91	0
203	91	0
204	91	0
205	91	0
206	91	0
207	91	0
208	91	0
209	91	0
210	90	0
211	91	0
212	91	0
213	91	0
214	91	0
215	91	0
216	91	0
217	91	0
218	91	0
219	90	0
220	91	0
221	91	0
222	91	0
223	91	0
224	91	0
225	91	0
226	90	0
227	91	0
228	91	0
229	91	0
230	91	0
231	91	0
232	91	0
233	91	0
234	91	0
235	91	0
236	91	0
237	91	0
238	91	0
239	91	0
240	91	0
241	91	0
242	91	0
243	91	0
244	91	0
245	91	0
246	91	0
247	91	0
248	91	0
249	91	0
250	91	0
251	91	0
252	91	0
253	91	0
254	91	0
255	91	0
256	91	0
257	91	0
258	91	0
259	91	0
260	91	0
261	91	0
262	91	0
263	91	0
264	91	0
265	91	0
266	91	0
267	91	0
268	91	0
269	91	0
270	91	0
271	91	0
272	91	0
273	91	0
274	91	0
275	91	0
276	91	0
277	91	0
278	91	0
279	91	0
280	91	0
281	91	0
282	91	0
283	91	0
284	91	0
285	91	0
286	91	0
287	91	0
288	91	0
289	91	0
290	91	0
291	90	0
292	91	0
293	91	0
294	91	0
295	91	0
296	91	0
297	91	0
298	91	0
299	91	0
300	91	0
301	91	0
302	90	0
303	92	0
304	91	0
305	91	0
306	91	0
307	91	0
308	91	0
309	91	0
310	91	0
311	91	0
312	91	0
313	91	0
314	91	0
315	91	0
316	91	0
317	91	0
318	91	0
319	91	0
320	91	0
321	91	0
322	91	0
323	91	0
324	91	0
325	91	0
326	91	0
327	91	0
328	91	0
329	91	0
330	91	0
331	91	0
332	91	0
333	91	0
334	91	0
335	91	0
336	91	0
337	91	0
338	91	0
339	91	0
340	91	0
341	91	0
342	91	0
343	91	0
344	91	0
345	91	0
346	91	0
347	91	0
348	91	0
349	91	0
350	91	0
351	91	0
352	91	0
353	91	0
354	91	0
355	91	0
356	91	0
357	91	0
358	91	0
359	91	0
360	91	0
361	91	0
362	91	0
363	91	0
364	91	0
365	91	0
366	90	0
367	91	0
368	91	0
369	91	0
370	91	0
371	91	0
372	92	0
373	91	0
374	91	0
375	91	0
376	91	0
377	91	0
378	92	0
379	91	0
380	91	0
381	91	0
382	91	0
383	91	0
384	91	0
385	91	0
386	91	0
387	91	0
388	91	0
389	91	0
390	91	0
391	91	0
392	91	0
393	91	0
394	91	0
395	91	0
396	91	0
397	91	0
398	91	0
399	91	0
400	91	0
401	91	0
402	91	0
403	91	0
404	91	0
405	91	0
406	91	0
407	91	0
408	91	0
409	91	0
410	91	0
411	91	0
412	91	0
413	91	0
414	91	0
415	91	0
416	91	0
417	91	0
418	91	0
419	91	0
420	91	0
421	91	0
422	91	0
423	91	0
424	91	0
425	91	0
426	91	0
427	91	0
428	91	0
429	91	0
430	91	0
431	91	0
432	91	0
433	91	0
434	91	0
435	91	0
436	91	0
437	91	0
438	91	0
439	91	0
440	91	0
441	91	0
442	91	0
443	91	0
444	91	0
445	91	0
446	91	0
447	91	0
448	91	0
449	91	0
450	91	0
451	91	0
452	91	0
453	91	0
454	91	0
455	91	0
456	91	0
457	91	0
458	91	0
459	91	0
460	91	0
461	91	0
462	91	0
463	91	0
464	91	0
465	91	0
466	91	0
467	91	0
468	91	0
469	91	0
470	91	0
471	91	0
472	91	0
473	91	0
474	91	0
475	91	0
476	91	0
477	91	0
478	91	0
479	91	0
480	91	0
481	91	0
482	91	0
483	91	0
484	92	0
485	91	0
486	91	0
487	91	0
488	91	0
489	91	0
490	91	0
491	91	0
492	91	0
493	91	0
494	91	0
495	91	0
496	91	0
497	90	0
498	91	0
499	91	0
500	91	0
501	91	0
502	91	0
503	91	0
504	91	0
505	91	0
506	91	0
507	91	0
508	91	0
509	91	0
510	91	0
511	91	0
512	91	0
513	91	0
514	91	0
515	91	0
516	91	0
517	91	0
518	91	0
519	91	0
520	91	0
521	91	0
522	91	0
523	91	0
524	91	0
525	91	0
526	91	0
527	91	0
528	91	0
529	91	0
530	91	0
531	91	0
532	91	0
533	91	0
534	91	0
535	91	0
536	91	0
537	91	0
538	91	0
539	91	0
540	91	0
541	91	0
542	91	0
543	91	0
544	91	0
545	91	0
546	91	0
547	91	0
548	91	0
549	91	0
550	91	0
551	91	0
552	91	0
553	91	0
554	91	0
555	91	0
556	91	0
557	91	0
558	91	0
559	92	0
560	91	0
561	91	0
562	91	0
563	91	0
564	91	0
565	91	0
566	91	0
567	91	0
568	91	0
569	91	0
570	91	0
571	91	0
572	91	0
573	91	0
574	91	0
575	91	0
576	91	0
577	91	0
578	91	0
579	91	0
580	91	0
581	91	0
582	91	0
583	91	0
584	91	0
585	92	0
586	91	0
587	91	0
588	91	0
589	91	0
590	91	0
591	91	0
592	91	0
593	91	0
594	90	0
595	91	0
596	91	0
597	91	0
598	91	0
599	91	0
600	91	0
601	91	0
602	91	0
603	91	0
604	91	0
605	91	0
606	91	0
607	91	0
608	91	0
609	91	0
610	91	0
611	91	0
612	91	0
613	91	0
614	91	0
615	91	0
616	91	0
617	91	0
618	91	0
619	91	0
620	91	0
621	91	0
622	91	0
623	91	0
624	91	0
625	91	0
626	91	0
627	91	0
628	91	0
629	91	0
630	91	0
631	91	0
632	91	0
633	91	0
634	91	0
635	91	0
636	91	0
637	91	0
638	91	0
639	91	0
640	91	0
641	91	0
642	91	0
643	91	0
644	91	0
645	91	0
646	91	0
647	91	0
648	91	0
649	91	0
650	91	0
651	91	0
652	91	0
653	91	0
654	91	0
655	91	0
656	91	0
657	91	0
658	91	0
659	91	0
660	91	0
661	91	0
662	91	0
663	91	0
664	91	0
665	91	0
666	91	0
667	91	0
668	91	0
669	91	0
670	91	0
671	91	0
672	91	0
673	91	0
674	91	0
675	91	0
676	91	0
677	91	0
678	91	0
679	91	0
680	91	0
681	91	0
682	91	0
683	91	0
684	91	0
685	91	0
686	91	0
687	91	0
688	91	0
689	91	0
690	91	0
691	91	0
692	91	0
693	91	0
694	91	0
695	91	0
696	91	0
697	91	0
698	91	0
699	91	0
700	91	0
701	91	0
702	91	0
703	91	0
704	91	0
705	91	0
706	91	0
707	91	0
708	91	0
709	91	0
710	91	0
711	91	0
712	90	0
713	91	0
714	91	0
715	91	0
716	91	0
717	91	0
718	91	0
719	91	0
720	91	0
721	91	0
722	91	0
723	91	0
724	91	0
725	91	0
726	91	0
727	91	0
728	91	0
729	91	0
730	91	0
731	91	0
732	91	0
733	91	0
734	91	0
735	91	0
736	91	0
737	91	0
738	91	0
739	91	0
740	91	0
741	91	0
742	91	0
743	91	0
744	91	0
745	91	0
746	91	0
747	91	0
748	91	0
749	91	0
750	91	0
751	91	0
752	90	0
753	91	0
754	91	0
755	91	0
756	91	0
757	91	0
758	92	0
759	91	0
760	91	0
761	91	0
762	91	0
763	91	0
764	92	0
765	91	0
766	91	0
767	91	0
768	91	0
769	91	0
770	92	0
771	91	0
772	91	0
773	91	0
774	91	0
775	91	0
776	91	0
777	91	0
778	91	0
779	91	0
780	91	0
781	91	0
782	91	0
783	92	0
784	91	0
785	91	0
786	91	0
787	91	0
788	91	0
789	91	0
790	91	0
791	91	0
792	91	0
793	91	0
794	91	0
795	91	0
796	91	0
797	91	0
798	91	0
799	91	0
800	91	0
801	91	0
802	91	0
803	91	0
804	91	0
805	91	0
806	91	0
807	91	0
808	91	0
809	91	0
810	91	0
811	91	0
812	91	0
813	91	0
814	91	0
815	91	0
816	91	0
817	91	0
818	91	0
819	91	0
820	91	0
821	91	0
822	91	0
823	91	0
824	91	0
825	91	0
826	91	0
827	91	0
828	91	0
829	91	0
830	91	0
831	91	0
832	91	0
833	90	0
834	92	0
835	91	0
836	91	0
837	91	0
838	91	0
839	91	0
840	91	0
841	91	0
842	92	0
843	91	0
844	91	0
845	91	0
846	90	0
847	91	0
848	92	0
849	91	0
850	91	0
851	91	0
852	90	0
853	92	0
854	91	0
855	91	0
856	91	0
857	91	0
858	91	0
859	92	0
860	91	0
861	91	0
862	91	0
863	91	0
864	91	0
865	91	0
866	91	0
867	91	0
868	91	0
869	91	0
870	91	0
871	92	0
872	91	0
873	91	0
874	91	0
875	91	0
876	91	0
877	92	0
878	91	0
879	91	0
880	91	0
881	90	0
882	91	0
883	92	0
884	91	0
885	91	0
886	91	0
887	91	0
888	91	0
889	92	0
890	91	0
891	91	0
892	91	0
893	91	0
894	91	0
895	92	0
896	91	0
897	91	0
898	91	0
899	91	0
900	91	0
901	91	0
902	91	0
903	91	0
904	90	0
905	91	0
906	91	0
907	91	0
908	91	0
909	91	0
910	91	0
911	91	0
912	90	0
913	91	0
914	91	0
915	91	0
916	91	0
917	91	0
918	91	0
919	91	0
920	91	0
921	91	0
922	91	0
923	91	0
924	91	0
925	91	0
926	91	0
927	91	0
928	91	0
929	91	0
930	91	0
931	91	0
932	91	0
933	91	0
934	91	0
935	91	0
936	91	0
937	93	0
938	92	0
939	91	0
940	91	0
941	91	0
942	91	0
943	91	0
944	91	0
945	91	0
946	91	0
947	91	0
948	92	0
949	113	0
950	193	0
951	198	0
952	198	0
953	200	0
954	201	0
955	202	0
956	201	0
957	200	0
958	198	0
959	195	0
960	133	0
961	94	0
962	92	0
963	95	0
964	94	0
965	94	0
966	94	0
967	92	0
968	91	0
969	91	0
970	91	0
971	90	0
972	91	0
973	92	0
974	91	0
975	91	0
976	91	0
977	91	0
978	92	0
979	92	0
980	91	0
981	91	0
982	91	0
983	91	0
984	91	0
985	92	0
986	91	0
987	91	0
988	91	0
989	91	0
990	91	0
991	92	0
992	91	0
993	91	0
994	91	0
995	91	0
996	91	0
997	92	0
998	91	0
999	91	0
1000	91	0
1001	91	0
1002	91	0
1003	92	0
1004	91	0
1005	91	0
1006	91	0
1007	91	0
1008	91	0
1009	92	0
1010	91	0
1011	91	0
1012	91	0
1013	91	0
1014	91	0
1015	92	0
1016	91	0
1017	91	0
1018	91	0
1019	90	0
1020	91	0
1021	91	0
1022	92	0
1023	91	0
1024	91	0
1025	91	0
1026	90	0
1027	91	0
1028	92	0
1029	91	0
1030	91	0
1031	91	0
1032	91	0
1033	91	0
1034	92	0
1035	91	0
1036	91	0
1037	91	0
1038	91	0
1039	91	0
1040	91	0
1041	91	0
1042	91	0
1043	91	0
1044	91	0
1045	91	0
1046	91	0
1047	91	0
1048	91	0
1049	91	0
1050	91	0
1051	91	0
1052	91	0
1053	91	0
1054	91	0
1055	91	0
1056	91	0
1057	91	0
1058	91	0
1059	91	0
1060	91	0
1061	90	0
1062	91	0
1063	91	0
1064	91	0
1065	91	0
1066	91	0
1067	91	0
1068	91	0
1069	91	0
1070	91	0
1071	91	0
1072	91	0
1073	91	0
1074	91	0
1075	91	0
1076	91	0
1077	91	0
1078	91	0
1079	91	0
1080	91	0
1081	91	0
1082	91	0
1083	91	0
1084	91	0
1085	91	0
1086	91	0
1087	91	0
1088	91	0
1089	91	0
1090	91	0
1091	91	0
1092	91	0
1093	91	0
1094	91	0
1095	91	0
1096	91	0
1097	91	0
1098	91	0
1099	91	0
1100	91	0
1101	91	0
1102	91	0
1103	92	0
1104	91	0
1105	91	0
1106	91	0
1107	91	0
1108	91	0
1109	91	0
1110	91	0
1111	91	0
1112	91	0
1113	91	0
1114	91	0
1115	91	0
1116	91	0
1117	91	0
1118	91	0
1119	91	0
1120	91	0
1121	91	0
1122	91	0
1123	91	0
1124	91	0
1125	91	0
1126	91	0
1127	91	0
1128	91	0
1129	91	0
1130	91	0
1131	91	0
1132	91	0
1133	91	0
1134	91	0
1135	91	0
1136	91	0
1137	91	0
1138	91	0
1139	91	0
1140	91	0
1141	91	0
1142	91	0
1143	92	0
1144	91	0
1145	91	0
1146	91	0
1147	91	0
1148	91	0
1149	92	0
1150	91	0
1151	91	0
1152	91	0
1153	91	0
1154	91	0
1155	92	0
1156	91	0
1157	91	0
1158	91	0
1159	91	0
1160	91	0
1161	91	0
1162	91	0
1163	91	0
1164	91	0
1165	91	0
1166	91	0
1167	91	0
1168	91	0
1169	92	0
1170	91	0
1171	91	0
1172	91	0
1173	91	0
1174	91	0
1175	92	0
1176	92	0
1177	92	0
1178	91	0
1179	91	0
1180	91	0
1181	91	0
1182	90	0
1183	92	0
1184	91	0
1185	91	0
1186	91	0
1187	91	0
1188	91	0
1189	91	0
1190	91	0
1191	91	0
1192	91	0
1193	91	0
1194	91	0
1195	91	0
1196	91	0
1197	91	0
1198	91	0
1199	91	0
1200	91	0
1201	91	0
1202	91	0
1203	91	0
1204	91	0
1205	91	0
1206	91	0
1207	91	0
1208	91	0
1209	91	0
1210	91	0
1211	91	0
1212	91	0
1213	91	0
1214	91	0
1215	91	0
1216	91	0
1217	91	0
1218	91	0
1219	91	0
1220	91	0
1221	91	0
1222	91	0
1223	91	0
1224	91	0
1225	91	0
1226	91	0
1227	91	0
1228	91	0
1229	91	0
1230	91	0
1231	91	0
1232	91	0
1233	91	0
1234	91	0
1235	91	0
1236	91	0
1237	91	0
1238	91	0
1239	91	0
1240	91	0
1241	91	0
1242	91	0
1243	91	0
1244	91	0
1245	91	0
1246	91	0
1247	91	0
1248	91	0
1249	91	0
1250	91	0
1251	91	0
1252	91	0
1253	91	0
1254	91	0
1255	91	0
1256	91	0
1257	91	0
1258	91	0
1259	91	0
1260	91	0
1261	91	0
1262	91	0
1263	91	0
1264	91	0
1265	91	0
1266	91	0
1267	91	0
1268	91	0
1269	91	0
1270	91	0
1271	91	0
1272	91	0
1273	91	0
1274	91	0
1275	91	0
1276	91	0
1277	91	0
1278	91	0
1279	91	0
1280	91	0
1281	91	0
1282	91	0
1283	91	0
1284	91	0
1285	92	0
1286	91	0
1287	91	0
1288	91	0
1289	91	0
1290	91	0
1291	91	0
1292	91	0
1293	91	0
1294	91	0
1295	91	0
1296	91	0
1297	91	0
1298	91	0
1299	91	0
1300	91	0
1301	91	0
1302	91	0
1303	91	0
1304	91	0
1305	91	0
1306	91	0
1307	91	0
1308	91	0
1309	91	0
1310	91	0
1311	91	0
1312	91	0
1313	91	0
1314	91	0
1315	91	0
1316	91	0
1317	91	0
1318	91	0
1319	91	0
1320	91	0
1321	91	0
1322	91	0
1323	91	0
1324	91	0
1325	91	0
1326	91	0
1327	92	0
1328	91	0
1329	91	0
1330	91	0
1331	91	0
1332	91	0
1333	91	0
1334	91	0
1335	91	0
1336	91	0
1337	91	0
1338	91	0
1339	91	0
1340	91	0
1341	91	0
1342	91	0
1343	91	0
1344	92	0
1345	92	0
1346	91	0
1347	90	0
1348	91	0
1349	92	0
1350	91	0
1351	91	0
1352	91	0
1353	91	0
1354	91	0
1355	92	0
1356	91	0
1357	91	0
1358	91	0
1359	91	0
1360	91	0
1361	91	0
1362	91	0
1363	91	0
1364	91	0
1365	90	0
1366	91	0
1367	91	0
1368	91	0
1369	91	0
1370	91	0
1371	91	0
1372	91	0
1373	91	0
1374	91	0
1375	91	0
1376	91	0
1377	91	0
1378	91	0
1379	91	0
1380	91	0
1381	91	0
1382	91	0
1383	91	0
1384	91	0
1385	91	0
1386	91	0
1387	91	0
1388	91	0
1389	91	0
1390	91	0
1391	91	0
1392	91	0
1393	91	0
1394	91	0
1395	91	0
1396	91	0
1397	91	0
1398	91	0
1399	91	0
1400	91	0
1401	91	0
1402	91	0
1403	91	0
1404	91	0
1405	91	0
1406	90	0
1407	91	0
1408	91	0
1409	91	0
1410	91	0
1411	91	0
1412	91	0
1413	91	0
1414	91	0
1415	91	0
1416	90	0
1417	91	0
1418	91	0
1419	91	0
1420	91	0
1421	91	0
1422	91	0
1423	91	0
1424	91	0
1425	91	0
1426	91	0
1427	91	0
1428	91	0
1429	91	0
1430	91	0
1431	91	0
1432	91	0
1433	91	0
1434	91	0
1435	91	0
1436	91	0
1437	91	0
1438	91	0
1439	91	0
1440	91	0
1441	91	0
1442	91	0
1443	91	0
1444	91	0
1445	91	0
1446	91	0
1447	91	0
1448	91	0
1449	91	0
1450	91	0
1451	91	0
1452	91	0
1453	92	0
1454	91	0
1455	91	0
1456	90	0
1457	90	0
1458	91	0
1459	91	0
1460	91	0
1461	91	0
1462	91	0
1463	91	0
1464	91	0
1465	91	0
1466	91	0
1467	91	0
1468	91	0
1469	91	0
1470	91	0
1471	91	0
1472	91	0
1473	91	0
1474	91	0
1475	91	0
1476	91	0
1477	90	0
1478	91	0
1479	91	0
1480	91	0
1481	91	0
1482	91	0
1483	91	0
1484	91	0
1485	91	0
1486	91	0
1487	91	0
1488	91	0
1489	91	0
1490	91	0
1491	91	0
1492	91	0
1493	91	0
1494	91	0
1495	91	0
1496	91	0
1497	91	0
1498	91	0
1499	91	0
1500	91	0
1501	91	0
1502	91	0
1503	90	0
1504	91	0
1505	91	0
1506	91	0
1507	91	0
1508	91	0
1509	91	0
1510	91	0
1511	91	0
1512	91	0
1513	91	0
1514	91	0
1515	91	0
1516	91	0
1517	91	0
1518	91	0
1519	91	0
1520	91	0
1521	91	0
1522	91	0
1523	91	0
1524	91	0
1525	91	0
1526	91	0
1527	91	0
1528	91	0
1529	91	0
1530	91	0
1531	91	0
1532	91	0
1533	91	0
1534	91	0
1535	91	0
1536	91	0
1537	91	0
1538	91	0
1539	91	0
1540	91	0
1541	91	0
1542	91	0
1543	91	0
1544	91	0
1545	91	0
1546	91	0
1547	91	0
1548	91	0
1549	91	0
1550	91	0
1551	92	0
1552	91	0
1553	92	0
1554	90	0
1555	91	0
1556	91	0
1557	91	0
1558	91	0
1559	91	0
1560	91	0
1561	91	0
1562	91	0
1563	91	0
1564	91	0
1565	91	0
1566	91	0
1567	91	0
1568	91	0
1569	91	0
1570	91	0
1571	91	0
1572	91	0
1573	91	0
1574	90	0
1575	91	0
1576	91	0
1577	91	0
1578	91	0
1579	91	0
1580	91	0
1581	91	0
1582	91	0
1583	91	0
1584	91	0
1585	91	0
1586	91	0
1587	91	0
1588	90	0
1589	91	0
1590	91	0
1591	91	0
1592	92	0
1593	91	0
1594	91	0
1595	91	0
1596	90	0
1597	91	0
1598	91	0
1599	91	0
1600	90	0
1601	91	0
1602	91	0
1603	91	0
1604	91	0
1605	90	0
1606	92	0
1607	91	0
1608	91	0
1609	91	0
1610	91	0
1611	91	0
1612	91	0
1613	91	0
1614	91	0
1615	91	0
1616	91	0
1617	91	0
1618	91	0
1619	91	0
1620	91	0
1621	91	0
1622	91	0
1623	91	0
1624	91	0
1625	91	0
1626	91	0
1627	91	0
1628	91	0
1629	91	0
1630	91	0
1631	91	0
1632	91	0
1633	91	0
1634	91	0
1635	92	0
1636	91	0
1637	92	0
1638	91	0
1639	91	0
1640	91	0
1641	91	0
1642	91	0
1643	92	0
1644	92	0
1645	91	0
1646	91	0
1647	91	0
1648	91	0
1649	91	0
1650	92	0
1651	91	0
1652	92	0
1653	91	0
1654	91	0
1655	91	0
1656	91	0
1657	92	0
1658	91	0
1659	91	0
1660	91	0
1661	91	0
1662	91	0
1663	91	0
1664	91	0
1665	91	0
1666	91	0
1667	91	0
1668	91	0
1669	91	0
1670	91	0
1671	91	0
1672	91	0
1673	91	0
1674	91	0
1675	91	0
1676	91	0
1677	91	0
1678	91	0
1679	91	0
1680	91	0
1681	91	0
1682	91	0
1683	91	0
1684	91	0
1685	91	0
1686	91	0
1687	91	0
1688	91	0
1689	92	0
1690	91	0
1691	91	0
1692	91	0
1693	90	0
1694	91	0
1695	91	0
1696	92	0
1697	91	0
1698	91	0
1699	91	0
1700	90	0
1701	91	0
1702	91	0
1703	90	0
1704	91	0
1705	91	0
1706	91	0
1707	91	0
1708	91	0
1709	91	0
1710	91	0
1711	91	0
1712	91	0
1713	91	0
1714	91	0
1715	91	0
1716	91	0
1717	91	0
1718	90	0
1719	90	0
1720	91	0
1721	91	0
1722	91	0
1723	91	0
1724	91	0
1725	91	0
1726	91	0
1727	91	0
1728	91	0
1729	91	0
1730	91	0
1731	91	0
1732	91	0
1733	91	0
1734	91	0
1735	91	0
1736	92	0
1737	91	0
1738	92	0
1739	91	0
1740	91	0
1741	91	0
1742	92	0
1743	91	0
1744	91	0
1745	90	0
1746	90	0
1747	91	0
1748	91	0
1749	91	0
1750	92	0
1751	90	0
1752	91	0
1753	91	0
1754	91	0
1755	92	0
1756	91	0
1757	91	0
1758	91	0
1759	91	0
1760	91	0
1761	91	0
1762	91	0
1763	91	0
1764	91	0
1765	91	0
1766	91	0
1767	91	0
1768	91	0
1769	91	0
1770	91	0
1771	91	0
1772	91	0
1773	91	0
1774	91	0
1775	91	0
1776	91	0
1777	91	0
1778	91	0
1779	91	0
1780	91	0
1781	91	0
1782	91	0
1783	91	0
1784	91	0
1785	91	0
1786	91	0
1787	91	0
1788	91	0
1789	91	0
1790	91	0
1791	91	0
1792	91	0
1793	91	0
1794	91	0
1795	91	0
1796	91	0
1797	91	0
1798	92	0
1799	91	0
1800	91	0
1801	91	0
1802	91	0
1803	91	0
1804	91	0
1805	91	0
1806	91	0
1807	91	0
1808	91	0
1809	91	0
1810	91	0
1811	91	0
1812	91	0
1813	91	0
1814	91	0
1815	91	0
1816	91	0
1817	91	0
1818	91	0
1819	91	0
1820	91	0
1821	91	0
1822	91	0
1823	91	0
1824	91	0
1825	91	0
1826	92	0
1827	91	0
1828	91	0
1829	91	0
1830	91	0
1831	91	0
1832	92	0
1833	91	0
1834	91	0
1835	91	0
1836	91	0
1837	91	0
1838	92	0
1839	91	0
1840	91	0
1841	91	0
1842	91	0
1843	92	0
1844	92	0
1845	91	0
1846	91	0
1847	91	0
1848	91	0
1849	91	0
1850	91	0
1851	91	0
1852	91	0
1853	91	0
1854	91	0
1855	91	0
1856	91	0
1857	91	0
1858	91	0
1859	91	0
1860	91	0
1861	91	0
1862	91	0
1863	91	0
1864	91	0
1865	91	0
1866	91	0
1867	91	0
1868	91	0
1869	91	0
1870	91	0
1871	91	0
1872	91	0
1873	91	0
1874	91	0
1875	91	0
1876	91	0
1877	91	0
1878	91	0
1879	91	0
1880	91	0
1881	91	0
1882	91	0
1883	91	0
1884	91	0
1885	91	0
1886	91	0
1887	91	0
1888	91	0
1889	91	0
1890	91	0
1891	90	0
1892	91	0
1893	91	0
1894	90	0
1895	91	0
1896	91	0
1897	91	0
1898	91	0
1899	91	0
1900	91	0
1901	92	0
1902	94	0
1903	182	0
1904	200	0
1905	199	0
1906	200	0
1907	201	0
1908	201	0
1909	201	0
1910	201	0
1911	198	0
1912	194	0
1913	174	0
1914	118	0
1915	93	0
1916	91	0
1917	89	0
1918	89	0
1919	90	0
1920	91	0
1921	91	0
1922	92	0
1923	91	0
1924	92	0
1925	91	0
1926	92	0
1927	91	0
1928	91	0
1929	91	0
1930	91	0
1931	91	0
1932	91	0
1933	91	0
1934	91	0
1935	91	0
1936	91	0
1937	91	0
1938	91	0
1939	91	0
1940	91	0
1941	91	0
1942	91	0
1943	91	0
1944	91	0
1945	91	0
1946	91	0
1947	91	0
1948	91	0
1949	91	0
1950	91	0
1951	91	0
1952	91	0
1953	91	0
1954	91	0
1955	91	0
1956	91	0
1957	91	0
1958	91	0
1959	91	0
1960	91	0
1961	91	0
1962	91	0
1963	91	0
1964	91	0
1965	91	0
1966	91	0
1967	91	0
1968	91	0
1969	91	0
1970	91	0
1971	91	0
1972	91	0
1973	91	0
1974	91	0
1975	91	0
1976	91	0
1977	91	0
1978	91	0
1979	91	0
1980	90	0
1981	91	0
1982	91	0
1983	90	0
1984	91	0
1985	91	0
1986	91	0
1987	91	0
1988	91	0
1989	92	0
1990	91	0
1991	91	0
1992	91	0
1993	91	0
1994	91	0
1995	91	0
1996	91	0
1997	91	0
1998	91	0
1999	92	0
2000	91	0
2001	91	0
2002	91	0
2003	90	0
2004	91	0
2005	92	0
2006	91	0
2007	91	0
2008	91	0
2009	91	0
2010	91	0
2011	92	0
2012	91	0
2013	91	0
2014	91	0
2015	91	0
2016	92	0
2017	91	0
2018	91	0
2019	91	0
2020	91	0
2021	91	0
2022	92	0
2023	91	0
2024	91	0
2025	90	0
2026	91	0
2027	91	0
2028	91	0
2029	91	0
2030	91	0
2031	91	0
2032	91	0
2033	91	0
2034	91	0
2035	91	0
2036	91	0
2037	91	0
2038	91	0
2039	91	0
2040	91	0
2041	91	0
2042	91	0
2043	91	0
2044	91	0
2045	91	0
2046	91	0
2047	91	0
2048	91	0
2049	91	0
2050	91	0
2051	91	0
2052	91	0
2053	91	0
2054	91	0
2055	91	0
2056	91	0
2057	91	0
2058	90	0
2059	91	0
2060	91	0
2061	91	0
2062	91	0
2063	92	0
2064	91	0
2065	91	0
2066	91	0
2067	91	0
2068	91	0
2069	92	0
2070	91	0
2071	91	0
2072	91	0
2073	90	0
2074	91	0
2075	92	0
2076	91	0
2077	91	0
2078	91	0
2079	91	0
2080	92	0
2081	92	0
2082	91	0
2083	91	0
2084	91	0
2085	92	0
2086	90	0
2087	91	0
2088	90	0
2089	91	0
2090	91	0
2091	91	0
2092	91	0
2093	91	0
2094	91	0
2095	91	0
2096	91	0
2097	91	0
2098	91	0
2099	91	0
2100	91	0
2101	91	0
2102	91	0
2103	91	0
2104	91	0
2105	91	0
2106	91	0
2107	91	0
2108	91	0
2109	91	0
2110	91	0
2111	91	0
2112	91	0
2113	91	0
2114	91	0
2115	91	0
2116	91	0
2117	91	0
2118	91	0
2119	91	0
2120	91	0
2121	91	0
2122	91	0
2123	91	0
2124	91	0
2125	91	0
2126	91	0
2127	91	0
2128	91	0
2129	91	0
2130	91	0
2131	91	0
2132	91	0
2133	91	0
2134	91	0
2135	91	0
2136	91	0
2137	91	0
2138	91	0
2139	90	0
2140	91	0
2141	91	0
2142	91	0
2143	91	0
2144	91	0
2145	91	0
2146	91	0
2147	91	0
2148	91	0
2149	91	0
2150	91	0
2151	91	0
2152	91	0
2153	92	0
2154	91	0
2155	91	0
2156	91	0
2157	91	0
2158	91	0
2159	91	0
2160	91	0
2161	91	0
2162	91	0
2163	91	0
2164	91	0
2165	91	0
2166	91	0
2167	91	0
2168	91	0
2169	91	0
2170	91	0
2171	91	0
2172	91	0
2173	91	0
2174	91	0
2175	90	0
2176	91	0
2177	91	0
2178	91	0
2179	91	0
2180	92	0
2181	91	0
2182	91	0
2183	91	0
2184	91	0
2185	91	0
2186	92	0
2187	91	0
2188	91	0
2189	91	0
2190	91	0
2191	92	0
2192	92	0
2193	92	0
2194	91	0
2195	91	0
2196	92	0
2197	91	0
2198	91	0
2199	91	0
2200	91	0
2201	91	0
2202	91	0
2203	91	0
2204	91	0
2205	91	0
2206	91	0
2207	91	0
2208	91	0
2209	91	0
2210	90	0
2211	91	0
2212	91	0
2213	91	0
2214	91	0
2215	91	0
2216	91	0
2217	91	0
2218	92	0
2219	91	0
2220	91	0
2221	91	0
2222	91	0
2223	91	0
2224	91	0
2225	91	0
2226	91	0
2227	91	0
2228	91	0
2229	91	0
2230	91	0
2231	91	0
2232	91	0
2233	91	0
2234	91	0
2235	91	0
2236	91	0
2237	91	0
2238	91	0
2239	91	0
2240	91	0
2241	91	0
2242	91	0
2243	91	0
2244	91	0
2245	92	0
2246	91	0
2247	91	0
2248	91	0
2249	91	0
2250	91	0
2251	91	0
2252	90	0
2253	91	0
2254	91	0
2255	91	0
2256	91	0
2257	91	0
2258	91	0
2259	91	0
2260	91	0
2261	91	0
2262	90	0
2263	91	0
2264	91	0
2265	91	0
2266	91	0
2267	91	0
2268	91	0
2269	91	0
2270	91	0
2271	91	0
2272	91	0
2273	91	0
2274	91	0
2275	91	0
2276	91	0
2277	91	0
2278	91	0
2279	91	0
2280	91	0
2281	91	0
2282	91	0
2283	91	0
2284	91	0
2285	91	0
2286	91	0
2287	91	0
2288	91	0
2289	91	0
2290	91	0
2291	91	0
2292	91	0
2293	91	0
2294	91	0
2295	91	0
2296	91	0
2297	92	0
2298	91	0
2299	91	0
2300	91	0
2301	91	0
2302	91	0
2303	91	0
2304	91	0
2305	91	0
2306	91	0
2307	91	0
2308	91	0
2309	91	0
2310	91	0
2311	91	0
2312	91	0
2313	91	0
2314	91	0
2315	91	0
2316	91	0
2317	91	0
2318	91	0
2319	91	0
2320	91	0
2321	91	0
2322	91	0
2323	91	0
2324	91	0
2325	91	0
2326	91	0
2327	91	0
2328	91	0
2329	91	0
2330	91	0
2331	91	0
2332	91	0
2333	91	0
2334	91	0
2335	91	0
2336	91	0
2337	91	0
2338	91	0
2339	91	0
2340	91	0
2341	91	0
2342	91	0
2343	91	0
2344	90	0
2345	91	0
2346	91	0
2347	91	0
2348	91	0
2349	92	0
2350	91	0
2351	91	0
2352	91	0
2353	91	0
2354	91	0
2355	91	0
2356	91	0
2357	91	0
2358	91	0
2359	91	0
2360	91	0
2361	91	0
2362	91	0
2363	91	0
2364	91	0
2365	91	0
2366	91	0
2367	91	0
2368	91	0
2369	92	0
2370	91	0
2371	91	0
2372	91	0
2373	91	0
2374	91	0
2375	92	0
2376	91	0
2377	91	0
2378	91	0
2379	90	0
2380	91	0
2381	92	0
2382	91	0
2383	91	0
2384	91	0
2385	91	0
2386	91	0
2387	91	0
2388	91	0
2389	91	0
2390	91	0
2391	91	0
2392	91	0
2393	91	0
2394	91	0
2395	91	0
2396	91	0
2397	91	0
2398	91	0
2399	91	0
2400	91	0
2401	91	0
2402	91	0
2403	91	0
2404	91	0
2405	91	0
2406	91	0
2407	91	0
2408	91	0
2409	91	0
2410	91	0
2411	91	0
2412	91	0
2413	90	0
2414	91	0
2415	90	0
2416	91	0
2417	91	0
2418	91	0
2419	91	0
2420	91	0
2421	91	0
2422	91	0
2423	90	0
2424	91	0
2425	91	0
2426	91	0
2427	91	0
2428	91	0
2429	91	0
2430	91	0
2431	91	0
2432	91	0
2433	91	0
2434	92	0
2435	91	0
2436	91	0
2437	91	0
2438	91	0
2439	91	0
2440	91	0
2441	91	0
2442	91	0
2443	91	0
2444	91	0
2445	91	0
2446	91	0
2447	91	0
2448	91	0
2449	91	0
2450	91	0
2451	92	0
2452	91	0
2453	91	0
2454	91	0
2455	90	0
2456	91	0
2457	91	0
2458	91	0
2459	91	0
2460	91	0
2461	91	0
2462	91	0
2463	91	0
2464	91	0
2465	91	0
2466	91	0
2467	91	0
2468	91	0
2469	91	0
2470	91	0
2471	91	0
2472	91	0
2473	91	0
2474	91	0
2475	91	0
2476	91	0
2477	91	0
2478	91	0
2479	91	0
2480	91	0
2481	91	0
2482	91	0
2483	91	0
2484	91	0
2485	91	0
2486	91	0
2487	91	0
2488	91	0
2489	91	0
2490	91	0
2491	91	0
2492	91	0
2493	91	0
2494	91	0
2495	91	0
2496	91	0
2497	91	0
2498	91	0
2499	91	0
2500	91	0
2501	91	0
2502	91	0
2503	91	0
2504	91	0
2505	91	0
2506	91	0
2507	91	0
2508	91	0
2509	91	0
2510	91	0
2511	90	0
2512	91	0
2513	91	0
2514	91	0
2515	90	0
2516	91	0
2517	91	0
2518	91	0
2519	91	0
2520	91	0
2521	91	0
2522	91	0
2523	91	0
2524	91	0
2525	91	0
2526	91	0
2527	91	0
2528	90	0
2529	90	0
2530	91	0
2531	91	0
2532	91	0
2533	91	0
2534	91	0
2535	91	0
2536	91	0
2537	91	0
2538	91	0
2539	91	0
2540	91	0
2541	91	0
2542	92	0
2543	91	0
2544	91	0
2545	91	0
2546	91	0
2547	91	0
2548	92	0
2549	91	0
2550	91	0
2551	91	0
2552	90	0
2553	91	0
2554	91	0
2555	91	0
2556	91	0
2557	91	0
2558	91	0
2559	91	0
2560	91	0
2561	91	0
2562	91	0
2563	91	0
2564	91	0
2565	91	0
2566	91	0
2567	91	0
2568	92	0
2569	91	0
2570	91	0
2571	91	0
2572	90	0
2573	91	0
2574	92	0
2575	91	0
2576	91	0
2577	91	0
2578	91	0
2579	91	0
2580	91	0
2581	91	0
2582	91	0
2583	91	0
2584	91	0
2585	91	0
2586	91	0
2587	92	0
2588	91	0
2589	91	0
2590	91	0
2591	91	0
2592	91	0
2593	91	0
2594	91	0
2595	91	0
2596	92	0
2597	91	0
2598	91	0
2599	91	0
2600	91	0
2601	92	0
2602	91	0
2603	91	0
2604	91	0
2605	90	0
2606	91	0
2607	92	0
2608	91	0
2609	91	0
2610	91	0
2611	91	0
2612	91	0
2613	92	0
2614	91	0
2615	91	0
2616	91	0
2617	91	0
2618	91	0
2619	91	0
2620	91	0
2621	91	0
2622	91	0
2623	91	0
2624	91	0
2625	91	0
2626	91	0
2627	91	0
2628	91	0
2629	91	0
2630	91	0
2631	91	0
2632	91	0
2633	91	0
2634	91	0
2635	91	0
2636	91	0
2637	91	0
2638	91	0
2639	91	0
2640	91	0
2641	91	0
2642	91	0
2643	91	0
2644	91	0
2645	91	0
2646	91	0
2647	91	0
2648	91	0
2649	91	0
2650	91	0
2651	91	0
2652	91	0
2653	91	0
2654	91	0
2655	91	0
2656	91	0
2657	91	0
2658	91	0
2659	91	0
2660	91	0
2661	91	0
2662	91	0
2663	91	0
2664	91	0
2665	91	0
2666	91	0
2667	91	0
2668	91	0
2669	91	0
2670	91	0
2671	91	0
2672	91	0
2673	91	0
2674	91	0
2675	91	0
2676	91	0
2677	91	0
2678	91	0
2679	91	0
2680	91	0
2681	91	0
2682	90	0
2683	91	0
2684	91	0
2685	91	0
2686	91	0
2687	91	0
2688	91	0
2689	91	0
2690	91	0
2691	91	0
2692	91	0
2693	91	0
2694	91	0
2695	91	0
2696	91	0
2697	90	0
2698	91	0
2699	91	0
2700	91	0
2701	91	0
2702	91	0
2703	91	0
2704	91	0
2705	91	0
2706	91	0
2707	91	0
2708	91	0
2709	91	0
2710	91	0
2711	91	0
2712	91	0
2713	91	0
2714	91	0
2715	91	0
2716	91	0
2717	91	0
2718	91	0
2719	91	0
2720	91	0
2721	91	0
2722	91	0
2723	91	0
2724	91	0
2725	91	0
2726	91	0
2727	91	0
2728	91	0
2729	91	0
2730	91	0
2731	91	0
2732	91	0
2733	91	0
2734	91	0
2735	91	0
2736	91	0
2737	91	0
2738	91	0
2739	91	0
2740	91	0
2741	91	0
2742	91	0
2743	91	0
2744	91	0
2745	91	0
2746	91	0
2747	90	0
2748	91	0
2749	91	0
2750	91	0
2751	91	0
2752	91	0
2753	91	0
2754	91	0
2755	91	0
2756	91	0
2757	91	0
2758	91	0
2759	91	0
2760	91	0
2761	91	0
2762	91	0
2763	91	0
2764	91	0
2765	91	0
2766	91	0
2767	91	0
2768	91	0
2769	92	0
2770	91	0
2771	91	0
2772	91	0
2773	91	0
2774	91	0
2775	91	0
2776	91	0
2777	91	0
2778	91	0
2779	91	0
2780	91	0
2781	91	0
2782	91	0
2783	91	0
2784	91	0
2785	91	0
2786	91	0
2787	91	0
2788	91	0
2789	91	0
2790	92	0
2791	91	0
2792	91	0
2793	91	0
2794	91	0
2795	91	0
2796	91	0
2797	91	0
2798	91	0
2799	91	0
2800	91	0
2801	91	0
2802	91	0
2803	91	0
2804	91	0
2805	91	0
2806	91	0
2807	91	0
2808	91	0
2809	91	0
2810	91	0
2811	91	0
2812	91	0
2813	91	0
2814	91	0
2815	91	0
2816	91	0
2817	91	0
2818	91	0
2819	91	0
2820	91	0
2821	91	0
2822	91	0
2823	91	0
2824	91	0
2825	91	0
2826	91	0
2827	91	0
2828	91	0
2829	91	0
2830	91	0
2831	91	0
2832	91	0
2833	91	0
2834	91	0
2835	91	0
2836	91	0
2837	91	0
2838	91	0
2839	91	0
2840	91	0
2841	91	0
2842	91	0
2843	91	0
2844	90	0
2845	90	0
2846	91	0
2847	91	0
2848	91	0
2849	91	0
2850	91	0
2851	91	0
2852	90	0
2853	91	0
2854	91	0
2855	93	0
2856	173	0
2857	200	0
2858	198	0
2859	199	0
2860	201	0
2861	201	0
2862	201	0
2863	201	0
2864	198	0
2865	194	0
2866	182	0
2867	118	0
2868	89	0
2869	88	0
2870	86	0
2871	89	0
2872	89	0
2873	91	0
2874	91	0
2875	92	0
2876	93	0
2877	91	0
2878	92	0
2879	91	0
2880	91	0
2881	91	0
2882	91	0
2883	91	0
2884	92	0
2885	91	0
2886	91	0
2887	91	0
2888	90	0
2889	91	0
2890	91	0
2891	91	0
2892	91	0
2893	91	0
2894	91	0
2895	91	0
2896	91	0
2897	91	0
2898	91	0
2899	91	0
2900	91	0
2901	91	0
2902	91	0
2903	91	0
2904	90	0
2905	91	0
2906	91	0
2907	91	0
2908	91	0
2909	91	0
2910	91	0
2911	91	0
2912	91	0
2913	91	0
2914	91	0
2915	91	0
2916	91	0
2917	91	0
2918	91	0
2919	91	0
2920	91	0
2921	91	0
2922	90	0
2923	91	0
2924	91	0
2925	91	0
2926	91	0
2927	91	0
2928	91	0
2929	91	0
2930	91	0
2931	91	0
2932	91	0
2933	91	0
2934	91	0
2935	91	0
2936	90	0
2937	91	0
2938	91	0
2939	91	0
2940	91	0
2941	91	0
2942	92	0
2943	91	0
2944	91	0
2945	91	0
2946	90	0
2947	91	0
2948	91	0
2949	91	0
2950	91	0
2951	91	0
2952	91	0
2953	91	0
2954	91	0
2955	91	0
2956	91	0
2957	91	0
2958	91	0
2959	91	0
2960	91	0
2961	91	0
2962	91	0
2963	91	0
2964	91	0
2965	90	0
2966	91	0
2967	91	0
2968	90	0
2969	91	0
2970	91	0
2971	90	0
2972	91	0
2973	91	0
2974	91	0
2975	91	0
2976	91	0
2977	91	0
2978	91	0
2979	91	0
2980	91	0
2981	91	0
2982	91	0
2983	91	0
2984	91	0
2985	91	0
2986	91	0
2987	91	0
2988	91	0
2989	91	0
2990	91	0
2991	91	0
2992	91	0
2993	91	0
2994	91	0
2995	91	0
2996	91	0
2997	91	0
2998	92	0
2999	92	0
3000	91	0
3001	91	0
3002	91	0
3003	92	0
3004	90	0
3005	92	0
3006	91	0
3007	91	0
3008	91	0
3009	91	0
3010	91	0
3011	91	0
3012	91	0
3013	91	0
3014	90	0
3015	91	0
3016	91	0
3017	91	0
3018	91	0
3019	91	0
3020	91	0
3021	91	0
3022	91	0
3023	91	0
3024	91	0
3025	91	0
3026	91	0
3027	92	0
3028	91	0
3029	91	0
3030	91	0
3031	91	0
3032	91	0
3033	91	0
3034	91	0
3035	91	0
3036	91	0
3037	91	0
3038	91	0
3039	91	0
3040	91	0
3041	91	0
3042	91	0
3043	91	0
3044	91	0
3045	91	0
3046	91	0
3047	91	0
3048	91	0
3049	91	0
3050	91	0
3051	91	0
3052	91	0
3053	91	0
3054	91	0
3055	91	0
3056	91	0
3057	91	0
3058	91	0
3059	91	0
3060	91	0
3061	91	0
3062	91	0
3063	91	0
3064	91	0
3065	91	0
3066	91	0
3067	91	0
3068	91	0
3069	91	0
3070	91	0
3071	91	0
3072	91	0
3073	91	0
3074	91	0
3075	91	0
3076	91	0
3077	91	0
3078	91	0
3079	91	0
3080	91	0
3081	91	0
3082	91	0
3083	91	0
3084	91	0
3085	91	0
3086	91	0
3087	91	0
3088	91	0
3089	91	0
3090	91	0
3091	91	0
3092	91	0
3093	91	0
3094	91	0
3095	91	0
3096	91	0
3097	91	0
3098	91	0
3099	91	0
3100	91	0
3101	91	0
3102	91	0
3103	91	0
3104	91	0
3105	91	0
3106	91	0
3107	91	0
3108	91	0
3109	91	0
3110	91	0
3111	91	0
3112	91	0
3113	91	0
3114	91	0
3115	91	0
3116	91	0
3117	91	0
3118	91	0
3119	91	0
3120	91	0
3121	91	0
3122	91	0
3123	91	0
3124	91	0
3125	91	0
3126	91	0
3127	91	0
3128	91	0
3129	91	0
3130	91	0
3131	91	0
3132	91	0
3133	91	0
3134	91	0
3135	91	0
3136	91	0
3137	91	0
3138	91	0
3139	91	0
3140	91	0
3141	90	0
3142	91	0
3143	91	0
3144	91	0
3145	91	0
3146	91	0
3147	91	0
3148	91	0
3149	91	0
3150	91	0
3151	91	0
3152	91	0
3153	91	0
3154	91	0
3155	91	0
3156	91	0
3157	91	0
3158	91	0
3159	91	0
3160	91	0
3161	91	0
3162	91	0
3163	91	0
3164	91	0
3165	91	0
3166	91	0
3167	91	0
3168	91	0
3169	91	0
3170	91	0
3171	91	0
3172	92	0
3173	91	0
3174	91	0
3175	91	0
3176	91	0
3177	91	0
3178	92	0
3179	91	0
3180	91	0
3181	91	0
3182	91	0
3183	91	0
3184	91	0
3185	91	0
3186	91	0
3187	91	0
3188	91	0
3189	91	0
3190	91	0
3191	91	0
3192	91	0
3193	91	0
3194	91	0
3195	91	0
3196	91	0
3197	91	0
3198	91	0
3199	91	0
3200	91	0
3201	91	0
3202	91	0
3203	91	0
3204	91	0
3205	91	0
3206	91	0
3207	91	0
3208	91	0
3209	91	0
3210	91	0
3211	91	0
3212	91	0
3213	91	0
3214	91	0
3215	91	0
3216	91	0
3217	91	0
3218	91	0
3219	91	0
3220	91	0
3221	91	0
3222	91	0
3223	91	0
3224	91	0
3225	91	0
3226	91	0
3227	91	0
3228	91	0
3229	91	0
3230	91	0
3231	91	0
3232	91	0
3233	91	0
3234	91	0
3235	91	0
3236	91	0
3237	91	0
3238	91	0
3239	91	0
3240	91	0
3241	91	0
3242	91	0
3243	91	0
3244	91	0
3245	91	0
3246	91	0
3247	91	0
3248	91	0
3249	90	0
3250	91	0
3251	91	0
3252	91	0
3253	91	0
3254	91	0
3255	91	0
3256	91	0
3257	91	0
3258	91	0
3259	90	0
3260	91	0
3261	91	0
3262	91	0
3263	91	0
3264	91	0
3265	91	0
3266	91	0
3267	91	0
3268	91	0
3269	91	0
3270	91	0
3271	91	0
3272	91	0
3273	91	0
3274	91	0
3275	91	0
3276	91	0
3277	92	0
3278	91	0
3279	92	0
3280	91	0
3281	91	0
3282	91	0
3283	91	0
3284	91	0
3285	92	0
3286	91	0
3287	91	0
3288	91	0
3289	91	0
3290	92	0
3291	92	0
3292	91	0
3293	91	0
3294	91	0
3295	91	0
3296	91	0
3297	91	0
3298	91	0
3299	91	0
3300	91	0
3301	91	0
3302	91	0
3303	91	0
3304	91	0
3305	91	0
3306	91	0
3307	91	0
3308	91	0
3309	91	0
3310	91	0
3311	91	0
3312	91	0
3313	91	0
3314	91	0
3315	91	0
3316	91	0
3317	91	0
3318	91	0
3319	91	0
3320	91	0
3321	91	0
3322	91	0
3323	91	0
3324	91	0
3325	91	0
3326	91	0
3327	91	0
3328	91	0
3329	91	0
3330	91	0
3331	91	0
3332	91	0
3333	91	0
3334	91	0
3335	91	0
3336	91	0
3337	91	0
3338	91	0
3339	91	0
3340	91	0
3341	91	0
3342	91	0
3343	91	0
3344	92	0
3345	91	0
3346	92	0
3347	91	0
3348	91	0
3349	91	0
3350	91	0
3351	91	0
3352	91	0
3353	91	0
3354	91	0
3355	91	0
3356	91	0
3357	91	0
3358	91	0
3359	90	0
3360	91	0
3361	91	0
3362	91	0
3363	91	0
3364	91	0
3365	91	0
3366	91	0
3367	91	0
3368	91	0
3369	91	0
3370	91	0
3371	91	0
3372	91	0
3373	91	0
3374	91	0
3375	91	0
3376	91	0
3377	91	0
3378	91	0
3379	91	0
3380	91	0
3381	91	0
3382	91	0
3383	91	0
3384	91	0
3385	91	0
3386	91	0
3387	91	0
3388	91	0
3389	91	0
3390	90	0
3391	91	0
3392	91	0
3393	91	0
3394	91	0
3395	91	0
3396	91	0
3397	91	0
3398	91	0
3399	91	0
3400	91	0
3401	91	0
3402	91	0
3403	91	0
3404	91	0
3405	90	0
3406	91	0
3407	91	0
3408	91	0
3409	91	0
3410	91	0
3411	91	0
3412	91	0
3413	91	0
3414	91	0
3415	91	0
3416	91	0
3417	91	0
3418	91	0
3419	92	0
3420	91	0
3421	91	0
3422	91	0
3423	91	0
3424	91	0
3425	91	0
3426	91	0
3427	91	0
3428	91	0
3429	91	0
3430	91	0
3431	91	0
3432	91	0
3433	91	0
3434	91	0
3435	91	0
3436	91	0
3437	91	0
3438	91	0
3439	91	0
3440	91	0
3441	91	0
3442	91	0
3443	91	0
3444	91	0
3445	91	0
3446	91	0
3447	91	0
3448	91	0
3449	91	0
3450	91	0
3451	91	0
3452	91	0
3453	91	0
3454	91	0
3455	91	0
3456	91	0
3457	91	0
3458	91	0
3459	91	0
3460	91	0
3461	91	0
3462	91	0
3463	91	0
3464	91	0
3465	91	0
3466	91	0
3467	91	0
3468	91	0
3469	91	0
3470	91	0
3471	91	0
3472	91	0
3473	92	0
3474	91	0
3475	91	0
3476	90	0
3477	90	0
3478	91	0
3479	91	0
3480	91	0
3481	91	0
3482	91	0
3483	91	0
3484	91	0
3485	91	0
3486	91	0
3487	91	0
3488	91	0
3489	91	0
3490	91	0
3491	91	0
3492	91	0
3493	91	0
3494	91	0
3495	91	0
3496	91	0
3497	91	0
3498	91	0
3499	91	0
3500	91	0
3501	91	0
3502	91	0
3503	91	0
3504	91	0
3505	91	0
3506	91	0
3507	91	0
3508	91	0
3509	91	0
3510	91	0
3511	91	0
3512	91	0
3513	91	0
3514	91	0
3515	91	0
3516	91	0
3517	91	0
3518	91	0
3519	91	0
3520	91	0
3521	91	0
3522	91	0
3523	91	0
3524	91	0
3525	91	0
3526	91	0
3527	91	0
3528	91	0
3529	91	0
3530	91	0
3531	91	0
3532	91	0
3533	91	0
3534	91	0
3535	91	0
3536	91	0
3537	91	0
3538	91	0
3539	91	0
3540	90	0
3541	91	0
3542	91	0
3543	91	0
3544	91	0
3545	91	0
3546	91	0
3547	91	0
3548	91	0
3549	91	0
3550	91	0
3551	91	0
3552	91	0
3553	91	0
3554	91	0
3555	91	0
3556	91	0
3557	91	0
3558	91	0
3559	91	0
3560	91	0
3561	91	0
3562	91	0
3563	91	0
3564	91	0
3565	91	0
3566	91	0
3567	91	0
3568	91	0
3569	91	0
3570	91	0
3571	91	0
3572	92	0
3573	91	0
3574	91	0
3575	91	0
3576	91	0
3577	91	0
3578	92	0
3579	91	0
3580	91	0
3581	91	0
3582	91	0
3583	91	0
3584	92	0
3585	91	0
3586	91	0
3587	91	0
3588	91	0
3589	91	0
3590	92	0
3591	91	0
3592	91	0
3593	91	0
3594	91	0
3595	91	0
3596	92	0
3597	91	0
3598	91	0
3599	90	0
3600	91	0
3601	91	0
3602	92	0
3603	91	0
3604	91	0
3605	91	0
3606	90	0
3607	91	0
3608	92	0
3609	91	0
3610	91	0
3611	91	0
3612	91	0
3613	91	0
3614	92	0
3615	91	0
3616	92	0
3617	91	0
3618	91	0
3619	91	0
3620	91	0
3621	91	0
3622	91	0
3623	91	0
3624	91	0
3625	91	0
3626	91	0
3627	91	0
3628	91	0
3629	91	0
3630	91	0
3631	91	0
3632	91	0
3633	91	0
3634	91	0
3635	91	0
3636	91	0
3637	91	0
3638	91	0
3639	91	0
3640	91	0
3641	91	0
3642	91	0
3643	91	0
3644	91	0
3645	91	0
3646	90	0
3647	91	0
3648	91	0
3649	91	0
3650	91	0
3651	91	0
3652	91	0
3653	91	0
3654	91	0
3655	91	0
3656	91	0
3657	91	0
3658	91	0
3659	91	0
3660	91	0
3661	91	0
3662	91	0
3663	91	0
3664	91	0
3665	91	0
3666	91	0
3667	91	0
3668	91	0
3669	91	0
3670	91	0
3671	91	0
3672	91	0
3673	91	0
3674	90	0
3675	91	0
3676	92	0
3677	91	0
3678	91	0
3679	91	0
3680	91	0
3681	91	0
3682	91	0
3683	91	0
3684	91	0
3685	91	0
3686	91	0
3687	91	0
3688	91	0
3689	91	0
3690	91	0
3691	91	0
3692	91	0
3693	91	0
3694	91	0
3695	91	0
3696	92	0
3697	91	0
3698	91	0
3699	91	0
3700	91	0
3701	91	0
3702	92	0
3703	91	0
3704	91	0
3705	91	0
3706	91	0
3707	91	0
3708	92	0
3709	91	0
3710	91	0
3711	91	0
3712	91	0
3713	91	0
3714	92	0
3715	91	0
3716	91	0
3717	91	0
3718	91	0
3719	91	0
3720	91	0
3721	91	0
3722	91	0
3723	91	0
3724	91	0
3725	91	0
3726	91	0
3727	91	0
3728	91	0
3729	91	0
3730	91	0
3731	91	0
3732	91	0
3733	91	0
3734	91	0
3735	91	0
3736	91	0
3737	91	0
3738	91	0
3739	91	0
3740	91	0
3741	91	0
3742	91	0
3743	91	0
3744	91	0
3745	91	0
3746	91	0
3747	91	0
3748	91	0
3749	91	0
3750	91	0
3751	91	0
3752	91	0
3753	91	0
3754	91	0
3755	92	0
3756	91	0
3757	91	0
3758	91	0
3759	91	0
3760	91	0
3761	92	0
3762	91	0
3763	92	0
3764	91	0
3765	91	0
3766	91	0
3767	91	0
3768	91	0
3769	92	0
3770	91	0
3771	91	0
3772	91	0
3773	91	0
3774	91	0
3775	91	0
3776	91	0
3777	91	0
3778	91	0
3779	91	0
3780	91	0
3781	91	0
3782	91	0
3783	91	0
3784	91	0
3785	91	0
3786	91	0
3787	91	0
3788	91	0
3789	91	0
3790	91	0
3791	91	0
3792	91	0
3793	91	0
3794	91	0
3795	92	0
3796	92	0
3797	91	0
3798	91	0
3799	91	0
3800	91	0
3801	91	0
3802	91	0
3803	93	0
3804	145	0
3805	195	0
3806	198	0
3807	198	0
3808	200	0
3809	201	0
3810	201	0
3811	200	0
3812	198	0
3813	196	0
3814	193	0
3815	120	0
3816	85	0
3817	85	0
3818	88	0
3819	90	0
3820	93	0
3821	93	0
3822	93	0
3823	93	0
3824	92	0
3825	93	0
3826	91	0
3827	91	0
3828	91	0
3829	91	0
3830	91	0
3831	92	0
3832	91	0
3833	91	0
3834	91	0
3835	91	0
3836	91	0
3837	92	0
3838	91	0
3839	91	0
3840	91	0
3841	91	0
3842	91	0
3843	91	0
3844	91	0
3845	91	0
3846	91	0
3847	91	0
3848	91	0
3849	91	0
3850	91	0
3851	91	0
3852	91	0
3853	91	0
3854	91	0
3855	91	0
3856	91	0
3857	91	0
3858	91	0
3859	91	0
3860	91	0
3861	91	0
3862	91	0
3863	91	0
3864	91	0
3865	91	0
3866	91	0
3867	91	0
3868	91	0
3869	91	0
3870	91	0
3871	91	0
3872	91	0
3873	91	0
3874	91	0
3875	91	0
3876	91	0
3877	91	0
3878	91	0
3879	91	0
3880	91	0
3881	91	0
3882	91	0
3883	91	0
3884	91	0
3885	91	0
3886	91	0
3887	91	0
3888	91	0
3889	91	0
3890	91	0
3891	91	0
3892	91	0
3893	91	0
3894	91	0
3895	91	0
3896	91	0
3897	91	0
3898	91	0
3899	91	0
3900	91	0
3901	91	0
3902	91	0
3903	91	0
3904	91	0
3905	91	0
3906	91	0
3907	91	0
3908	91	0
3909	91	0
3910	91	0
3911	91	0
3912	91	0
3913	91	0
3914	91	0
3915	91	0
3916	91	0
3917	91	0
3918	91	0
3919	91	0
3920	91	0
3921	91	0
3922	91	0
3923	91	0
3924	91	0
3925	91	0
3926	91	0
3927	91	0
3928	91	0
3929	91	0
3930	92	0
3931	91	0
3932	91	0
3933	91	0
3934	91	0
3935	92	0
3936	91	0
3937	91	0
3938	90	0
3939	91	0
3940	91	0
3941	92	0
3942	91	0
3943	91	0
3944	91	0
3945	91	0
3946	91	0
3947	92	0
3948	91	0
3949	91	0
3950	91	0
3951	90	0
3952	91	0
3953	92	0
3954	91	0
3955	91	0
3956	91	0
3957	91	0
3958	91	0
3959	91	0
3960	91	0
3961	91	0
3962	91	0
3963	91	0
3964	91	0
3965	91	0
3966	91	0
3967	91	0
3968	91	0
3969	91	0
3970	91	0
3971	91	0
3972	91	0
3973	91	0
3974	91	0
3975	91	0
3976	91	0
3977	91	0
3978	91	0
3979	91	0
3980	91	0
3981	91	0
3982	91	0
3983	91	0
3984	90	0
3985	91	0
3986	91	0
3987	91	0
3988	91	0
3989	91	0
3990	91	0
3991	91	0
3992	91	0
3993	91	0
3994	91	0
3995	91	0
3996	91	0
3997	91	0
3998	91	0
3999	91	0
4000	91	0
4001	92	0
4002	91	0
4003	91	0
4004	91	0
4005	91	0
4006	91	0
4007	92	0
4008	91	0
4009	92	0
4010	91	0
4011	91	0
4012	91	0
4013	91	0
4014	91	0
4015	92	0
4016	91	0
4017	92	0
4018	91	0
4019	91	0
4020	91	0
4021	91	0
4022	92	0
4023	92	0
4024	91	0
4025	91	0
4026	91	0
4027	92	0
4028	91	0
4029	91	0
4030	91	0
4031	91	0
4032	91	0
4033	91	0
4034	91	0
4035	91	0
4036	91	0
4037	91	0
4038	91	0
4039	91	0
4040	91	0
4041	91	0
4042	91	0
4043	91	0
4044	91	0
4045	91	0
4046	91	0
4047	91	0
4048	91	0
4049	91	0
4050	91	0
4051	91	0
4052	91	0
4053	91	0
4054	91	0
4055	91	0
4056	91	0
4057	91	0
4058	91	0
4059	91	0
4060	92	0
4061	91	0
4062	91	0
4063	91	0
4064	91	0
4065	91	0
4066	92	0
4067	91	0
4068	91	0
4069	91	0
4070	90	0
4071	91	0
4072	91	0
4073	91	0
4074	91	0
4075	91	0
4076	91	0
4077	91	0
4078	91	0
4079	91	0
4080	91	0
4081	91	0
4082	91	0
4083	91	0
4084	91	0
4085	91	0
4086	91	0
4087	91	0
4088	91	0
4089	91	0
4090	91	0
4091	91	0
4092	91	0
4093	91	0
4094	91	0
4095	91	0
4096	91	0
4097	91	0
4098	91	0
4099	91	0
4100	91	0
4101	91	0
4102	91	0
4103	91	0
4104	91	0
4105	91	0
4106	91	0
4107	91	0
4108	91	0
4109	91	0
4110	91	0
4111	91	0
4112	91	0
4113	91	0
4114	91	0
4115	91	0
4116	91	0
4117	91	0
4118	91	0
4119	91	0
4120	91	0
4121	91	0
4122	91	0
4123	91	0
4124	91	0
4125	91	0
4126	91	0
4127	91	0
4128	91	0
4129	91	0
4130	91	0
4131	91	0
4132	91	0
4133	91	0
4134	91	0
4135	92	0
4136	91	0
4137	91	0
4138	91	0
4139	91	0
4140	91	0
4141	92	0
4142	91	0
4143	91	0
4144	90	0
4145	91	0
4146	91	0
4147	92	0
4148	91	0
4149	91	0
4150	91	0
4151	91	0
4152	91	0
4153	92	0
4154	91	0
4155	91	0
4156	91	0
4157	91	0
4158	91	0
4159	92	0
4160	91	0
4161	91	0
4162	91	0
4163	91	0
4164	91	0
4165	91	0
4166	91	0
4167	91	0
4168	91	0
4169	91	0
4170	91	0
4171	91	0
4172	91	0
4173	91	0
4174	91	0
4175	91	0
4176	91	0
4177	91	0
4178	90	0
4179	91	0
4180	91	0
4181	91	0
4182	91	0
4183	92	0
4184	91	0
4185	91	0
4186	91	0
4187	91	0
4188	91	0
4189	91	0
4190	91	0
4191	91	0
4192	91	0
4193	91	0
4194	91	0
4195	91	0
4196	91	0
4197	90	0
4198	91	0
4199	91	0
4200	91	0
4201	91	0
4202	91	0
4203	91	0
4204	91	0
4205	91	0
4206	91	0
4207	91	0
4208	91	0
4209	91	0
4210	91	0
4211	91	0
4212	91	0
4213	91	0
4214	91	0
4215	91	0
4216	91	0
4217	91	0
4218	91	0
4219	91	0
4220	91	0
4221	91	0
4222	91	0
4223	91	0
4224	91	0
4225	91	0
4226	91	0
4227	91	0
4228	91	0
4229	91	0
4230	91	0
4231	91	0
4232	91	0
4233	91	0
4234	91	0
4235	91	0
4236	91	0
4237	91	0
4238	91	0
4239	91	0
4240	91	0
4241	91	0
4242	91	0
4243	91	0
4244	91	0
4245	91	0
4246	91	0
4247	91	0
4248	91	0
4249	91	0
4250	91	0
4251	91	0
4252	91	0
4253	91	0
4254	91	0
4255	91	0
4256	91	0
4257	91	0
4258	91	0
4259	91	0
4260	90	0
4261	91	0
4262	91	0
4263	91	0
4264	91	0
4265	91	0
4266	91	0
4267	91	0
4268	91	0
4269	91	0
4270	91	0
4271	91	0
4272	91	0
4273	91	0
4274	91	0
4275	91	0
4276	91	0
4277	91	0
4278	91	0
4279	91	0
4280	91	0
4281	91	0
4282	91	0
4283	91	0
4284	91	0
4285	91	0
4286	91	0
4287	91	0
4288	91	0
4289	91	0
4290	91	0
4291	91	0
4292	91	0
4293	91	0
4294	91	0
4295	91	0
4296	91	0
4297	91	0
4298	91	0
4299	91	0
4300	91	0
4301	91	0
4302	91	0
4303	91	0
4304	91	0
4305	91	0
4306	91	0
4307	91	0
4308	90	0
4309	91	0
4310	91	0
4311	91	0
4312	91	0
4313	91	0
4314	91	0
4315	91	0
4316	91	0
4317	91	0
4318	91	0
4319	91	0
4320	91	0
4321	91	0
4322	91	0
4323	91	0
4324	91	0
4325	91	0
4326	91	0
4327	91	0
4328	91	0
4329	91	0
4330	91	0
4331	91	0
4332	91	0
4333	91	0
4334	91	0
4335	91	0
4336	91	0
4337	91	0
4338	91	0
4339	91	0
4340	91	0
4341	91	0
4342	91	0
4343	91	0
4344	91	0
4345	91	0
4346	91	0
4347	91	0
4348	91	0
4349	91	0
4350	91	0
4351	91	0
4352	91	0
4353	91	0
4354	91	0
4355	91	0
4356	91	0
4357	91	0
4358	91	0
4359	91	0
4360	91	0
4361	91	0
4362	91	0
4363	91	0
4364	91	0
4365	91	0
4366	91	0
4367	91	0
4368	91	0
4369	91	0
4370	91	0
4371	91	0
4372	91	0
4373	91	0
4374	91	0
4375	91	0
4376	91	0
4377	91	0
4378	91	0
4379	91	0
4380	91	0
4381	91	0
4382	91	0
4383	91	0
4384	91	0
4385	91	0
4386	91	0
4387	91	0
4388	91	0
4389	91	0
4390	91	0
4391	91	0
4392	91	0
4393	91	0
4394	91	0
4395	91	0
4396	91	0
4397	91	0
4398	91	0
4399	91	0
4400	91	0
4401	91	0
4402	91	0
4403	91	0
4404	91	0
4405	92	0
4406	91	0
4407	92	0
4408	91	0
4409	91	0
4410	92	0
4411	91	0
4412	92	0
4413	92	0
4414	91	0
4415	91	0
4416	91	0
4417	92	0
4418	91	0
4419	92	0
4420	91	0
4421	91	0
4422	92	0
4423	92	0
4424	91	0
4425	92	0
4426	91	0
4427	91	0
4428	91	0
4429	91	0
4430	92	0
4431	92	0
4432	91	0
4433	91	0
4434	91	0
4435	92	0
4436	91	0
4437	91	0
4438	90	0
4439	91	0
4440	91	0
4441	91	0
4442	91	0
4443	92	0
4444	91	0
4445	91	0
4446	91	0
4447	91	0
4448	91	0
4449	92	0
4450	91	0
4451	91	0
4452	91	0
4453	90	0
4454	91	0
4455	92	0
4456	91	0
4457	92	0
4458	91	0
4459	91	0
4460	91	0
4461	91	0
4462	91	0
4463	91	0
4464	91	0
4465	91	0
4466	92	0
4467	91	0
4468	91	0
4469	91	0
4470	91	0
4471	91	0
4472	92	0
4473	91	0
4474	91	0
4475	91	0
4476	91	0
4477	91	0
4478	91	0
4479	91	0
4480	91	0
4481	91	0
4482	91	0
4483	91	0
4484	91	0
4485	91	0
4486	91	0
4487	91	0
4488	91	0
4489	91	0
4490	91	0
4491	91	0
4492	91	0
4493	91	0
4494	91	0
4495	91	0
4496	91	0
4497	91	0
4498	91	0
4499	91	0
4500	91	0
4501	91	0
4502	91	0
4503	91	0
4504	91	0
4505	91	0
4506	91	0
4507	91	0
4508	91	0
4509	91	0
4510	91	0
4511	91	0
4512	91	0
4513	91	0
4514	91	0
4515	91	0
4516	91	0
4517	91	0
4518	91	0
4519	91	0
4520	91	0
4521	91	0
4522	91	0
4523	91	0
4524	91	0
4525	91	0
4526	91	0
4527	91	0
4528	91	0
4529	91	0
4530	91	0
4531	91	0
4532	91	0
4533	91	0
4534	91	0
4535	91	0
4536	91	0
4537	91	0
4538	91	0
4539	91	0
4540	91	0
4541	91	0
4542	91	0
4543	91	0
4544	91	0
4545	91	0
4546	91	0
4547	91	0
4548	91	0
4549	91	0
4550	91	0
4551	91	0
4552	91	0
4553	92	0
4554	91	0
4555	91	0
4556	91	0
4557	90	0
4558	91	0
4559	91	0
4560	90	0
4561	91	0
4562	91	0
4563	91	0
4564	91	0
4565	91	0
4566	91	0
4567	91	0
4568	91	0
4569	91	0
4570	91	0
4571	91	0
4572	91	0
4573	91	0
4574	91	0
4575	91	0
4576	91	0
4577	91	0
4578	91	0
4579	91	0
4580	91	0
4581	91	0
4582	91	0
4583	91	0
4584	91	0
4585	91	0
4586	91	0
4587	91	0
4588	91	0
4589	91	0
4590	91	0
4591	91	0
4592	91	0
4593	91	0
4594	91	0
4595	91	0
4596	91	0
4597	91	0
4598	91	0
4599	91	0
4600	91	0
4601	91	0
4602	91	0
4603	91	0
4604	91	0
4605	91	0
4606	91	0
4607	91	0
4608	91	0
4609	91	0
4610	91	0
4611	91	0
4612	91	0
4613	91	0
4614	91	0
4615	91	0
4616	91	0
4617	91	0
4618	91	0
4619	91	0
4620	91	0
4621	91	0
4622	91	0
4623	91	0
4624	91	0
4625	91	0
4626	91	0
4627	91	0
4628	91	0
4629	91	0
4630	91	0
4631	91	0
4632	91	0
4633	91	0
4634	91	0
4635	91	0
4636	91	0
4637	91	0
4638	91	0
4639	91	0
4640	91	0
4641	91	0
4642	91	0
4643	91	0
4644	91	0
4645	91	0
4646	91	0
4647	91	0
4648	91	0
4649	91	0
4650	91	0
4651	91	0
4652	91	0
4653	91	0
4654	91	0
4655	91	0
4656	91	0
4657	91	0
4658	91	0
4659	91	0
4660	91	0
4661	91	0
4662	91	0
4663	91	0
4664	91	0
4665	91	0
4666	91	0
4667	91	0
4668	91	0
4669	91	0
4670	91	0
4671	91	0
4672	91	0
4673	91	0
4674	91	0
4675	91	0
4676	91	0
4677	91	0
4678	91	0
4679	91	0
4680	91	0
4681	91	0
4682	91	0
4683	91	0
4684	91	0
4685	91	0
4686	91	0
4687	91	0
4688	91	0
4689	91	0
4690	91	0
4691	91	0
4692	91	0
4693	91	0
4694	91	0
4695	91	0
4696	91	0
4697	91	0
4698	91	0
4699	91	0
4700	91	0
4701	91	0
4702	91	0
4703	92	0
4704	91	0
4705	91	0
4706	91	0
4707	91	0
4708	91	0
4709	91	0
4710	91	0
4711	91	0
4712	91	0
4713	91	0
4714	91	0
4715	91	0
4716	91	0
4717	91	0
4718	91	0
4719	91	0
4720	91	0
4721	91	0
4722	91	0
4723	91	0
4724	91	0
4725	91	0
4726	91	0
4727	91	0
4728	91	0
4729	91	0
4730	91	0
4731	90	0
4732	91	0
4733	91	0
4734	91	0
4735	91	0
4736	91	0
4737	91	0
4738	91	0
4739	91	0
4740	91	0
4741	91	0
4742	92	0
4743	91	0
4744	91	0
4745	91	0
4746	91	0
4747	91	0
4748	91	0
4749	91	0
4750	91	0
4751	91	0
4752	91	0
4753	91	0
4754	97	0
4755	190	0
4756	201	0
4757	198	0
4758	200	0
4759	201	0
4760	201	0
4761	201	0
4762	200	0
4763	198	0
4764	194	0
4765	158	0
4766	111	0
4767	98	0
4768	94	0
4769	93	0
4770	91	0
4771	91	0
4772	91	0
4773	91	0
4774	91	0
4775	91	0
4776	91	0
4777	91	0
4778	92	0
4779	91	0
4780	91	0
4781	91	0
4782	91	0
4783	91	0
4784	91	0
4785	91	0
4786	91	0
4787	91	0
4788	91	0
4789	91	0
4790	91	0
4791	91	0
4792	91	0
4793	91	0
4794	91	0
4795	91	0
4796	91	0
4797	91	0
4798	91	0
4799	91	0
4800	91	0
4801	91	0
4802	92	0
4803	92	0
4804	91	0
4805	91	0
4806	91	0
4807	91	0
4808	90	0
4809	91	0
4810	91	0
4811	91	0
4812	91	0
4813	91	0
4814	91	0
4815	91	0
4816	91	0
4817	91	0
4818	91	0
4819	91	0
4820	91	0
4821	91	0
4822	91	0
4823	90	0
4824	91	0
4825	91	0
4826	91	0
4827	91	0
4828	91	0
4829	91	0
4830	91	0
4831	91	0
4832	91	0
4833	91	0
4834	91	0
4835	91	0
4836	91	0
4837	91	0
4838	91	0
4839	91	0
4840	91	0
4841	91	0
4842	92	0
4843	91	0
4844	91	0
4845	91	0
4846	91	0
4847	91	0
4848	92	0
4849	91	0
4850	91	0
4851	91	0
4852	91	0
4853	91	0
4854	92	0
4855	91	0
4856	91	0
4857	91	0
4858	91	0
4859	91	0
4860	91	0
4861	91	0
4862	91	0
4863	91	0
4864	91	0
4865	91	0
4866	91	0
4867	91	0
4868	91	0
4869	91	0
4870	91	0
4871	91	0
4872	91	0
4873	91	0
4874	91	0
4875	91	0
4876	91	0
4877	91	0
4878	91	0
4879	91	0
4880	91	0
4881	91	0
4882	90	0
4883	91	0
4884	91	0
4885	91	0
4886	91	0
4887	91	0
4888	91	0
4889	91	0
4890	91	0
4891	91	0
4892	91	0
4893	91	0
4894	91	0
4895	91	0
4896	91	0
4897	91	0
4898	91	0
4899	91	0
4900	91	0
4901	91	0
4902	91	0
4903	91	0
4904	91	0
4905	91	0
4906	91	0
4907	91	0
4908	91	0
4909	91	0
4910	91	0
4911	92	0
4912	91	0
4913	91	0
4914	91	0
4915	91	0
4916	91	0
4917	91	0
4918	92	0
4919	91	0
4920	91	0
4921	90	0
4922	91	0
4923	91	0
4924	91	0
4925	91	0
4926	91	0
4927	91	0
4928	91	0
4929	91	0
4930	91	0
4931	90	0
4932	91	0
4933	91	0
4934	91	0
4935	91	0
4936	91	0
4937	91	0
4938	91	0
4939	91	0
4940	91	0
4941	91	0
4942	91	0
4943	91	0
4944	91	0
4945	91	0
4946	91	0
4947	91	0
4948	91	0
4949	91	0
4950	91	0
4951	91	0
4952	91	0
4953	91	0
4954	91	0
4955	91	0
4956	91	0
4957	91	0
4958	91	0
4959	91	0
4960	90	0
4961	91	0
4962	90	0
4963	91	0
4964	91	0
4965	91	0
4966	91	0
4967	91	0
4968	91	0
4969	91	0
4970	92	0
4971	91	0
4972	91	0
4973	91	0
4974	91	0
4975	91	0
4976	91	0
4977	91	0
4978	91	0
4979	92	0
4980	91	0
4981	91	0
4982	91	0
4983	91	0
4984	91	0
4985	91	0
4986	91	0
4987	91	0
4988	91	0
4989	91	0
4990	91	0
4991	91	0
4992	91	0
4993	91	0
4994	91	0
4995	91	0
4996	91	0
4997	91	0
4998	91	0
4999	91	0
5000	91	0
5001	91	0
5002	91	0
5003	91	0
5004	91	0
5005	91	0
5006	91	0
5007	91	0
5008	91	0
5009	91	0
5010	91	0
5011	91	0
5012	91	0
5013	91	0
5014	91	0
5015	91	0
5016	91	0
5017	91	0
5018	90	0
5019	91	0
5020	91	0
5021	91	0
5022	91	0
5023	91	0
5024	91	0
5025	91	0
5026	91	0
5027	91	0
5028	91	0
5029	91	0
5030	91	0
5031	91	0
5032	91	0
5033	91	0
5034	91	0
5035	91	0
5036	91	0
5037	92	0
5038	91	0
5039	91	0
5040	91	0
5041	91	0
5042	91	0
5043	91	0
5044	91	0
5045	91	0
5046	91	0
5047	92	0
5048	90	0
5049	91	0
5050	91	0
5051	91	0
5052	91	0
5053	91	0
5054	91	0
5055	91	0
5056	91	0
5057	91	0
5058	91	0
5059	91	0
5060	91	0
5061	91	0
5062	91	0
5063	91	0
5064	91	0
5065	91	0
5066	91	0
5067	91	0
5068	91	0
5069	91	0
5070	91	0
5071	91	0
5072	91	0
5073	91	0
5074	91	0
5075	91	0
5076	91	0
5077	91	0
5078	91	0
5079	91	0
5080	91	0
5081	91	0
5082	91	0
5083	91	0
5084	91	0
5085	91	0
5086	91	0
5087	91	0
5088	91	0
5089	91	0
5090	91	0
5091	91	0
5092	91	0
5093	91	0
5094	91	0
5095	91	0
5096	91	0
5097	91	0
5098	91	0
5099	91	0
5100	91	0
5101	91	0
5102	91	0
5103	91	0
5104	91	0
5105	91	0
5106	91	0
5107	91	0
5108	91	0
5109	91	0
5110	91	0
5111	91	0
5112	91	0
5113	91	0
5114	91	0
5115	91	0
5116	91	0
5117	91	0
5118	91	0
5119	91	0
5120	91	0
5121	91	0
5122	91	0
5123	91	0
5124	91	0
5125	91	0
5126	91	0
5127	91	0
5128	91	0
5129	91	0
5130	92	0
5131	91	0
5132	91	0
5133	91	0
5134	91	0
5135	91	0
5136	92	0
5137	91	0
5138	91	0
5139	91	0
5140	91	0
5141	92	0
5142	91	0
5143	91	0
5144	91	0
5145	91	0
5146	91	0
5147	91	0
5148	91	0
5149	91	0
5150	91	0
5151	91	0
5152	91	0
5153	91	0
5154	91	0
5155	91	0
5156	91	0
5157	91	0
5158	91	0
5159	91	0
5160	91	0
5161	91	0
5162	91	0
5163	91	0
5164	91	0
5165	91	0
5166	91	0
5167	91	0
5168	92	0
5169	91	0
5170	91	0
5171	91	0
5172	91	0
5173	91	0
5174	92	0
5175	91	0
5176	91	0
5177	91	0
5178	91	0
5179	91	0
5180	92	0
5181	91	0
5182	91	0
5183	91	0
5184	91	0
5185	91	0
5186	92	0
5187	92	0
5188	92	0
5189	91	0
5190	91	0
5191	92	0
5192	91	0
5193	90	0
5194	91	0
5195	91	0
5196	91	0
5197	91	0
5198	91	0
5199	91	0
5200	91	0
5201	91	0
5202	91	0
5203	91	0
5204	91	0
5205	91	0
5206	92	0
5207	91	0
5208	91	0
5209	91	0
5210	91	0
5211	91	0
5212	91	0
5213	91	0
5214	91	0
5215	91	0
5216	92	0
5217	91	0
5218	91	0
5219	91	0
5220	91	0
5221	91	0
5222	92	0
5223	91	0
5224	91	0
5225	91	0
5226	90	0
5227	91	0
5228	92	0
5229	91	0
5230	91	0
5231	91	0
5232	91	0
5233	91	0
5234	91	0
5235	91	0
5236	91	0
5237	91	0
5238	91	0
5239	92	0
5240	91	0
5241	91	0
5242	91	0
5243	91	0
5244	91	0
5245	92	0
5246	91	0
5247	91	0
5248	91	0
5249	91	0
5250	91	0
5251	92	0
5252	91	0
5253	91	0
5254	91	0
5255	91	0
5256	91	0
5257	91	0
5258	91	0
5259	91	0
5260	91	0
5261	91	0
5262	92	0
5263	91	0
5264	91	0
5265	91	0
5266	91	0
5267	91	0
5268	91	0
5269	91	0
5270	91	0
5271	91	0
5272	91	0
5273	91	0
5274	91	0
5275	91	0
5276	91	0
5277	91	0
5278	91	0
5279	91	0
5280	91	0
5281	91	0
5282	91	0
5283	91	0
5284	91	0
5285	91	0
5286	91	0
5287	91	0
5288	91	0
5289	91	0
5290	91	0
5291	91	0
5292	91	0
5293	91	0
5294	91	0
5295	91	0
5296	91	0
5297	91	0
5298	91	0
5299	91	0
5300	91	0
5301	91	0
5302	91	0
5303	92	0
5304	91	0
5305	91	0
5306	91	0
5307	91	0
5308	91	0
5309	92	0
5310	91	0
5311	91	0
5312	91	0
5313	91	0
5314	91	0
5315	91	0
5316	91	0
5317	91	0
5318	91	0
5319	91	0
5320	91	0
5321	91	0
5322	91	0
5323	91	0
5324	91	0
5325	91	0
5326	91	0
5327	91	0
5328	91	0
5329	91	0
5330	91	0
5331	91	0
5332	91	0
5333	91	0
5334	91	0
5335	91	0
5336	91	0
5337	91	0
5338	91	0
5339	91	0
5340	91	0
5341	91	0
5342	91	0
5343	91	0
5344	91	0
5345	91	0
5346	91	0
5347	91	0
5348	91	0
5349	91	0
5350	91	0
5351	91	0
5352	91	0
5353	91	0
5354	91	0
5355	91	0
5356	91	0
5357	91	0
5358	91	0
5359	91	0
5360	91	0
5361	91	0
5362	91	0
5363	91	0
5364	91	0
5365	91	0
5366	91	0
5367	91	0
5368	91	0
5369	91	0
5370	91	0
5371	91	0
5372	91	0
5373	91	0
5374	91	0
5375	92	0
5376	91	0
5377	92	0
5378	91	0
5379	91	0
5380	91	0
5381	91	0
5382	91	0
5383	91	0
5384	91	0
5385	91	0
5386	91	0
5387	91	0
5388	91	0
5389	91	0
5390	91	0
5391	91	0
5392	91	0
5393	91	0
5394	91	0
5395	91	0
5396	91	0
5397	91	0
5398	91	0
5399	91	0
5400	91	0
5401	91	0
5402	91	0
5403	92	0
5404	91	0
5405	91	0
5406	91	0
5407	91	0
5408	91	0
5409	92	0
5410	91	0
5411	91	0
5412	91	0
5413	90	0
5414	91	0
5415	92	0
5416	91	0
5417	91	0
5418	91	0
5419	90	0
5420	91	0
5421	91	0
5422	91	0
5423	91	0
5424	91	0
5425	91	0
5426	91	0
5427	91	0
5428	91	0
5429	91	0
5430	91	0
5431	91	0
5432	91	0
5433	91	0
5434	91	0
5435	91	0
5436	91	0
5437	91	0
5438	91	0
5439	91	0
5440	91	0
5441	91	0
5442	91	0
5443	91	0
5444	91	0
5445	91	0
5446	91	0
5447	92	0
5448	91	0
5449	91	0
5450	91	0
5451	91	0
5452	91	0
5453	92	0
5454	91	0
5455	91	0
5456	91	0
5457	91	0
5458	91	0
5459	92	0
5460	91	0
5461	91	0
5462	91	0
5463	90	0
5464	91	0
5465	91	0
5466	91	0
5467	91	0
5468	91	0
5469	91	0
5470	91	0
5471	91	0
5472	91	0
5473	91	0
5474	91	0
5475	91	0
5476	91	0
5477	91	0
5478	91	0
5479	91	0
5480	91	0
5481	91	0
5482	91	0
5483	91	0
5484	91	0
5485	91	0
5486	91	0
5487	91	0
5488	91	0
5489	91	0
5490	91	0
5491	91	0
5492	91	0
5493	91	0
5494	91	0
5495	91	0
5496	91	0
5497	91	0
5498	91	0
5499	91	0
5500	91	0
5501	91	0
5502	91	0
5503	91	0
5504	91	0
5505	91	0
5506	90	0
5507	91	0
5508	91	0
5509	91	0
5510	91	0
5511	91	0
5512	91	0
5513	91	0
5514	91	0
5515	91	0
5516	91	0
5517	91	0
5518	91	0
5519	91	0
5520	91	0
5521	91	0
5522	91	0
5523	91	0
5524	91	0
5525	91	0
5526	91	0
5527	91	0
5528	91	0
5529	91	0
5530	91	0
5531	91	0
5532	91	0
5533	91	0
5534	91	0
5535	91	0
5536	91	0
5537	91	0
5538	91	0
5539	91	0
5540	91	0
5541	91	0
5542	91	0
5543	91	0
5544	91	0
5545	91	0
5546	91	0
5547	91	0
5548	91	0
5549	91	0
5550	92	0
5551	91	0
5552	91	0
5553	91	0
5554	91	0
5555	91	0
5556	91	0
5557	91	0
5558	91	0
5559	91	0
5560	91	0
5561	92	0
5562	91	0
5563	91	0
5564	91	0
5565	91	0
5566	91	0
5567	91	0
5568	91	0
5569	91	0
5570	91	0
5571	91	0
5572	91	0
5573	91	0
5574	91	0
5575	91	0
5576	91	0
5577	91	0
5578	91	0
5579	91	0
5580	91	0
5581	91	0
5582	91	0
5583	91	0
5584	91	0
5585	91	0
5586	91	0
5587	91	0
5588	91	0
5589	92	0
5590	91	0
5591	92	0
5592	91	0
5593	91	0
5594	91	0
5595	92	0
5596	91	0
5597	91	0
5598	91	0
5599	91	0
5600	91	0
5601	92	0
5602	91	0
5603	91	0
5604	91	0
5605	91	0
5606	91	0
5607	92	0
5608	91	0
5609	91	0
5610	91	0
5611	91	0
5612	91	0
5613	92	0
5614	91	0
5615	91	0
5616	91	0
5617	91	0
5618	91	0
5619	92	0
5620	91	0
5621	91	0
5622	91	0
5623	91	0
5624	91	0
5625	92	0
5626	91	0
5627	91	0
5628	91	0
5629	91	0
5630	91	0
5631	91	0
5632	91	0
5633	91	0
5634	91	0
5635	91	0
5636	91	0
5637	91	0
5638	91	0
5639	91	0
5640	91	0
5641	91	0
5642	91	0
5643	91	0
5644	91	0
5645	91	0
5646	91	0
5647	91	0
5648	91	0
5649	91	0
5650	91	0
5651	91	0
5652	91	0
5653	91	0
5654	91	0
5655	91	0
5656	91	0
5657	91	0
5658	91	0
5659	91	0
5660	91	0
5661	91	0
5662	91	0
5663	91	0
5664	91	0
5665	91	0
5666	91	0
5667	91	0
5668	91	0
5669	91	0
5670	91	0
5671	91	0
5672	91	0
5673	91	0
5674	91	0
5675	91	0
5676	91	0
5677	91	0
5678	91	0
5679	91	0
5680	91	0
5681	91	0
5682	91	0
5683	91	0
5684	92	0
5685	91	0
5686	91	0
5687	91	0
5688	91	0
5689	91	0
5690	92	0
5691	91	0
5692	91	0
5693	91	0
5694	92	0
5695	92	0
5696	93	0
5697	91	0
5698	90	0
5699	91	0
5700	91	0
5701	91	0
5702	91	0
5703	91	0
5704	91	0
5705	93	0
5706	113	0
5707	193	0
5708	198	0
5709	198	0
5710	199	0
5711	201	0
5712	201	0
5713	200	0
5714	200	0
5715	197	0
5716	195	0
5717	134	0
5718	95	0
5719	92	0
5720	94	0
5721	95	0
5722	94	0
5723	94	0
5724	93	0
5725	91	0
5726	91	0
5727	90	0
5728	90	0
5729	91	0
5730	91	0
5731	91	0
5732	91	0
5733	91	0
5734	91	0
5735	91	0
5736	91	0
5737	91	0
5738	91	0
5739	91	0
5740	91	0
5741	91	0
5742	91	0
5743	91	0
5744	91	0
5745	91	0
5746	91	0
5747	91	0
5748	91	0
5749	91	0
5750	91	0
5751	91	0
5752	91	0
5753	91	0
5754	91	0
5755	91	0
5756	91	0
5757	91	0
5758	91	0
5759	91	0
5760	91	0
5761	91	0
5762	91	0
5763	91	0
5764	91	0
5765	91	0
5766	91	0
5767	91	0
5768	91	0
5769	91	0
5770	91	0
5771	91	0
5772	91	0
5773	91	0
5774	91	0
5775	91	0
5776	91	0
5777	91	0
5778	91	0
5779	91	0
5780	91	0
5781	91	0
5782	91	0
5783	91	0
5784	91	0
5785	91	0
5786	91	0
5787	91	0
5788	91	0
5789	91	0
5790	91	0
5791	91	0
5792	91	0
5793	91	0
5794	91	0
5795	91	0
5796	91	0
5797	91	0
5798	91	0
5799	91	0
5800	91	0
5801	91	0
5802	91	0
5803	92	0
5804	91	0
5805	90	0
5806	91	0
5807	91	0
5808	91	0
5809	91	0
5810	91	0
5811	91	0
5812	91	0
5813	91	0
5814	91	0
5815	91	0
5816	91	0
5817	91	0
5818	91	0
5819	91	0
5820	91	0
5821	91	0
5822	91	0
5823	91	0
5824	91	0
5825	91	0
5826	91	0
5827	91	0
5828	91	0
5829	91	0
5830	91	0
5831	91	0
5832	91	0
5833	91	0
5834	91	0
5835	91	0
5836	91	0
5837	91	0
5838	91	0
5839	91	0
5840	91	0
5841	91	0
5842	91	0
5843	91	0
5844	91	0
5845	91	0
5846	91	0
5847	91	0
5848	91	0
5849	91	0
5850	91	0
5851	91	0
5852	91	0
5853	91	0
5854	91	0
5855	91	0
5856	91	0
5857	91	0
5858	91	0
5859	91	0
5860	91	0
5861	91	0
5862	91	0
5863	91	0
5864	91	0
5865	91	0
5866	91	0
5867	91	0
5868	91	0
5869	91	0
5870	91	0
5871	91	0
5872	91	0
5873	91	0
5874	91	0
5875	91	0
5876	91	0
5877	91	0
5878	91	0
5879	91	0
5880	91	0
5881	91	0
5882	91	0
5883	91	0
5884	91	0
5885	91	0
5886	91	0
5887	91	0
5888	91	0
5889	91	0
5890	91	0
5891	91	0
5892	91	0
5893	91	0
5894	91	0
5895	91	0
5896	91	0
5897	91	0
5898	91	0
5899	91	0
5900	91	0
5901	92	0
5902	91	0
5903	91	0
5904	91	0
5905	91	0
5906	91	0
5907	91	0
5908	91	0
5909	91	0
5910	91	0
5911	91	0
5912	91	0
5913	91	0
5914	91	0
5915	91	0
5916	91	0
5917	91	0
5918	91	0
5919	91	0
5920	91	0
5921	91	0
5922	91	0
5923	91	0
5924	91	0
5925	91	0
5926	91	0
5927	91	0
5928	91	0
5929	91	0
5930	91	0
5931	91	0
5932	91	0
5933	91	0
5934	91	0
5935	91	0
5936	91	0
5937	91	0
5938	91	0
5939	91	0
5940	91	0
5941	91	0
5942	91	0
5943	91	0
5944	91	0
5945	91	0
5946	91	0
5947	91	0
5948	91	0
5949	91	0
5950	91	0
5951	91	0
5952	91	0
5953	91	0
5954	91	0
5955	91	0
5956	91	0
5957	91	0
5958	91	0
5959	91	0
5960	91	0
5961	91	0
5962	91	0
5963	91	0
5964	91	0
5965	92	0
5966	91	0
5967	91	0
5968	91	0
5969	91	0
5970	91	0
5971	92	0
5972	91	0
5973	91	0
5974	91	0
5975	91	0
5976	91	0
5977	91	0
5978	91	0
5979	91	0
5980	91	0
5981	91	0
5982	91	0
5983	91	0
5984	91	0
5985	91	0
5986	91	0
5987	91	0
5988	91	0
5989	91	0
5990	91	0
5991	91	0
5992	91	0
5993	91	0
5994	91	0
5995	91	0
5996	91	0
5997	91	0
5998	91	0
5999	91	0
6000	91	0
6001	91	0
6002	91	0
6003	91	0
6004	91	0
6005	91	0
6006	91	0
6007	91	0
6008	92	0
6009	91	0
6010	91	0
6011	91	0
6012	91	0
6013	92	0
6014	92	0
6015	91	0
6016	91	0
6017	91	0
6018	91	0
6019	91	0
6020	92	0
6021	91	0
6022	91	0
6023	91	0
6024	91	0
6025	91	0
6026	92	0
6027	91	0
6028	91	0
6029	90	0
6030	91	0
6031	91	0
6032	91	0
6033	90	0
6034	91	0
6035	91	0
6036	91	0
6037	91	0
6038	91	0
6039	91	0
6040	91	0
6041	91	0
6042	91	0
6043	91	0
6044	91	0
6045	91	0
6046	91	0
6047	91	0
6048	91	0
6049	91	0
6050	91	0
6051	91	0
6052	91	0
6053	91	0
6054	91	0
6055	91	0
6056	91	0
6057	91	0
6058	91	0
6059	91	0
6060	91	0
6061	91	0
6062	91	0
6063	91	0
6064	92	0
6065	91	0
6066	91	0
6067	91	0
6068	91	0
6069	91	0
6070	92	0
6071	91	0
6072	91	0
6073	91	0
6074	91	0
6075	91	0
6076	92	0
6077	91	0
6078	91	0
6079	91	0
6080	91	0
6081	91	0
6082	92	0
6083	91	0
6084	91	0
6085	91	0
6086	91	0
6087	91	0
6088	92	0
6089	91	0
6090	92	0
6091	91	0
6092	91	0
6093	91	0
6094	91	0
6095	91	0
6096	92	0
6097	91	0
6098	91	0
6099	91	0
6100	91	0
6101	91	0
6102	91	0
6103	91	0
6104	91	0
6105	91	0
6106	91	0
6107	91	0
6108	91	0
6109	91	0
6110	91	0
6111	91	0
6112	91	0
6113	91	0
6114	91	0
6115	91	0
6116	91	0
6117	91	0
6118	91	0
6119	91	0
6120	91	0
6121	91	0
6122	91	0
6123	91	0
6124	91	0
6125	91	0
6126	91	0
6127	91	0
6128	91	0
6129	91	0
6130	91	0
6131	91	0
6132	91	0
6133	91	0
6134	91	0
6135	91	0
6136	91	0
6137	91	0
6138	91	0
6139	91	0
6140	91	0
6141	91	0
6142	91	0
6143	91	0
6144	91	0
6145	91	0
6146	91	0
6147	91	0
6148	91	0
6149	91	0
6150	91	0
6151	91	0
6152	91	0
6153	92	0
6154	91	0
6155	91	0
6156	91	0
6157	91	0
6158	91	0
6159	92	0
6160	90	0
6161	91	0
6162	91	0
6163	91	0
6164	91	0
6165	91	0
6166	91	0
6167	91	0
6168	91	0
6169	91	0
6170	91	0
6171	91	0
6172	91	0
6173	91	0
6174	91	0
6175	91	0
6176	91	0
6177	91	0
6178	91	0
6179	91	0
6180	91	0
6181	91	0
6182	91	0
6183	91	0
6184	91	0
6185	91	0
6186	91	0
6187	91	0
6188	91	0
6189	91	0
6190	91	0
6191	92	0
6192	91	0
6193	91	0
6194	91	0
6195	91	0
6196	91	0
6197	92	0
6198	91	0
6199	91	0
6200	91	0
6201	91	0
6202	91	0
6203	92	0
6204	91	0
6205	91	0
6206	91	0
6207	91	0
6208	91	0
6209	91	0
6210	91	0
6211	91	0
6212	91	0
6213	91	0
6214	91	0
6215	91	0
6216	91	0
6217	91	0
6218	91	0
6219	91	0
6220	91	0
6221	91	0
6222	91	0
6223	91	0
6224	91	0
6225	91	0
6226	92	0
6227	91	0
6228	92	0
6229	91	0
6230	91	0
6231	91	0
6232	91	0
6233	91	0
6234	92	0
6235	91	0
6236	91	0
6237	91	0
6238	91	0
6239	91	0
6240	92	0
6241	91	0
6242	91	0
6243	91	0
6244	91	0
6245	91	0
6246	91	0
6247	91	0
6248	91	0
6249	91	0
6250	91	0
6251	91	0
6252	91	0
6253	91	0
6254	91	0
6255	91	0
6256	91	0
6257	91	0
6258	91	0
6259	91	0
6260	91	0
6261	91	0
6262	91	0
6263	91	0
6264	91	0
6265	91	0
6266	91	0
6267	91	0
6268	91	0
6269	92	0
6270	91	0
6271	91	0
6272	91	0
6273	91	0
6274	91	0
6275	91	0
6276	91	0
6277	91	0
6278	91	0
6279	91	0
6280	91	0
6281	91	0
6282	91	0
6283	91	0
6284	91	0
6285	91	0
6286	91	0
6287	91	0
6288	91	0
6289	91	0
6290	91	0
6291	91	0
6292	91	0
6293	91	0
6294	91	0
6295	91	0
6296	91	0
6297	91	0
6298	91	0
6299	91	0
6300	91	0
6301	91	0
6302	91	0
6303	91	0
6304	91	0
6305	91	0
6306	91	0
6307	91	0
6308	91	0
6309	91	0
6310	91	0
6311	91	0
6312	91	0
6313	91	0
6314	91	0
6315	91	0
6316	91	0
6317	91	0
6318	91	0
6319	91	0
6320	91	0
6321	91	0
6322	91	0
6323	91	0
6324	92	0
6325	91	0
6326	91	0
6327	90	0
6328	90	0
6329	91	0
6330	91	0
6331	91	0
6332	91	0
6333	90	0
6334	91	0
6335	91	0
6336	91	0
6337	91	0
6338	91	0
6339	91	0
6340	91	0
6341	91	0
6342	91	0
6343	91	0
6344	91	0
6345	91	0
6346	91	0
6347	91	0
6348	91	0
6349	91	0
6350	91	0
6351	91	0
6352	91	0
6353	91	0
6354	91	0
6355	91	0
6356	91	0
6357	91	0
6358	91	0
6359	91	0
6360	91	0
6361	91	0
6362	91	0
6363	91	0
6364	91	0
6365	91	0
6366	91	0
6367	91	0
6368	91	0
6369	91	0
6370	91	0
6371	91	0
6372	91	0
6373	91	0
6374	91	0
6375	91	0
6376	91	0
6377	92	0
6378	91	0
6379	92	0
6380	91	0
6381	91	0
6382	91	0
6383	91	0
6384	91	0
6385	92	0
6386	91	0
6387	91	0
6388	91	0
6389	91	0
6390	92	0
6391	91	0
6392	91	0
6393	91	0
6394	91	0
6395	92	0
6396	92	0
6397	91	0
6398	90	0
6399	91	0
6400	92	0
6401	90	0
6402	92	0
6403	91	0
6404	91	0
6405	91	0
6406	91	0
6407	91	0
6408	92	0
6409	91	0
6410	91	0
6411	91	0
6412	91	0
6413	91	0
6414	92	0
6415	91	0
6416	91	0
6417	91	0
6418	91	0
6419	91	0
6420	91	0
6421	91	0
6422	91	0
6423	91	0
6424	91	0
6425	91	0
6426	91	0
6427	91	0
6428	91	0
6429	91	0
6430	91	0
6431	91	0
6432	91	0
6433	91	0
6434	91	0
6435	91	0
6436	91	0
6437	91	0
6438	91	0
6439	92	0
6440	91	0
6441	91	0
6442	91	0
6443	91	0
6444	91	0
6445	92	0
6446	91	0
6447	91	0
6448	91	0
6449	91	0
6450	91	0
6451	92	0
6452	91	0
6453	91	0
6454	90	0
6455	91	0
6456	91	0
6457	91	0
6458	91	0
6459	91	0
6460	91	0
6461	91	0
6462	91	0
6463	91	0
6464	91	0
6465	91	0
6466	91	0
6467	91	0
6468	91	0
6469	91	0
6470	91	0
6471	91	0
6472	91	0
6473	91	0
6474	91	0
6475	91	0
6476	91	0
6477	91	0
6478	91	0
6479	91	0
6480	91	0
6481	91	0
6482	91	0
6483	91	0
6484	91	0
6485	91	0
6486	91	0
6487	91	0
6488	91	0
6489	91	0
6490	91	0
6491	91	0
6492	91	0
6493	91	0
6494	91	0
6495	91	0
6496	91	0
6497	91	0
6498	91	0
6499	91	0
6500	91	0
6501	91	0
6502	91	0
6503	91	0
6504	91	0
6505	91	0
6506	91	0
6507	91	0
6508	92	0
6509	91	0
6510	91	0
6511	91	0
6512	91	0
6513	91	0
6514	92	0
6515	91	0
6516	91	0
6517	91	0
6518	91	0
6519	91	0
6520	92	0
6521	92	0
6522	91	0
6523	91	0
6524	91	0
6525	91	0
6526	91	0
6527	91	0
6528	91	0
6529	91	0
6530	91	0
6531	91	0
6532	91	0
6533	91	0
6534	91	0
6535	91	0
6536	91	0
6537	91	0
6538	91	0
6539	91	0
6540	91	0
6541	91	0
6542	91	0
6543	92	0
6544	91	0
6545	91	0
6546	91	0
6547	91	0
6548	91	0
6549	92	0
6550	91	0
6551	91	0
6552	91	0
6553	91	0
6554	91	0
6555	91	0
6556	91	0
6557	91	0
6558	91	0
6559	91	0
6560	91	0
6561	91	0
6562	91	0
6563	91	0
6564	91	0
6565	91	0
6566	91	0
6567	91	0
6568	91	0
6569	91	0
6570	91	0
6571	91	0
6572	91	0
6573	91	0
6574	91	0
6575	91	0
6576	91	0
6577	91	0
6578	91	0
6579	91	0
6580	91	0
6581	91	0
6582	91	0
6583	91	0
6584	91	0
6585	91	0
6586	91	0
6587	91	0
6588	91	0
6589	91	0
6590	91	0
6591	91	0
6592	91	0
6593	91	0
6594	91	0
6595	91	0
6596	91	0
6597	91	0
6598	91	0
6599	91	0
6600	91	0
6601	91	0
6602	91	0
6603	91	0
6604	91	0
6605	91	0
6606	90	0
6607	91	0
6608	91	0
6609	90	0
6610	91	0
6611	91	0
6612	91	0
6613	90	0
6614	91	0
6615	91	0
6616	90	0
6617	91	0
6618	91	0
6619	91	0
6620	91	0
6621	91	0
6622	91	0
6623	91	0
6624	91	0
6625	91	0
6626	91	0
6627	91	0
6628	91	0
6629	91	0
6630	91	0
6631	91	0
6632	91	0
6633	91	0
6634	91	0
6635	91	0
6636	91	0
6637	91	0
6638	91	0
6639	91	0
6640	91	0
6641	91	0
6642	91	0
6643	91	0
6644	91	0
6645	91	0
6646	91	0
6647	91	0
6648	90	0
6649	90	0
6650	91	0
6651	90	0
6652	91	0
6653	91	0
6654	90	0
6655	91	0
6656	91	0
6657	91	0
6658	91	0
6659	94	0
6660	183	0
6661	201	0
6662	199	0
6663	200	0
6664	201	0
6665	201	0
6666	201	0
6667	201	0
6668	198	0
6669	194	0
6670	173	0
6671	118	0
6672	94	0
6673	91	0
6674	89	0
6675	89	0
6676	90	0
6677	90	0
6678	91	0
6679	92	0
6680	91	0
6681	92	0
6682	91	0
6683	91	0
6684	91	0
6685	91	0
6686	91	0
6687	91	0
6688	91	0
6689	91	0
6690	91	0
6691	91	0
6692	91	0
6693	91	0
6694	91	0
6695	91	0
6696	91	0
6697	91	0
6698	91	0
6699	91	0
6700	91	0
6701	91	0
6702	91	0
6703	91	0
6704	90	0
6705	91	0
6706	91	0
6707	91	0
6708	91	0
6709	91	0
6710	91	0
6711	91	0
6712	91	0
6713	91	0
6714	91	0
6715	91	0
6716	91	0
6717	91	0
6718	91	0
6719	91	0
6720	91	0
6721	91	0
6722	91	0
6723	91	0
6724	91	0
6725	91	0
6726	91	0
6727	91	0
6728	91	0
6729	91	0
6730	91	0
6731	91	0
6732	91	0
6733	92	0
6734	91	0
6735	91	0
6736	91	0
6737	91	0
6738	91	0
6739	91	0
6740	91	0
6741	91	0
6742	91	0
6743	91	0
6744	91	0
6745	91	0
6746	91	0
6747	91	0
6748	91	0
6749	91	0
6750	91	0
6751	91	0
6752	91	0
6753	91	0
6754	91	0
6755	91	0
6756	91	0
6757	91	0
6758	91	0
6759	91	0
6760	91	0
6761	91	0
6762	91	0
6763	91	0
6764	91	0
6765	91	0
6766	91	0
6767	91	0
6768	91	0
6769	91	0
6770	91	0
6771	91	0
6772	91	0
6773	91	0
6774	91	0
6775	91	0
6776	91	0
6777	91	0
6778	91	0
6779	91	0
6780	91	0
6781	91	0
6782	91	0
6783	91	0
6784	91	0
6785	91	0
6786	91	0
6787	91	0
6788	91	0
6789	91	0
6790	91	0
6791	91	0
6792	91	0
6793	91	0
6794	91	0
6795	91	0
6796	91	0
6797	91	0
6798	91	0
6799	91	0
6800	91	0
6801	91	0
6802	91	0
6803	91	0
6804	91	0
6805	91	0
6806	91	0
6807	91	0
6808	91	0
6809	91	0
6810	91	0
6811	91	0
6812	91	0
6813	91	0
6814	91	0
6815	91	0
6816	91	0
6817	91	0
6818	91	0
6819	91	0
6820	91	0
6821	91	0
6822	91	0
6823	91	0
6824	91	0
6825	91	0
6826	91	0
6827	91	0
6828	91	0
6829	91	0
6830	91	0
6831	91	0
6832	91	0
6833	91	0
6834	91	0
6835	92	0
6836	91	0
6837	91	0
6838	91	0
6839	91	0
6840	91	0
6841	92	0
6842	91	0
6843	91	0
6844	91	0
6845	91	0
6846	91	0
6847	92	0
6848	91	0
6849	91	0
6850	91	0
6851	91	0
6852	91	0
6853	93	0
6854	91	0
6855	91	0
6856	91	0
6857	91	0
6858	91	0
6859	92	0
6860	91	0
6861	91	0
6862	91	0
6863	91	0
6864	91	0
6865	91	0
6866	91	0
6867	91	0
6868	91	0
6869	91	0
6870	91	0
6871	91	0
6872	91	0
6873	91	0
6874	91	0
6875	91	0
6876	91	0
6877	91	0
6878	91	0
6879	91	0
6880	90	0
6881	91	0
6882	91	0
6883	91	0
6884	91	0
6885	91	0
6886	91	0
6887	91	0
6888	91	0
6889	91	0
6890	91	0
6891	91	0
6892	90	0
6893	91	0
6894	91	0
6895	91	0
6896	91	0
6897	91	0
6898	91	0
6899	91	0
6900	91	0
6901	91	0
6902	91	0
6903	91	0
6904	91	0
6905	91	0
6906	91	0
6907	91	0
6908	90	0
6909	91	0
6910	91	0
6911	91	0
6912	91	0
6913	91	0
6914	91	0
6915	91	0
6916	91	0
6917	91	0
6918	91	0
6919	91	0
6920	91	0
6921	91	0
6922	91	0
6923	91	0
6924	91	0
6925	91	0
6926	91	0
6927	91	0
6928	92	0
6929	91	0
6930	91	0
6931	91	0
6932	91	0
6933	91	0
6934	92	0
6935	91	0
6936	91	0
6937	90	0
6938	91	0
6939	91	0
6940	91	0
6941	91	0
6942	91	0
6943	91	0
6944	91	0
6945	91	0
6946	91	0
6947	91	0
6948	91	0
6949	91	0
6950	92	0
6951	91	0
6952	91	0
6953	91	0
6954	91	0
6955	92	0
6956	92	0
6957	91	0
6958	91	0
6959	91	0
6960	92	0
6961	90	0
6962	91	0
6963	90	0
6964	91	0
6965	91	0
6966	91	0
6967	91	0
6968	91	0
6969	91	0
6970	91	0
6971	91	0
6972	91	0
6973	91	0
6974	92	0
6975	91	0
6976	91	0
6977	91	0
6978	91	0
6979	91	0
6980	90	0
6981	91	0
6982	91	0
6983	91	0
6984	91	0
6985	91	0
6986	92	0
6987	91	0
6988	91	0
6989	91	0
6990	91	0
6991	92	0
6992	92	0
6993	91	0
6994	91	0
6995	91	0
6996	91	0
6997	91	0
6998	92	0
6999	92	0
7000	91	0
7001	90	0
7002	91	0
7003	92	0
7004	90	0
7005	91	0
7006	91	0
7007	91	0
7008	91	0
7009	91	0
7010	91	0
7011	91	0
7012	91	0
7013	91	0
7014	91	0
7015	91	0
7016	92	0
7017	91	0
7018	91	0
7019	91	0
7020	90	0
7021	92	0
7022	92	0
7023	91	0
7024	91	0
7025	91	0
7026	91	0
7027	91	0
7028	92	0
7029	91	0
7030	91	0
7031	91	0
7032	91	0
7033	91	0
7034	91	0
7035	91	0
7036	91	0
7037	91	0
7038	92	0
7039	91	0
7040	91	0
7041	91	0
7042	90	0
7043	91	0
7044	92	0
7045	91	0
7046	91	0
7047	91	0
7048	91	0
7049	91	0
7050	92	0
7051	91	0
7052	91	0
7053	91	0
7054	91	0
7055	91	0
7056	92	0
7057	91	0
7058	91	0
7059	91	0
7060	91	0
7061	91	0
7062	92	0
7063	91	0
7064	91	0
7065	91	0
7066	90	0
7067	91	0
7068	91	0
7069	91	0
7070	91	0
7071	91	0
7072	91	0
7073	91	0
7074	91	0
7075	91	0
7076	91	0
7077	91	0
7078	91	0
7079	91	0
7080	91	0
7081	91	0
7082	91	0
7083	91	0
7084	91	0
7085	91	0
7086	91	0
7087	91	0
7088	92	0
7089	92	0
7090	91	0
7091	91	0
7092	91	0
7093	91	0
7094	91	0
7095	92	0
7096	91	0
7097	91	0
7098	90	0
7099	91	0
7100	91	0
7101	92	0
7102	91	0
7103	91	0
7104	91	0
7105	90	0
7106	91	0
7107	92	0
7108	91	0
7109	92	0
7110	91	0
7111	91	0
7112	91	0
7113	91	0
7114	91	0
7115	91	0
7116	91	0
7117	91	0
7118	91	0
7119	92	0
7120	90	0
7121	91	0
7122	91	0
7123	91	0
7124	92	0
7125	91	0
7126	91	0
7127	91	0
7128	91	0
7129	91	0
7130	91	0
7131	91	0
7132	91	0
7133	91	0
7134	91	0
7135	91	0
7136	91	0
7137	91	0
7138	91	0
7139	91	0
7140	91	0
7141	91	0
7142	91	0
7143	91	0
7144	91	0
7145	91	0
7146	91	0
7147	91	0
7148	91	0
7149	91	0
7150	91	0
7151	92	0
7152	91	0
7153	91	0
7154	91	0
7155	91	0
7156	91	0
7157	92	0
7158	91	0
7159	91	0
7160	91	0
7161	91	0
7162	91	0
7163	91	0
7164	91	0
7165	91	0
7166	90	0
7167	91	0
7168	91	0
7169	91	0
7170	91	0
7171	91	0
7172	91	0
7173	91	0
7174	91	0
7175	91	0
7176	91	0
7177	91	0
7178	91	0
7179	91	0
7180	91	0
7181	91	0
7182	91	0
7183	91	0
7184	91	0
7185	91	0
7186	91	0
7187	91	0
7188	91	0
7189	91	0
7190	91	0
7191	91	0
7192	91	0
7193	91	0
7194	91	0
7195	91	0
7196	91	0
7197	91	0
7198	91	0
7199	91	0
7200	91	0
7201	91	0
7202	91	0
7203	91	0
7204	91	0
7205	91	0
7206	91	0
7207	91	0
7208	91	0
7209	91	0
7210	91	0
7211	91	0
7212	91	0
7213	91	0
7214	91	0
7215	91	0
7216	91	0
7217	91	0
7218	91	0
7219	91	0
7220	91	0
7221	91	0
7222	91	0
7223	91	0
7224	91	0
7225	91	0
7226	91	0
7227	91	0
7228	91	0
7229	91	0
7230	91	0
7231	92	0
7232	91	0
7233	91	0
7234	91	0
7235	91	0
7236	91	0
7237	91	0
7238	90	0
7239	90	0
7240	91	0
7241	91	0
7242	91	0
7243	91	0
7244	91	0
7245	92	0
7246	91	0
7247	92	0
7248	91	0
7249	91	0
7250	91	0
7251	91	0
7252	91	0
7253	91	0
7254	91	0
7255	91	0
7256	91	0
7257	91	0
7258	91	0
7259	91	0
7260	91	0
7261	91	0
7262	91	0
7263	91	0
7264	91	0
7265	91	0
7266	91	0
7267	91	0
7268	91	0
7269	91	0
7270	91	0
7271	91	0
7272	91	0
7273	91	0
7274	90	0
7275	91	0
7276	91	0
7277	91	0
7278	91	0
7279	91	0
7280	91	0
7281	91	0
7282	91	0
7283	91	0
7284	91	0
7285	91	0
7286	91	0
7287	91	0
7288	91	0
7289	91	0
7290	91	0
7291	91	0
7292	91	0
7293	91	0
7294	91	0
7295	91	0
7296	91	0
7297	91	0
7298	91	0
7299	91	0
7300	91	0
7301	91	0
7302	91	0
7303	91	0
7304	91	0
7305	91	0
7306	91	0
7307	91	0
7308	91	0
7309	91	0
7310	91	0
7311	91	0
7312	91	0
7313	91	0
7314	91	0
7315	91	0
7316	91	0
7317	91	0
7318	91	0
7319	91	0
7320	91	0
7321	91	0
7322	91	0
7323	91	0
7324	91	0
7325	90	0
7326	91	0
7327	91	0
7328	91	0
7329	91	0
7330	91	0
7331	92	0
7332	91	0
7333	91	0
7334	91	0
7335	91	0
7336	91	0
7337	91	0
7338	91	0
7339	91	0
7340	91	0
7341	91	0
7342	91	0
7343	91	0
7344	91	0
7345	91	0
7346	91	0
7347	91	0
7348	91	0
7349	91	0
7350	91	0
7351	91	0
7352	91	0
7353	91	0
7354	91	0
7355	91	0
7356	91	0
7357	91	0
7358	91	0
7359	91	0
7360	91	0
7361	91	0
7362	91	0
7363	91	0
7364	91	0
7365	90	0
7366	91	0
7367	91	0
7368	91	0
7369	91	0
7370	91	0
7371	91	0
7372	91	0
7373	91	0
7374	91	0
7375	91	0
7376	91	0
7377	91	0
7378	91	0
7379	91	0
7380	91	0
7381	91	0
7382	91	0
7383	91	0
7384	91	0
7385	92	0
7386	91	0
7387	91	0
7388	91	0
7389	91	0
7390	91	0
7391	92	0
7392	91	0
7393	91	0
7394	91	0
7395	91	0
7396	91	0
7397	92	0
7398	91	0
7399	91	0
7400	91	0
7401	91	0
7402	91	0
7403	91	0
7404	91	0
7405	91	0
7406	91	0
7407	90	0
7408	91	0
7409	91	0
7410	91	0
7411	91	0
7412	91	0
7413	91	0
7414	91	0
7415	91	0
7416	91	0
7417	92	0
7418	91	0
7419	91	0
7420	91	0
7421	91	0
7422	91	0
7423	92	0
7424	91	0
7425	91	0
7426	91	0
7427	91	0
7428	92	0
7429	92	0
7430	91	0
7431	91	0
7432	91	0
7433	92	0
7434	91	0
7435	92	0
7436	91	0
7437	90	0
7438	91	0
7439	91	0
7440	92	0
7441	92	0
7442	91	0
7443	91	0
7444	91	0
7445	91	0
7446	91	0
7447	92	0
7448	91	0
7449	91	0
7450	91	0
7451	90	0
7452	91	0
7453	92	0
7454	91	0
7455	91	0
7456	91	0
7457	91	0
7458	91	0
7459	91	0
7460	90	0
7461	91	0
7462	91	0
7463	91	0
7464	91	0
7465	91	0
7466	91	0
7467	91	0
7468	91	0
7469	92	0
7470	91	0
7471	91	0
7472	91	0
7473	91	0
7474	91	0
7475	91	0
7476	91	0
7477	91	0
7478	92	0
7479	91	0
7480	91	0
7481	91	0
7482	90	0
7483	92	0
7484	91	0
7485	91	0
7486	91	0
7487	91	0
7488	91	0
7489	92	0
7490	91	0
7491	91	0
7492	91	0
7493	91	0
7494	91	0
7495	92	0
7496	91	0
7497	91	0
7498	91	0
7499	91	0
7500	91	0
7501	91	0
7502	91	0
7503	91	0
7504	91	0
7505	91	0
7506	91	0
7507	92	0
7508	91	0
7509	91	0
7510	91	0
7511	91	0
7512	91	0
7513	92	0
7514	91	0
7515	92	0
7516	91	0
7517	91	0
7518	91	0
7519	91	0
7520	91	0
7521	91	0
7522	91	0
7523	91	0
7524	90	0
7525	91	0
7526	91	0
7527	91	0
7528	92	0
7529	91	0
7530	91	0
7531	91	0
7532	91	0
7533	91	0
7534	92	0
7535	91	0
7536	91	0
7537	91	0
7538	91	0
7539	91	0
7540	91	0
7541	91	0
7542	91	0
7543	91	0
7544	91	0
7545	91	0
7546	91	0
7547	91	0
7548	91	0
7549	91	0
7550	91	0
7551	91	0
7552	91	0
7553	91	0
7554	91	0
7555	91	0
7556	91	0
7557	91	0
7558	91	0
7559	91	0
7560	91	0
7561	91	0
7562	91	0
7563	91	0
7564	91	0
7565	91	0
7566	91	0
7567	91	0
7568	91	0
7569	91	0
7570	91	0
7571	91	0
7572	91	0
7573	91	0
7574	91	0
7575	91	0
7576	91	0
7577	91	0
7578	91	0
7579	91	0
7580	91	0
7581	91	0
7582	91	0
7583	91	0
7584	91	0
7585	91	0
7586	91	0
7587	91	0
7588	91	0
7589	91	0
7590	91	0
7591	91	0
7592	91	0
7593	91	0
7594	91	0
7595	91	0
7596	91	0
7597	91	0
7598	90	0
7599	90	0
7600	91	0
7601	90	0
7602	91	0
7603	91	0
7604	91	0
7605	91	0
7606	91	0
7607	92	0
7608	91	0
7609	94	0
7610	181	0
7611	201	0
7612	201	0
7613	200	0
7614	201	0
7615	201	0
7616	201	0
7617	201	0
7618	198	0
7619	194	0
7620	175	0
7621	118	0
7622	93	0
7623	91	0
7624	89	0
7625	89	0
7626	89	0
7627	90	0
7628	91	0
7629	92	0
7630	92	0
7631	91	0
7632	91	0
7633	91	0
7634	93	0
7635	91	0
7636	92	0
7637	91	0
7638	91	0
7639	91	0
7640	91	0
7641	91	0
7642	91	0
7643	91	0
7644	91	0
7645	91	0
7646	91	0
7647	91	0
7648	91	0
7649	91	0
7650	91	0
7651	91	0
7652	91	0
7653	91	0
7654	91	0
7655	91	0
7656	91	0
7657	91	0
7658	91	0
7659	91	0
7660	91	0
7661	91	0
7662	91	0
7663	91	0
7664	91	0
7665	91	0
7666	91	0
7667	91	0
7668	91	0
7669	91	0
7670	91	0
7671	91	0
7672	91	0
7673	91	0
7674	91	0
7675	91	0
7676	91	0
7677	91	0
7678	91	0
7679	91	0
7680	91	0
7681	91	0
7682	91	0
7683	91	0
7684	91	0
7685	91	0
7686	91	0
7687	91	0
7688	91	0
7689	91	0
7690	91	0
7691	91	0
7692	91	0
7693	91	0
7694	91	0
7695	91	0
7696	91	0
7697	91	0
7698	91	0
7699	91	0
7700	91	0
7701	91	0
7702	91	0
7703	91	0
7704	91	0
7705	91	0
7706	91	0
7707	91	0
7708	91	0
7709	91	0
7710	91	0
7711	91	0
7712	91	0
7713	91	0
7714	91	0
7715	91	0
7716	92	0
7717	91	0
7718	91	0
7719	91	0
7720	91	0
7721	91	0
7722	91	0
7723	91	0
7724	91	0
7725	91	0
7726	91	0
7727	91	0
7728	91	0
7729	91	0
7730	91	0
7731	90	0
7732	91	0
7733	91	0
7734	91	0
7735	91	0
7736	91	0
7737	91	0
7738	91	0
7739	91	0
7740	91	0
7741	91	0
7742	91	0
7743	91	0
7744	91	0
7745	92	0
7746	91	0
7747	91	0
7748	91	0
7749	91	0
7750	91	0
7751	91	0
7752	91	0
7753	91	0
7754	91	0
7755	91	0
7756	91	0
7757	91	0
7758	91	0
7759	91	0
7760	91	0
7761	91	0
7762	91	0
7763	91	0
7764	91	0
7765	91	0
7766	91	0
7767	92	0
7768	91	0
7769	91	0
7770	91	0
7771	91	0
7772	91	0
7773	91	0
7774	91	0
7775	91	0
7776	91	0
7777	91	0
7778	91	0
7779	91	0
7780	91	0
7781	91	0
7782	91	0
7783	91	0
7784	91	0
7785	91	0
7786	91	0
7787	91	0
7788	91	0
7789	91	0
7790	91	0
7791	91	0
7792	91	0
7793	91	0
7794	91	0
7795	91	0
7796	91	0
7797	91	0
7798	91	0
7799	91	0
7800	91	0
7801	91	0
7802	91	0
7803	91	0
7804	91	0
7805	91	0
7806	91	0
7807	91	0
7808	92	0
7809	92	0
7810	91	0
7811	91	0
7812	91	0
7813	91	0
7814	90	0
7815	91	0
7816	91	0
7817	91	0
7818	91	0
7819	91	0
7820	91	0
7821	91	0
7822	91	0
7823	91	0
7824	91	0
7825	91	0
7826	91	0
7827	91	0
7828	91	0
7829	91	0
7830	91	0
7831	91	0
7832	91	0
7833	91	0
7834	91	0
7835	91	0
7836	91	0
7837	91	0
7838	91	0
7839	91	0
7840	91	0
7841	91	0
7842	91	0
7843	91	0
7844	91	0
7845	91	0
7846	91	0
7847	91	0
7848	91	0
7849	91	0
7850	91	0
7851	91	0
7852	91	0
7853	91	0
7854	91	0
7855	91	0
7856	91	0
7857	90	0
7858	91	0
7859	91	0
7860	91	0
7861	91	0
7862	91	0
7863	91	0
7864	91	0
7865	91	0
7866	91	0
7867	91	0
7868	91	0
7869	91	0
7870	91	0
7871	91	0
7872	92	0
7873	91	0
7874	91	0
7875	91	0
7876	91	0
7877	91	0
7878	91	0
7879	91	0
7880	91	0
7881	91	0
7882	91	0
7883	91	0
7884	91	0
7885	91	0
7886	91	0
7887	91	0
7888	91	0
7889	91	0
7890	91	0
7891	91	0
7892	91	0
7893	91	0
7894	91	0
7895	91	0
7896	91	0
7897	91	0
7898	91	0
7899	91	0
7900	91	0
7901	91	0
7902	91	0
7903	91	0
7904	91	0
7905	91	0
7906	91	0
7907	91	0
7908	91	0
7909	91	0
7910	91	0
7911	91	0
7912	91	0
7913	91	0
7914	91	0
7915	91	0
7916	91	0
7917	91	0
7918	91	0
7919	91	0
7920	91	0
7921	91	0
7922	92	0
7923	91	0
7924	91	0
7925	91	0
7926	91	0
7927	91	0
7928	92	0
7929	91	0
7930	91	0
7931	91	0
7932	90	0
7933	91	0
7934	92	0
7935	91	0
7936	91	0
7937	91	0
7938	91	0
7939	91	0
7940	92	0
7941	91	0
7942	91	0
7943	90	0
7944	91	0
7945	91	0
7946	91	0
7947	91	0
7948	91	0
7949	91	0
7950	91	0
7951	91	0
7952	91	0
7953	91	0
7954	90	0
7955	91	0
7956	91	0
7957	91	0
7958	91	0
7959	91	0
7960	91	0
7961	91	0
7962	91	0
7963	91	0
7964	91	0
7965	91	0
7966	91	0
7967	91	0
7968	91	0
7969	91	0
7970	91	0
7971	91	0
7972	91	0
7973	91	0
7974	91	0
7975	91	0
7976	91	0
7977	91	0
7978	91	0
7979	91	0
7980	91	0
7981	91	0
7982	91	0
7983	91	0
7984	91	0
7985	91	0
7986	91	0
7987	91	0
7988	91	0
7989	91	0
7990	91	0
7991	91	0
7992	91	0
7993	91	0
7994	91	0
7995	91	0
7996	91	0
7997	91	0
7998	90	0
7999	91	0
