Oscilloscope data. 
Time step = 10,00 nS
Voltage step = 3,125 mV
Zero level = 80

N 	Smpl.	Trig

0	92	0
1	154	0
2	195	0
3	197	0
4	198	0
5	199	0
6	200	0
7	200	0
8	200	0
9	198	0
10	194	0
11	189	0
12	118	0
13	85	0
14	85	0
15	86	0
16	89	0
17	90	0
18	91	0
19	91	0
20	92	0
21	132	0
22	190	0
23	194	0
24	197	0
25	197	0
26	198	0
27	200	0
28	200	0
29	198	0
30	196	0
31	193	0
32	125	0
33	89	0
34	91	0
35	93	0
36	94	0
37	94	0
38	93	0
39	91	0
40	91	0
41	90	0
42	89	0
43	89	0
44	90	0
45	90	0
46	90	0
47	90	0
48	90	0
49	90	0
50	90	0
51	90	0
52	90	0
53	90	0
54	89	0
55	90	0
56	90	0
57	89	0
58	90	0
59	90	0
60	90	0
61	90	0
62	90	0
63	91	0
64	89	0
65	89	0
66	90	0
67	89	0
68	90	0
69	90	0
70	89	0
71	90	0
72	90	0
73	90	0
74	89	0
75	90	0
76	91	0
77	89	0
78	89	0
79	90	0
80	90	0
81	90	0
82	90	0
83	90	0
84	90	0
85	90	0
86	89	0
87	89	0
88	90	0
89	90	0
90	89	0
91	90	0
92	90	0
93	90	0
94	90	0
95	90	0
96	90	0
97	90	0
98	90	0
99	90	0
100	90	0
101	90	0
102	90	0
103	89	0
104	90	0
105	90	0
106	90	0
107	90	0
108	90	0
109	90	0
110	90	0
111	90	0
112	90	0
113	90	0
114	90	0
115	89	0
116	89	0
117	90	0
118	90	0
119	90	0
120	90	0
121	89	0
122	90	0
123	90	0
124	90	0
125	89	0
126	89	0
127	90	0
128	90	0
129	90	0
130	90	0
131	90	0
132	90	0
133	90	0
134	90	0
135	90	0
136	90	0
137	90	0
138	90	0
139	90	0
140	90	0
141	90	0
142	90	0
143	90	0
144	90	0
145	90	0
146	90	0
147	89	0
148	90	0
149	90	0
150	90	0
151	90	0
152	90	0
153	91	0
154	90	0
155	90	0
156	90	0
157	89	0
158	90	0
159	91	0
160	90	0
161	89	0
162	90	0
163	90	0
164	89	0
165	90	0
166	90	0
167	90	0
168	90	0
169	90	0
170	90	0
171	90	0
172	90	0
173	90	0
174	90	0
175	90	0
176	90	0
177	90	0
178	90	0
179	90	0
180	90	0
181	90	0
182	90	0
183	90	0
184	89	0
185	90	0
186	90	0
187	90	0
188	89	0
189	90	0
190	91	0
191	90	0
192	90	0
193	90	0
194	90	0
195	89	0
196	90	0
197	90	0
198	90	0
199	89	0
200	90	0
201	90	0
202	90	0
203	89	0
204	90	0
205	90	0
206	89	0
207	89	0
208	90	0
209	90	0
210	89	0
211	90	0
212	90	0
213	90	0
214	89	0
215	89	0
216	90	0
217	90	0
218	89	0
219	90	0
220	90	0
221	90	0
222	90	0
223	90	0
224	90	0
225	89	0
226	90	0
227	90	0
228	90	0
229	90	0
230	90	0
231	90	0
232	90	0
233	90	0
234	90	0
235	90	0
236	90	0
237	90	0
238	90	0
239	90	0
240	90	0
241	90	0
242	90	0
243	90	0
244	89	0
245	89	0
246	90	0
247	89	0
248	90	0
249	90	0
250	90	0
251	90	0
252	90	0
253	91	0
254	90	0
255	90	0
256	89	0
257	89	0
258	90	0
259	90	0
260	90	0
261	90	0
262	89	0
263	90	0
264	90	0
265	90	0
266	89	0
267	90	0
268	90	0
269	90	0
270	89	0
271	90	0
272	90	0
273	89	0
274	90	0
275	89	0
276	90	0
277	89	0
278	90	0
279	90	0
280	90	0
281	90	0
282	90	0
283	90	0
284	89	0
285	90	0
286	90	0
287	90	0
288	90	0
289	90	0
290	90	0
291	89	0
292	90	0
293	90	0
294	90	0
295	89	0
296	89	0
297	90	0
298	90	0
299	90	0
300	90	0
301	89	0
302	90	0
303	90	0
304	90	0
305	89	0
306	90	0
307	91	0
308	90	0
309	89	0
310	90	0
311	90	0
312	90	0
313	90	0
314	90	0
315	91	0
316	90	0
317	90	0
318	90	0
319	89	0
320	90	0
321	90	0
322	90	0
323	89	0
324	90	0
325	90	0
326	90	0
327	89	0
328	90	0
329	90	0
330	90	0
331	90	0
332	90	0
333	90	0
334	90	0
335	90	0
336	90	0
337	90	0
338	89	0
339	90	0
340	89	0
341	90	0
342	89	0
343	90	0
344	90	0
345	90	0
346	89	0
347	90	0
348	91	0
349	90	0
350	89	0
351	90	0
352	90	0
353	89	0
354	89	0
355	90	0
356	90	0
357	90	0
358	91	0
359	89	0
360	90	0
361	90	0
362	89	0
363	90	0
364	90	0
365	90	0
366	89	0
367	90	0
368	90	0
369	89	0
370	90	0
371	90	0
372	90	0
373	89	0
374	90	0
375	90	0
376	90	0
377	90	0
378	90	0
379	90	0
380	90	0
381	90	0
382	90	0
383	89	0
384	90	0
385	90	0
386	90	0
387	90	0
388	90	0
389	90	0
390	90	0
391	89	0
392	90	0
393	90	0
394	90	0
395	90	0
396	90	0
397	90	0
398	90	0
399	90	0
400	90	0
401	90	0
402	90	0
403	90	0
404	90	0
405	90	0
406	90	0
407	89	0
408	90	0
409	90	0
410	90	0
411	89	0
412	90	0
413	90	0
414	89	0
415	89	0
416	90	0
417	90	0
418	89	0
419	90	0
420	90	0
421	90	0
422	90	0
423	91	0
424	90	0
425	90	0
426	90	0
427	90	0
428	90	0
429	90	0
430	89	0
431	90	0
432	90	0
433	89	0
434	89	0
435	90	0
436	90	0
437	90	0
438	90	0
439	89	0
440	90	0
441	89	0
442	90	0
443	90	0
444	90	0
445	89	0
446	90	0
447	91	0
448	90	0
449	89	0
450	90	0
451	90	0
452	90	0
453	90	0
454	90	0
455	91	0
456	90	0
457	89	0
458	90	0
459	90	0
460	90	0
461	90	0
462	90	0
463	90	0
464	90	0
465	89	0
466	90	0
467	90	0
468	89	0
469	89	0
470	90	0
471	90	0
472	90	0
473	90	0
474	90	0
475	90	0
476	90	0
477	90	0
478	90	0
479	90	0
480	90	0
481	89	0
482	90	0
483	90	0
484	90	0
485	89	0
486	90	0
487	90	0
488	90	0
489	89	0
490	89	0
491	90	0
492	90	0
493	89	0
494	90	0
495	89	0
496	90	0
497	89	0
498	90	0
499	90	0
500	90	0
501	90	0
502	90	0
503	90	0
504	90	0
505	90	0
506	90	0
507	89	0
508	89	0
509	90	0
510	89	0
511	89	0
512	90	0
513	89	0
514	90	0
515	90	0
516	89	0
517	89	0
518	90	0
519	90	0
520	89	0
521	90	0
522	90	0
523	90	0
524	90	0
525	90	0
526	90	0
527	90	0
528	90	0
529	90	0
530	90	0
531	90	0
532	89	0
533	90	0
534	89	0
535	90	0
536	89	0
537	90	0
538	90	0
539	90	0
540	90	0
541	90	0
542	90	0
543	90	0
544	90	0
545	90	0
546	90	0
547	90	0
548	90	0
549	90	0
550	90	0
551	90	0
552	90	0
553	90	0
554	90	0
555	90	0
556	90	0
557	90	0
558	89	0
559	90	0
560	90	0
561	90	0
562	90	0
563	90	0
564	90	0
565	90	0
566	89	0
567	89	0
568	90	0
569	90	0
570	90	0
571	90	0
572	89	0
573	90	0
574	90	0
575	90	0
576	89	0
577	90	0
578	90	0
579	90	0
580	90	0
581	90	0
582	91	0
583	90	0
584	90	0
585	91	0
586	90	0
587	90	0
588	90	0
589	89	0
590	90	0
591	90	0
592	89	0
593	90	0
594	90	0
595	90	0
596	89	0
597	90	0
598	91	0
599	90	0
600	89	0
601	90	0
602	90	0
603	89	0
604	90	0
605	90	0
606	90	0
607	90	0
608	90	0
609	91	0
610	90	0
611	90	0
612	90	0
613	89	0
614	90	0
615	90	0
616	90	0
617	89	0
618	90	0
619	90	0
620	90	0
621	90	0
622	89	0
623	90	0
624	90	0
625	90	0
626	89	0
627	90	0
628	90	0
629	90	0
630	89	0
631	90	0
632	90	0
633	90	0
634	90	0
635	90	0
636	90	0
637	90	0
638	90	0
639	90	0
640	90	0
641	90	0
642	89	0
643	89	0
644	90	0
645	89	0
646	90	0
647	90	0
648	90	0
649	90	0
650	90	0
651	90	0
652	90	0
653	90	0
654	90	0
655	90	0
656	90	0
657	90	0
658	90	0
659	90	0
660	90	0
661	90	0
662	90	0
663	90	0
664	90	0
665	90	0
666	90	0
667	90	0
668	90	0
669	90	0
670	90	0
671	90	0
672	90	0
673	90	0
674	90	0
675	90	0
676	90	0
677	90	0
678	90	0
679	90	0
680	90	0
681	90	0
682	90	0
683	89	0
684	89	0
685	89	0
686	89	0
687	90	0
688	90	0
689	90	0
690	90	0
691	90	0
692	90	0
693	90	0
694	90	0
695	90	0
696	90	0
697	90	0
698	90	0
699	90	0
700	90	0
701	89	0
702	89	0
703	90	0
704	89	0
705	90	0
706	90	0
707	90	0
708	90	0
709	90	0
710	90	0
711	90	0
712	90	0
713	89	0
714	89	0
715	90	0
716	90	0
717	90	0
718	90	0
719	89	0
720	90	0
721	90	0
722	90	0
723	90	0
724	91	0
725	90	0
726	89	0
727	90	0
728	90	0
729	90	0
730	90	0
731	90	0
732	91	0
733	90	0
734	90	0
735	90	0
736	90	0
737	90	0
738	90	0
739	90	0
740	90	0
741	90	0
742	90	0
743	90	0
744	90	0
745	89	0
746	90	0
747	90	0
748	90	0
749	89	0
750	90	0
751	91	0
752	90	0
753	89	0
754	90	0
755	90	0
756	90	0
757	90	0
758	90	0
759	90	0
760	90	0
761	90	0
762	90	0
763	90	0
764	89	0
765	90	0
766	90	0
767	90	0
768	90	0
769	90	0
770	90	0
771	90	0
772	89	0
773	90	0
774	90	0
775	90	0
776	89	0
777	91	0
778	90	0
779	90	0
780	90	0
781	90	0
782	90	0
783	90	0
784	90	0
785	89	0
786	90	0
787	90	0
788	90	0
789	89	0
790	89	0
791	90	0
792	90	0
793	90	0
794	90	0
795	89	0
796	90	0
797	90	0
798	90	0
799	90	0
800	90	0
801	90	0
802	90	0
803	89	0
804	90	0
805	90	0
806	90	0
807	89	0
808	90	0
809	90	0
810	89	0
811	89	0
812	90	0
813	90	0
814	90	0
815	90	0
816	90	0
817	90	0
818	90	0
819	89	0
820	89	0
821	90	0
822	90	0
823	90	0
824	90	0
825	90	0
826	91	0
827	90	0
828	90	0
829	90	0
830	89	0
831	90	0
832	90	0
833	90	0
834	90	0
835	90	0
836	90	0
837	90	0
838	90	0
839	90	0
840	90	0
841	90	0
842	90	0
843	90	0
844	90	0
845	90	0
846	89	0
847	89	0
848	90	0
849	90	0
850	89	0
851	90	0
852	89	0
853	90	0
854	89	0
855	90	0
856	90	0
857	90	0
858	89	0
859	90	0
860	90	0
861	89	0
862	89	0
863	90	0
864	89	0
865	90	0
866	90	0
867	89	0
868	90	0
869	90	0
870	90	0
871	89	0
872	90	0
873	90	0
874	90	0
875	89	0
876	90	0
877	90	0
878	90	0
879	90	0
880	90	0
881	90	0
882	90	0
883	90	0
884	90	0
885	89	0
886	90	0
887	90	0
888	90	0
889	89	0
890	90	0
891	90	0
892	89	0
893	89	0
894	90	0
895	90	0
896	90	0
897	90	0
898	90	0
899	90	0
900	90	0
901	90	0
902	90	0
903	90	0
904	90	0
905	90	0
906	90	0
907	90	0
908	90	0
909	90	0
910	90	0
911	90	0
912	90	0
913	90	0
914	90	0
915	90	0
916	90	0
917	90	0
918	89	0
919	89	0
920	90	0
921	90	0
922	89	0
923	90	0
924	90	0
925	90	0
926	89	0
927	90	0
928	90	0
929	89	0
930	90	0
931	90	0
932	90	0
933	90	0
934	90	0
935	91	0
936	90	0
937	90	0
938	90	0
939	89	0
940	90	0
941	90	0
942	91	0
943	90	0
944	90	0
945	90	0
946	90	0
947	90	0
948	90	0
949	90	0
950	90	0
951	90	0
952	91	0
953	137	0
954	192	0
955	196	0
956	197	0
957	198	0
958	200	0
959	200	0
960	200	0
961	198	0
962	195	0
963	192	0
964	119	0
965	83	0
966	85	0
967	88	0
968	89	0
969	92	0
970	91	0
971	92	0
972	93	0
973	116	0
974	190	0
975	195	0
976	197	0
977	197	0
978	198	0
979	200	0
980	199	0
981	197	0
982	196	0
983	195	0
984	135	0
985	97	0
986	96	0
987	97	0
988	94	0
989	93	0
990	93	0
991	90	0
992	89	0
993	90	0
994	89	0
995	89	0
996	90	0
997	89	0
998	90	0
999	90	0
1000	90	0
1001	90	0
1002	90	0
1003	90	0
1004	89	0
1005	90	0
1006	90	0
1007	89	0
1008	89	0
1009	90	0
1010	90	0
1011	90	0
1012	90	0
1013	89	0
1014	90	0
1015	90	0
1016	89	0
1017	89	0
1018	90	0
1019	90	0
1020	90	0
1021	90	0
1022	90	0
1023	90	0
1024	90	0
1025	89	0
1026	90	0
1027	90	0
1028	90	0
1029	89	0
1030	90	0
1031	90	0
1032	90	0
1033	89	0
1034	90	0
1035	90	0
1036	89	0
1037	89	0
1038	90	0
1039	90	0
1040	90	0
1041	90	0
1042	90	0
1043	90	0
1044	89	0
1045	90	0
1046	90	0
1047	89	0
1048	89	0
1049	89	0
1050	90	0
1051	90	0
1052	90	0
1053	90	0
1054	90	0
1055	90	0
1056	89	0
1057	89	0
1058	90	0
1059	89	0
1060	89	0
1061	90	0
1062	89	0
1063	90	0
1064	90	0
1065	90	0
1066	90	0
1067	90	0
1068	89	0
1069	90	0
1070	89	0
1071	89	0
1072	90	0
1073	89	0
1074	91	0
1075	90	0
1076	89	0
1077	90	0
1078	90	0
1079	90	0
1080	89	0
1081	90	0
1082	90	0
1083	90	0
1084	90	0
1085	90	0
1086	90	0
1087	90	0
1088	90	0
1089	90	0
1090	89	0
1091	90	0
1092	90	0
1093	90	0
1094	90	0
1095	90	0
1096	90	0
1097	90	0
1098	90	0
1099	90	0
1100	90	0
1101	90	0
1102	90	0
1103	89	0
1104	90	0
1105	90	0
1106	90	0
1107	89	0
1108	90	0
1109	90	0
1110	90	0
1111	89	0
1112	91	0
1113	91	0
1114	90	0
1115	89	0
1116	90	0
1117	90	0
1118	90	0
1119	89	0
1120	90	0
1121	90	0
1122	90	0
1123	89	0
1124	90	0
1125	90	0
1126	90	0
1127	89	0
1128	90	0
1129	90	0
1130	90	0
1131	89	0
1132	89	0
1133	91	0
1134	90	0
1135	89	0
1136	90	0
1137	90	0
1138	90	0
1139	90	0
1140	90	0
1141	90	0
1142	90	0
1143	89	0
1144	90	0
1145	90	0
1146	90	0
1147	90	0
1148	90	0
1149	90	0
1150	90	0
1151	90	0
1152	90	0
1153	90	0
1154	90	0
1155	90	0
1156	90	0
1157	90	0
1158	89	0
1159	90	0
1160	90	0
1161	89	0
1162	89	0
1163	90	0
1164	90	0
1165	90	0
1166	90	0
1167	89	0
1168	90	0
1169	90	0
1170	90	0
1171	89	0
1172	90	0
1173	90	0
1174	90	0
1175	90	0
1176	90	0
1177	90	0
1178	90	0
1179	90	0
1180	90	0
1181	89	0
1182	90	0
1183	90	0
1184	90	0
1185	89	0
1186	90	0
1187	90	0
1188	90	0
1189	90	0
1190	90	0
1191	90	0
1192	90	0
1193	90	0
1194	90	0
1195	90	0
1196	90	0
1197	90	0
1198	90	0
1199	91	0
1200	90	0
1201	90	0
1202	90	0
1203	89	0
1204	90	0
1205	90	0
1206	90	0
1207	90	0
1208	90	0
1209	91	0
1210	90	0
1211	89	0
1212	90	0
1213	90	0
1214	90	0
1215	90	0
1216	90	0
1217	90	0
1218	90	0
1219	90	0
1220	90	0
1221	90	0
1222	90	0
1223	90	0
1224	90	0
1225	90	0
1226	89	0
1227	89	0
1228	89	0
1229	90	0
1230	90	0
1231	90	0
1232	90	0
1233	89	0
1234	90	0
1235	90	0
1236	90	0
1237	90	0
1238	90	0
1239	90	0
1240	90	0
1241	90	0
1242	90	0
1243	89	0
1244	89	0
1245	90	0
1246	90	0
1247	90	0
1248	90	0
1249	90	0
1250	90	0
1251	90	0
1252	90	0
1253	90	0
1254	89	0
1255	90	0
1256	89	0
1257	90	0
1258	89	0
1259	90	0
1260	89	0
1261	90	0
1262	90	0
1263	90	0
1264	90	0
1265	90	0
1266	90	0
1267	90	0
1268	90	0
1269	90	0
1270	90	0
1271	90	0
1272	90	0
1273	90	0
1274	90	0
1275	90	0
1276	90	0
1277	90	0
1278	90	0
1279	89	0
1280	90	0
1281	90	0
1282	90	0
1283	90	0
1284	90	0
1285	90	0
1286	90	0
1287	90	0
1288	90	0
1289	90	0
1290	90	0
1291	90	0
1292	90	0
1293	90	0
1294	90	0
1295	89	0
1296	89	0
1297	90	0
1298	90	0
1299	90	0
1300	90	0
1301	89	0
1302	90	0
1303	90	0
1304	89	0
1305	89	0
1306	90	0
1307	90	0
1308	90	0
1309	90	0
1310	90	0
1311	90	0
1312	90	0
1313	90	0
1314	89	0
1315	90	0
1316	90	0
1317	90	0
1318	89	0
1319	90	0
1320	90	0
1321	89	0
1322	90	0
1323	90	0
1324	90	0
1325	89	0
1326	90	0
1327	90	0
1328	90	0
1329	89	0
1330	90	0
1331	90	0
1332	90	0
1333	90	0
1334	90	0
1335	90	0
1336	90	0
1337	90	0
1338	89	0
1339	90	0
1340	90	0
1341	90	0
1342	89	0
1343	90	0
1344	90	0
1345	90	0
1346	90	0
1347	90	0
1348	90	0
1349	89	0
1350	90	0
1351	90	0
1352	90	0
1353	90	0
1354	90	0
1355	90	0
1356	90	0
1357	90	0
1358	90	0
1359	90	0
1360	90	0
1361	90	0
1362	90	0
1363	90	0
1364	90	0
1365	90	0
1366	90	0
1367	90	0
1368	90	0
1369	90	0
1370	90	0
1371	90	0
1372	90	0
1373	90	0
1374	90	0
1375	90	0
1376	90	0
1377	90	0
1378	90	0
1379	90	0
1380	90	0
1381	90	0
1382	90	0
1383	90	0
1384	90	0
1385	90	0
1386	90	0
1387	89	0
1388	90	0
1389	90	0
1390	89	0
1391	90	0
1392	90	0
1393	90	0
1394	89	0
1395	90	0
1396	90	0
1397	90	0
1398	89	0
1399	90	0
1400	91	0
1401	90	0
1402	89	0
1403	90	0
1404	90	0
1405	90	0
1406	90	0
1407	90	0
1408	90	0
1409	90	0
1410	90	0
1411	90	0
1412	90	0
1413	89	0
1414	90	0
1415	90	0
1416	90	0
1417	89	0
1418	89	0
1419	91	0
1420	89	0
1421	90	0
1422	90	0
1423	90	0
1424	90	0
1425	90	0
1426	90	0
1427	90	0
1428	90	0
1429	90	0
1430	90	0
1431	90	0
1432	90	0
1433	90	0
1434	90	0
1435	90	0
1436	90	0
1437	90	0
1438	90	0
1439	90	0
1440	89	0
1441	90	0
1442	90	0
1443	90	0
1444	89	0
1445	90	0
1446	90	0
1447	90	0
1448	89	0
1449	90	0
1450	90	0
1451	89	0
1452	89	0
1453	90	0
1454	90	0
1455	90	0
1456	90	0
1457	89	0
1458	90	0
1459	90	0
1460	90	0
1461	89	0
1462	90	0
1463	90	0
1464	89	0
1465	89	0
1466	90	0
1467	90	0
1468	89	0
1469	90	0
1470	89	0
1471	91	0
1472	89	0
1473	90	0
1474	90	0
1475	90	0
1476	90	0
1477	90	0
1478	90	0
1479	89	0
1480	90	0
1481	90	0
1482	90	0
1483	89	0
1484	90	0
1485	90	0
1486	90	0
1487	89	0
1488	90	0
1489	90	0
1490	89	0
1491	89	0
1492	90	0
1493	90	0
1494	89	0
1495	90	0
1496	89	0
1497	90	0
1498	89	0
1499	90	0
1500	90	0
1501	90	0
1502	90	0
1503	90	0
1504	90	0
1505	90	0
1506	90	0
1507	90	0
1508	90	0
1509	90	0
1510	90	0
1511	90	0
1512	89	0
1513	89	0
1514	90	0
1515	90	0
1516	89	0
1517	90	0
1518	90	0
1519	90	0
1520	89	0
1521	90	0
1522	90	0
1523	89	0
1524	90	0
1525	89	0
1526	90	0
1527	90	0
1528	90	0
1529	90	0
1530	90	0
1531	91	0
1532	90	0
1533	90	0
1534	90	0
1535	89	0
1536	90	0
1537	90	0
1538	90	0
1539	89	0
1540	90	0
1541	90	0
1542	90	0
1543	89	0
1544	90	0
1545	91	0
1546	90	0
1547	89	0
1548	90	0
1549	90	0
1550	89	0
1551	89	0
1552	89	0
1553	90	0
1554	89	0
1555	90	0
1556	90	0
1557	89	0
1558	90	0
1559	90	0
1560	90	0
1561	89	0
1562	90	0
1563	90	0
1564	90	0
1565	89	0
1566	90	0
1567	90	0
1568	90	0
1569	90	0
1570	90	0
1571	90	0
1572	90	0
1573	90	0
1574	90	0
1575	90	0
1576	90	0
1577	90	0
1578	90	0
1579	90	0
1580	90	0
1581	90	0
1582	89	0
1583	90	0
1584	90	0
1585	90	0
1586	89	0
1587	90	0
1588	90	0
1589	90	0
1590	89	0
1591	90	0
1592	90	0
1593	90	0
1594	89	0
1595	90	0
1596	90	0
1597	90	0
1598	89	0
1599	90	0
1600	90	0
1601	90	0
1602	89	0
1603	90	0
1604	91	0
1605	90	0
1606	90	0
1607	89	0
1608	89	0
1609	90	0
1610	90	0
1611	90	0
1612	90	0
1613	89	0
1614	90	0
1615	89	0
1616	90	0
1617	89	0
1618	91	0
1619	90	0
1620	90	0
1621	90	0
1622	90	0
1623	90	0
1624	90	0
1625	90	0
1626	90	0
1627	90	0
1628	90	0
1629	90	0
1630	90	0
1631	90	0
1632	90	0
1633	90	0
1634	90	0
1635	90	0
1636	90	0
1637	89	0
1638	90	0
1639	89	0
1640	90	0
1641	89	0
1642	90	0
1643	90	0
1644	90	0
1645	90	0
1646	90	0
1647	90	0
1648	90	0
1649	89	0
1650	89	0
1651	90	0
1652	90	0
1653	89	0
1654	90	0
1655	90	0
1656	90	0
1657	89	0
1658	90	0
1659	90	0
1660	89	0
1661	89	0
1662	90	0
1663	90	0
1664	89	0
1665	90	0
1666	90	0
1667	91	0
1668	90	0
1669	90	0
1670	90	0
1671	89	0
1672	90	0
1673	90	0
1674	90	0
1675	89	0
1676	90	0
1677	90	0
1678	90	0
1679	89	0
1680	90	0
1681	90	0
1682	89	0
1683	90	0
1684	90	0
1685	90	0
1686	89	0
1687	90	0
1688	91	0
1689	90	0
1690	89	0
1691	90	0
1692	90	0
1693	90	0
1694	89	0
1695	90	0
1696	90	0
1697	90	0
1698	89	0
1699	90	0
1700	90	0
1701	91	0
1702	89	0
1703	90	0
1704	90	0
1705	89	0
1706	90	0
1707	90	0
1708	90	0
1709	90	0
1710	90	0
1711	90	0
1712	90	0
1713	90	0
1714	89	0
1715	90	0
1716	90	0
1717	90	0
1718	90	0
1719	90	0
1720	90	0
1721	90	0
1722	90	0
1723	90	0
1724	90	0
1725	90	0
1726	90	0
1727	90	0
1728	90	0
1729	90	0
1730	90	0
1731	89	0
1732	90	0
1733	90	0
1734	90	0
1735	89	0
1736	90	0
1737	90	0
1738	89	0
1739	90	0
1740	89	0
1741	90	0
1742	90	0
1743	90	0
1744	90	0
1745	90	0
1746	90	0
1747	90	0
1748	90	0
1749	90	0
1750	89	0
1751	90	0
1752	90	0
1753	90	0
1754	89	0
1755	90	0
1756	90	0
1757	90	0
1758	90	0
1759	90	0
1760	90	0
1761	89	0
1762	90	0
1763	90	0
1764	89	0
1765	89	0
1766	90	0
1767	90	0
1768	90	0
1769	90	0
1770	90	0
1771	90	0
1772	90	0
1773	90	0
1774	90	0
1775	90	0
1776	90	0
1777	90	0
1778	90	0
1779	90	0
1780	90	0
1781	90	0
1782	90	0
1783	90	0
1784	90	0
1785	90	0
1786	90	0
1787	90	0
1788	90	0
1789	90	0
1790	90	0
1791	89	0
1792	90	0
1793	90	0
1794	90	0
1795	89	0
1796	90	0
1797	90	0
1798	90	0
1799	90	0
1800	90	0
1801	90	0
1802	90	0
1803	90	0
1804	90	0
1805	89	0
1806	90	0
1807	90	0
1808	90	0
1809	90	0
1810	90	0
1811	91	0
1812	90	0
1813	90	0
1814	90	0
1815	89	0
1816	90	0
1817	90	0
1818	90	0
1819	89	0
1820	90	0
1821	90	0
1822	89	0
1823	89	0
1824	90	0
1825	90	0
1826	90	0
1827	90	0
1828	90	0
1829	91	0
1830	90	0
1831	90	0
1832	90	0
1833	89	0
1834	90	0
1835	90	0
1836	90	0
1837	90	0
1838	90	0
1839	90	0
1840	90	0
1841	90	0
1842	90	0
1843	90	0
1844	90	0
1845	90	0
1846	90	0
1847	90	0
1848	90	0
1849	90	0
1850	89	0
1851	90	0
1852	90	0
1853	90	0
1854	89	0
1855	90	0
1856	90	0
1857	90	0
1858	89	0
1859	90	0
1860	90	0
1861	90	0
1862	90	0
1863	90	0
1864	91	0
1865	90	0
1866	90	0
1867	90	0
1868	89	0
1869	89	0
1870	90	0
1871	90	0
1872	90	0
1873	90	0
1874	90	0
1875	90	0
1876	90	0
1877	90	0
1878	90	0
1879	89	0
1880	90	0
1881	90	0
1882	90	0
1883	90	0
1884	90	0
1885	90	0
1886	90	0
1887	90	0
1888	89	0
1889	90	0
1890	90	0
1891	90	0
1892	89	0
1893	90	0
1894	91	0
1895	91	0
1896	89	0
1897	90	0
1898	90	0
1899	89	0
1900	90	0
1901	90	0
1902	90	0
1903	89	0
1904	90	0
1905	91	0
1906	108	0
1907	190	0
1908	197	0
1909	197	0
1910	198	0
1911	200	0
1912	200	0
1913	200	0
1914	198	0
1915	197	0
1916	194	0
1917	134	0
1918	93	0
1919	92	0
1920	94	0
1921	94	0
1922	93	0
1923	93	0
1924	91	0
1925	91	0
1926	97	0
1927	188	0
1928	197	0
1929	197	0
1930	197	0
1931	198	0
1932	200	0
1933	199	0
1934	198	0
1935	196	0
1936	195	0
1937	161	0
1938	113	0
1939	97	0
1940	93	0
1941	91	0
1942	89	0
1943	88	0
1944	88	0
1945	89	0
1946	90	0
1947	90	0
1948	90	0
1949	90	0
1950	91	0
1951	91	0
1952	90	0
1953	90	0
1954	90	0
1955	90	0
1956	90	0
1957	90	0
1958	90	0
1959	90	0
1960	90	0
1961	90	0
1962	89	0
1963	89	0
1964	90	0
1965	89	0
1966	89	0
1967	90	0
1968	89	0
1969	90	0
1970	90	0
1971	89	0
1972	90	0
1973	90	0
1974	90	0
1975	90	0
1976	90	0
1977	90	0
1978	90	0
1979	90	0
1980	89	0
1981	89	0
1982	90	0
1983	90	0
1984	89	0
1985	90	0
1986	90	0
1987	90	0
1988	90	0
1989	90	0
1990	90	0
1991	90	0
1992	90	0
1993	90	0
1994	89	0
1995	89	0
1996	90	0
1997	89	0
1998	90	0
1999	90	0
2000	89	0
2001	89	0
2002	90	0
2003	90	0
2004	89	0
2005	90	0
2006	89	0
2007	90	0
2008	89	0
2009	90	0
2010	89	0
2011	90	0
2012	90	0
2013	90	0
2014	90	0
2015	90	0
2016	90	0
2017	89	0
2018	90	0
2019	89	0
2020	90	0
2021	89	0
2022	90	0
2023	89	0
2024	90	0
2025	90	0
2026	90	0
2027	90	0
2028	89	0
2029	90	0
2030	89	0
2031	89	0
2032	89	0
2033	90	0
2034	90	0
2035	90	0
2036	89	0
2037	90	0
2038	90	0
2039	90	0
2040	89	0
2041	90	0
2042	90	0
2043	90	0
2044	89	0
2045	90	0
2046	90	0
2047	89	0
2048	90	0
2049	90	0
2050	90	0
2051	90	0
2052	90	0
2053	90	0
2054	89	0
2055	90	0
2056	90	0
2057	89	0
2058	89	0
2059	91	0
2060	90	0
2061	90	0
2062	90	0
2063	90	0
2064	90	0
2065	90	0
2066	90	0
2067	90	0
2068	89	0
2069	90	0
2070	90	0
2071	90	0
2072	89	0
2073	89	0
2074	90	0
2075	90	0
2076	89	0
2077	90	0
2078	90	0
2079	90	0
2080	89	0
2081	90	0
2082	90	0
2083	90	0
2084	89	0
2085	90	0
2086	90	0
2087	89	0
2088	90	0
2089	90	0
2090	90	0
2091	89	0
2092	90	0
2093	90	0
2094	89	0
2095	89	0
2096	89	0
2097	90	0
2098	89	0
2099	90	0
2100	90	0
2101	90	0
2102	90	0
2103	90	0
2104	90	0
2105	90	0
2106	89	0
2107	89	0
2108	90	0
2109	89	0
2110	89	0
2111	89	0
2112	89	0
2113	89	0
2114	90	0
2115	90	0
2116	90	0
2117	89	0
2118	90	0
2119	90	0
2120	89	0
2121	90	0
2122	90	0
2123	90	0
2124	89	0
2125	90	0
2126	90	0
2127	90	0
2128	90	0
2129	90	0
2130	90	0
2131	90	0
2132	89	0
2133	90	0
2134	90	0
2135	89	0
2136	89	0
2137	90	0
2138	90	0
2139	89	0
2140	90	0
2141	90	0
2142	90	0
2143	89	0
2144	90	0
2145	91	0
2146	89	0
2147	89	0
2148	89	0
2149	90	0
2150	89	0
2151	90	0
2152	89	0
2153	89	0
2154	90	0
2155	90	0
2156	90	0
2157	90	0
2158	89	0
2159	90	0
2160	90	0
2161	90	0
2162	90	0
2163	90	0
2164	90	0
2165	90	0
2166	90	0
2167	90	0
2168	90	0
2169	90	0
2170	89	0
2171	89	0
2172	90	0
2173	89	0
2174	90	0
2175	90	0
2176	89	0
2177	90	0
2178	90	0
2179	90	0
2180	90	0
2181	90	0
2182	89	0
2183	90	0
2184	90	0
2185	90	0
2186	89	0
2187	89	0
2188	90	0
2189	89	0
2190	90	0
2191	91	0
2192	89	0
2193	90	0
2194	90	0
2195	91	0
2196	90	0
2197	90	0
2198	90	0
2199	89	0
2200	90	0
2201	90	0
2202	89	0
2203	89	0
2204	90	0
2205	90	0
2206	89	0
2207	90	0
2208	89	0
2209	90	0
2210	90	0
2211	90	0
2212	90	0
2213	90	0
2214	90	0
2215	90	0
2216	90	0
2217	90	0
2218	90	0
2219	90	0
2220	90	0
2221	90	0
2222	90	0
2223	90	0
2224	90	0
2225	90	0
2226	90	0
2227	90	0
2228	90	0
2229	90	0
2230	90	0
2231	90	0
2232	90	0
2233	90	0
2234	90	0
2235	90	0
2236	90	0
2237	90	0
2238	90	0
2239	90	0
2240	90	0
2241	89	0
2242	90	0
2243	90	0
2244	89	0
2245	89	0
2246	90	0
2247	90	0
2248	89	0
2249	90	0
2250	90	0
2251	90	0
2252	89	0
2253	90	0
2254	90	0
2255	90	0
2256	89	0
2257	90	0
2258	90	0
2259	89	0
2260	89	0
2261	90	0
2262	90	0
2263	89	0
2264	90	0
2265	90	0
2266	90	0
2267	89	0
2268	90	0
2269	90	0
2270	89	0
2271	89	0
2272	90	0
2273	90	0
2274	90	0
2275	89	0
2276	90	0
2277	90	0
2278	90	0
2279	90	0
2280	90	0
2281	90	0
2282	89	0
2283	89	0
2284	90	0
2285	89	0
2286	89	0
2287	90	0
2288	89	0
2289	90	0
2290	90	0
2291	89	0
2292	90	0
2293	90	0
2294	90	0
2295	89	0
2296	90	0
2297	90	0
2298	89	0
2299	89	0
2300	90	0
2301	90	0
2302	90	0
2303	90	0
2304	89	0
2305	90	0
2306	90	0
2307	90	0
2308	89	0
2309	90	0
2310	90	0
2311	89	0
2312	90	0
2313	90	0
2314	90	0
2315	89	0
2316	90	0
2317	90	0
2318	90	0
2319	89	0
2320	90	0
2321	90	0
2322	90	0
2323	90	0
2324	90	0
2325	90	0
2326	90	0
2327	90	0
2328	90	0
2329	90	0
2330	90	0
2331	90	0
2332	90	0
2333	90	0
2334	89	0
2335	89	0
2336	90	0
2337	90	0
2338	90	0
2339	90	0
2340	89	0
2341	90	0
2342	90	0
2343	89	0
2344	89	0
2345	89	0
2346	90	0
2347	89	0
2348	90	0
2349	90	0
2350	89	0
2351	90	0
2352	90	0
2353	90	0
2354	89	0
2355	89	0
2356	90	0
2357	90	0
2358	90	0
2359	90	0
2360	89	0
2361	90	0
2362	90	0
2363	90	0
2364	89	0
2365	90	0
2366	90	0
2367	90	0
2368	90	0
2369	90	0
2370	90	0
2371	89	0
2372	90	0
2373	90	0
2374	90	0
2375	89	0
2376	90	0
2377	90	0
2378	89	0
2379	90	0
2380	90	0
2381	90	0
2382	90	0
2383	90	0
2384	90	0
2385	90	0
2386	90	0
2387	89	0
2388	90	0
2389	90	0
2390	90	0
2391	89	0
2392	90	0
2393	90	0
2394	90	0
2395	90	0
2396	90	0
2397	90	0
2398	90	0
2399	91	0
2400	90	0
2401	90	0
2402	90	0
2403	90	0
2404	90	0
2405	90	0
2406	90	0
2407	90	0
2408	90	0
2409	90	0
2410	90	0
2411	90	0
2412	90	0
2413	89	0
2414	90	0
2415	90	0
2416	90	0
2417	89	0
2418	90	0
2419	90	0
2420	89	0
2421	89	0
2422	90	0
2423	90	0
2424	90	0
2425	90	0
2426	89	0
2427	90	0
2428	90	0
2429	90	0
2430	89	0
2431	90	0
2432	90	0
2433	89	0
2434	89	0
2435	90	0
2436	90	0
2437	90	0
2438	90	0
2439	90	0
2440	90	0
2441	90	0
2442	90	0
2443	90	0
2444	90	0
2445	90	0
2446	89	0
2447	90	0
2448	90	0
2449	90	0
2450	90	0
2451	90	0
2452	90	0
2453	90	0
2454	90	0
2455	89	0
2456	89	0
2457	90	0
2458	90	0
2459	90	0
2460	90	0
2461	90	0
2462	90	0
2463	90	0
2464	90	0
2465	90	0
2466	90	0
2467	90	0
2468	90	0
2469	90	0
2470	89	0
2471	90	0
2472	90	0
2473	90	0
2474	89	0
2475	90	0
2476	90	0
2477	90	0
2478	90	0
2479	90	0
2480	90	0
2481	90	0
2482	89	0
2483	90	0
2484	90	0
2485	90	0
2486	89	0
2487	90	0
2488	90	0
2489	90	0
2490	90	0
2491	90	0
2492	90	0
2493	89	0
2494	90	0
2495	90	0
2496	90	0
2497	90	0
2498	90	0
2499	90	0
2500	90	0
2501	90	0
2502	89	0
2503	90	0
2504	90	0
2505	90	0
2506	90	0
2507	90	0
2508	91	0
2509	90	0
2510	89	0
2511	90	0
2512	90	0
2513	89	0
2514	89	0
2515	90	0
2516	90	0
2517	90	0
2518	90	0
2519	90	0
2520	90	0
2521	90	0
2522	90	0
2523	90	0
2524	91	0
2525	90	0
2526	90	0
2527	90	0
2528	89	0
2529	90	0
2530	90	0
2531	90	0
2532	89	0
2533	90	0
2534	91	0
2535	90	0
2536	89	0
2537	90	0
2538	90	0
2539	90	0
2540	89	0
2541	90	0
2542	90	0
2543	90	0
2544	89	0
2545	90	0
2546	90	0
2547	90	0
2548	89	0
2549	90	0
2550	91	0
2551	90	0
2552	89	0
2553	90	0
2554	90	0
2555	89	0
2556	90	0
2557	90	0
2558	90	0
2559	89	0
2560	90	0
2561	90	0
2562	91	0
2563	90	0
2564	90	0
2565	90	0
2566	89	0
2567	90	0
2568	89	0
2569	90	0
2570	90	0
2571	90	0
2572	90	0
2573	90	0
2574	90	0
2575	90	0
2576	90	0
2577	90	0
2578	90	0
2579	90	0
2580	89	0
2581	90	0
2582	90	0
2583	90	0
2584	89	0
2585	90	0
2586	90	0
2587	90	0
2588	90	0
2589	90	0
2590	90	0
2591	90	0
2592	90	0
2593	90	0
2594	90	0
2595	89	0
2596	89	0
2597	90	0
2598	89	0
2599	90	0
2600	90	0
2601	89	0
2602	90	0
2603	90	0
2604	90	0
2605	90	0
2606	90	0
2607	90	0
2608	90	0
2609	90	0
2610	90	0
2611	90	0
2612	90	0
2613	90	0
2614	90	0
2615	90	0
2616	90	0
2617	90	0
2618	90	0
2619	90	0
2620	89	0
2621	89	0
2622	90	0
2623	90	0
2624	89	0
2625	89	0
2626	90	0
2627	90	0
2628	90	0
2629	90	0
2630	89	0
2631	90	0
2632	90	0
2633	90	0
2634	89	0
2635	89	0
2636	90	0
2637	90	0
2638	90	0
2639	90	0
2640	90	0
2641	90	0
2642	90	0
2643	89	0
2644	89	0
2645	90	0
2646	89	0
2647	89	0
2648	90	0
2649	89	0
2650	90	0
2651	90	0
2652	89	0
2653	90	0
2654	90	0
2655	91	0
2656	90	0
2657	90	0
2658	91	0
2659	89	0
2660	90	0
2661	90	0
2662	89	0
2663	90	0
2664	90	0
2665	90	0
2666	90	0
2667	90	0
2668	90	0
2669	90	0
2670	90	0
2671	90	0
2672	90	0
2673	90	0
2674	90	0
2675	90	0
2676	89	0
2677	89	0
2678	90	0
2679	89	0
2680	90	0
2681	90	0
2682	89	0
2683	90	0
2684	91	0
2685	90	0
2686	89	0
2687	90	0
2688	90	0
2689	90	0
2690	90	0
2691	90	0
2692	90	0
2693	90	0
2694	90	0
2695	90	0
2696	90	0
2697	90	0
2698	89	0
2699	90	0
2700	90	0
2701	90	0
2702	90	0
2703	90	0
2704	90	0
2705	90	0
2706	90	0
2707	90	0
2708	90	0
2709	90	0
2710	89	0
2711	90	0
2712	90	0
2713	89	0
2714	89	0
2715	89	0
2716	90	0
2717	90	0
2718	91	0
2719	90	0
2720	90	0
2721	90	0
2722	89	0
2723	90	0
2724	90	0
2725	89	0
2726	89	0
2727	90	0
2728	90	0
2729	90	0
2730	90	0
2731	89	0
2732	90	0
2733	90	0
2734	89	0
2735	90	0
2736	90	0
2737	90	0
2738	90	0
2739	90	0
2740	90	0
2741	90	0
2742	90	0
2743	90	0
2744	90	0
2745	90	0
2746	89	0
2747	90	0
2748	90	0
2749	89	0
2750	89	0
2751	90	0
2752	90	0
2753	89	0
2754	90	0
2755	90	0
2756	90	0
2757	90	0
2758	90	0
2759	90	0
2760	90	0
2761	90	0
2762	90	0
2763	89	0
2764	90	0
2765	90	0
2766	90	0
2767	90	0
2768	90	0
2769	90	0
2770	89	0
2771	90	0
2772	89	0
2773	89	0
2774	90	0
2775	90	0
2776	90	0
2777	90	0
2778	90	0
2779	90	0
2780	89	0
2781	90	0
2782	90	0
2783	89	0
2784	90	0
2785	90	0
2786	90	0
2787	89	0
2788	89	0
2789	90	0
2790	89	0
2791	90	0
2792	90	0
2793	89	0
2794	90	0
2795	90	0
2796	90	0
2797	89	0
2798	90	0
2799	91	0
2800	90	0
2801	90	0
2802	90	0
2803	90	0
2804	90	0
2805	90	0
2806	89	0
2807	89	0
2808	90	0
2809	90	0
2810	89	0
2811	90	0
2812	90	0
2813	90	0
2814	89	0
2815	90	0
2816	90	0
2817	89	0
2818	89	0
2819	90	0
2820	89	0
2821	90	0
2822	90	0
2823	90	0
2824	90	0
2825	90	0
2826	91	0
2827	90	0
2828	90	0
2829	90	0
2830	90	0
2831	90	0
2832	90	0
2833	90	0
2834	90	0
2835	90	0
2836	90	0
2837	90	0
2838	90	0
2839	90	0
2840	90	0
2841	90	0
2842	90	0
2843	90	0
2844	90	0
2845	89	0
2846	90	0
2847	90	0
2848	89	0
2849	89	0
2850	90	0
2851	90	0
2852	90	0
2853	90	0
2854	90	0
2855	90	0
2856	90	0
2857	90	0
2858	93	0
2859	182	0
2860	200	0
2861	198	0
2862	198	0
2863	199	0
2864	201	0
2865	201	0
2866	200	0
2867	197	0
2868	193	0
2869	168	0
2870	115	0
2871	94	0
2872	92	0
2873	90	0
2874	89	0
2875	89	0
2876	90	0
2877	89	0
2878	92	0
2879	167	0
2880	195	0
2881	197	0
2882	198	0
2883	199	0
2884	199	0
2885	198	0
2886	198	0
2887	197	0
2888	195	0
2889	186	0
2890	118	0
2891	85	0
2892	85	0
2893	85	0
2894	88	0
2895	90	0
2896	91	0
2897	91	0
2898	91	0
2899	91	0
2900	90	0
2901	90	0
2902	90	0
2903	90	0
2904	90	0
2905	89	0
2906	89	0
2907	89	0
2908	90	0
2909	89	0
2910	90	0
2911	90	0
2912	89	0
2913	89	0
2914	90	0
2915	90	0
2916	90	0
2917	90	0
2918	89	0
2919	90	0
2920	90	0
2921	89	0
2922	89	0
2923	90	0
2924	90	0
2925	89	0
2926	90	0
2927	89	0
2928	90	0
2929	89	0
2930	90	0
2931	89	0
2932	89	0
2933	90	0
2934	90	0
2935	90	0
2936	90	0
2937	89	0
2938	90	0
2939	90	0
2940	89	0
2941	90	0
2942	90	0
2943	90	0
2944	89	0
2945	90	0
2946	90	0
2947	90	0
2948	90	0
2949	90	0
2950	90	0
2951	89	0
2952	90	0
2953	90	0
2954	90	0
2955	89	0
2956	90	0
2957	90	0
2958	90	0
2959	89	0
2960	90	0
2961	90	0
2962	89	0
2963	89	0
2964	90	0
2965	90	0
2966	90	0
2967	90	0
2968	89	0
2969	90	0
2970	90	0
2971	90	0
2972	89	0
2973	90	0
2974	91	0
2975	89	0
2976	89	0
2977	90	0
2978	90	0
2979	90	0
2980	89	0
2981	90	0
2982	90	0
2983	90	0
2984	90	0
2985	90	0
2986	90	0
2987	90	0
2988	90	0
2989	90	0
2990	90	0
2991	90	0
2992	90	0
2993	90	0
2994	89	0
2995	89	0
2996	90	0
2997	90	0
2998	90	0
2999	90	0
3000	89	0
3001	90	0
3002	90	0
3003	89	0
3004	90	0
3005	90	0
3006	89	0
3007	89	0
3008	90	0
3009	90	0
3010	90	0
3011	90	0
3012	89	0
3013	90	0
3014	90	0
3015	89	0
3016	89	0
3017	90	0
3018	90	0
3019	89	0
3020	90	0
3021	90	0
3022	91	0
3023	89	0
3024	90	0
3025	90	0
3026	89	0
3027	90	0
3028	90	0
3029	90	0
3030	89	0
3031	90	0
3032	90	0
3033	90	0
3034	90	0
3035	90	0
3036	90	0
3037	89	0
3038	90	0
3039	90	0
3040	90	0
3041	90	0
3042	90	0
3043	91	0
3044	89	0
3045	90	0
3046	90	0
3047	89	0
3048	90	0
3049	90	0
3050	89	0
3051	89	0
3052	90	0
3053	89	0
3054	89	0
3055	90	0
3056	89	0
3057	90	0
3058	90	0
3059	89	0
3060	91	0
3061	90	0
3062	90	0
3063	90	0
3064	89	0
3065	90	0
3066	90	0
3067	89	0
3068	89	0
3069	90	0
3070	90	0
3071	90	0
3072	90	0
3073	90	0
3074	91	0
3075	90	0
3076	90	0
3077	90	0
3078	89	0
3079	90	0
3080	90	0
3081	90	0
3082	90	0
3083	90	0
3084	90	0
3085	90	0
3086	89	0
3087	90	0
3088	90	0
3089	90	0
3090	90	0
3091	90	0
3092	91	0
3093	89	0
3094	90	0
3095	90	0
3096	89	0
3097	90	0
3098	90	0
3099	90	0
3100	89	0
3101	90	0
3102	90	0
3103	89	0
3104	89	0
3105	90	0
3106	90	0
3107	89	0
3108	90	0
3109	89	0
3110	90	0
3111	90	0
3112	89	0
3113	90	0
3114	90	0
3115	90	0
3116	89	0
3117	90	0
3118	90	0
3119	90	0
3120	89	0
3121	90	0
3122	90	0
3123	89	0
3124	89	0
3125	90	0
3126	90	0
3127	90	0
3128	90	0
3129	90	0
3130	91	0
3131	90	0
3132	89	0
3133	90	0
3134	89	0
3135	90	0
3136	90	0
3137	89	0
3138	90	0
3139	89	0
3140	90	0
3141	89	0
3142	90	0
3143	90	0
3144	90	0
3145	89	0
3146	90	0
3147	90	0
3148	90	0
3149	90	0
3150	90	0
3151	90	0
3152	90	0
3153	90	0
3154	89	0
3155	90	0
3156	90	0
3157	90	0
3158	89	0
3159	90	0
3160	90	0
3161	90	0
3162	89	0
3163	90	0
3164	90	0
3165	89	0
3166	90	0
3167	90	0
3168	90	0
3169	90	0
3170	90	0
3171	91	0
3172	89	0
3173	90	0
3174	90	0
3175	90	0
3176	90	0
3177	90	0
3178	90	0
3179	90	0
3180	89	0
3181	89	0
3182	90	0
3183	90	0
3184	90	0
3185	90	0
3186	89	0
3187	90	0
3188	90	0
3189	90	0
3190	90	0
3191	90	0
3192	90	0
3193	90	0
3194	90	0
3195	89	0
3196	90	0
3197	90	0
3198	90	0
3199	89	0
3200	90	0
3201	91	0
3202	90	0
3203	90	0
3204	90	0
3205	90	0
3206	90	0
3207	90	0
3208	90	0
3209	90	0
3210	90	0
3211	90	0
3212	90	0
3213	90	0
3214	90	0
3215	90	0
3216	90	0
3217	89	0
3218	90	0
3219	89	0
3220	89	0
3221	90	0
3222	90	0
3223	90	0
3224	90	0
3225	89	0
3226	90	0
3227	90	0
3228	89	0
3229	89	0
3230	90	0
3231	90	0
3232	90	0
3233	91	0
3234	89	0
3235	90	0
3236	90	0
3237	90	0
3238	90	0
3239	90	0
3240	90	0
3241	89	0
3242	90	0
3243	90	0
3244	90	0
3245	89	0
3246	90	0
3247	90	0
3248	89	0
3249	89	0
3250	90	0
3251	90	0
3252	89	0
3253	90	0
3254	89	0
3255	90	0
3256	89	0
3257	90	0
3258	90	0
3259	90	0
3260	89	0
3261	89	0
3262	90	0
3263	90	0
3264	90	0
3265	89	0
3266	89	0
3267	90	0
3268	89	0
3269	90	0
3270	90	0
3271	89	0
3272	90	0
3273	90	0
3274	91	0
3275	89	0
3276	90	0
3277	90	0
3278	89	0
3279	89	0
3280	89	0
3281	90	0
3282	89	0
3283	90	0
3284	89	0
3285	89	0
3286	90	0
3287	90	0
3288	90	0
3289	90	0
3290	90	0
3291	90	0
3292	90	0
3293	90	0
3294	90	0
3295	90	0
3296	90	0
3297	90	0
3298	90	0
3299	90	0
3300	90	0
3301	90	0
3302	90	0
3303	90	0
3304	90	0
3305	89	0
3306	90	0
3307	89	0
3308	89	0
3309	89	0
3310	89	0
3311	90	0
3312	90	0
3313	90	0
3314	89	0
3315	89	0
3316	90	0
3317	90	0
3318	89	0
3319	90	0
3320	90	0
3321	90	0
3322	89	0
3323	90	0
3324	91	0
3325	90	0
3326	89	0
3327	90	0
3328	90	0
3329	90	0
3330	90	0
3331	90	0
3332	90	0
3333	90	0
3334	90	0
3335	89	0
3336	90	0
3337	90	0
3338	90	0
3339	89	0
3340	90	0
3341	90	0
3342	90	0
3343	90	0
3344	90	0
3345	90	0
3346	89	0
3347	90	0
3348	90	0
3349	90	0
3350	89	0
3351	90	0
3352	90	0
3353	90	0
3354	89	0
3355	90	0
3356	90	0
3357	90	0
3358	89	0
3359	90	0
3360	90	0
3361	90	0
3362	89	0
3363	90	0
3364	90	0
3365	90	0
3366	90	0
3367	90	0
3368	90	0
3369	90	0
3370	89	0
3371	90	0
3372	90	0
3373	90	0
3374	89	0
3375	90	0
3376	90	0
3377	90	0
3378	89	0
3379	90	0
3380	91	0
3381	90	0
3382	89	0
3383	90	0
3384	90	0
3385	90	0
3386	90	0
3387	90	0
3388	90	0
3389	90	0
3390	90	0
3391	90	0
3392	90	0
3393	89	0
3394	89	0
3395	90	0
3396	90	0
3397	89	0
3398	90	0
3399	89	0
3400	90	0
3401	90	0
3402	89	0
3403	90	0
3404	90	0
3405	90	0
3406	90	0
3407	90	0
3408	90	0
3409	89	0
3410	90	0
3411	89	0
3412	90	0
3413	90	0
3414	90	0
3415	90	0
3416	90	0
3417	90	0
3418	90	0
3419	90	0
3420	90	0
3421	90	0
3422	90	0
3423	90	0
3424	90	0
3425	90	0
3426	90	0
3427	89	0
3428	90	0
3429	90	0
3430	90	0
3431	89	0
3432	90	0
3433	90	0
3434	90	0
3435	89	0
3436	90	0
3437	90	0
3438	90	0
3439	89	0
3440	90	0
3441	90	0
3442	90	0
3443	90	0
3444	90	0
3445	90	0
3446	90	0
3447	90	0
3448	90	0
3449	90	0
3450	90	0
3451	90	0
3452	90	0
3453	89	0
3454	90	0
3455	90	0
3456	89	0
3457	89	0
3458	89	0
3459	91	0
3460	89	0
3461	90	0
3462	90	0
3463	89	0
3464	90	0
3465	90	0
3466	90	0
3467	89	0
3468	90	0
3469	90	0
3470	89	0
3471	89	0
3472	90	0
3473	90	0
3474	89	0
3475	90	0
3476	89	0
3477	90	0
3478	89	0
3479	89	0
3480	90	0
3481	90	0
3482	90	0
3483	90	0
3484	89	0
3485	90	0
3486	90	0
3487	89	0
3488	89	0
3489	90	0
3490	90	0
3491	89	0
3492	90	0
3493	90	0
3494	90	0
3495	90	0
3496	90	0
3497	90	0
3498	90	0
3499	90	0
3500	89	0
3501	89	0
3502	90	0
3503	90	0
3504	89	0
3505	90	0
3506	89	0
3507	90	0
3508	90	0
3509	90	0
3510	90	0
3511	90	0
3512	91	0
3513	90	0
3514	90	0
3515	90	0
3516	89	0
3517	90	0
3518	90	0
3519	89	0
3520	89	0
3521	90	0
3522	90	0
3523	90	0
3524	90	0
3525	89	0
3526	90	0
3527	90	0
3528	89	0
3529	89	0
3530	90	0
3531	90	0
3532	89	0
3533	90	0
3534	89	0
3535	90	0
3536	89	0
3537	90	0
3538	89	0
3539	90	0
3540	90	0
3541	90	0
3542	90	0
3543	90	0
3544	90	0
3545	89	0
3546	89	0
3547	90	0
3548	90	0
3549	90	0
3550	90	0
3551	90	0
3552	90	0
3553	89	0
3554	90	0
3555	90	0
3556	90	0
3557	90	0
3558	90	0
3559	90	0
3560	90	0
3561	89	0
3562	89	0
3563	89	0
3564	90	0
3565	89	0
3566	90	0
3567	90	0
3568	89	0
3569	90	0
3570	90	0
3571	91	0
3572	89	0
3573	90	0
3574	90	0
3575	89	0
3576	89	0
3577	89	0
3578	90	0
3579	89	0
3580	90	0
3581	89	0
3582	89	0
3583	90	0
3584	89	0
3585	90	0
3586	90	0
3587	89	0
3588	89	0
3589	90	0
3590	89	0
3591	89	0
3592	90	0
3593	89	0
3594	90	0
3595	90	0
3596	89	0
3597	89	0
3598	90	0
3599	89	0
3600	89	0
3601	90	0
3602	89	0
3603	90	0
3604	90	0
3605	90	0
3606	90	0
3607	90	0
3608	90	0
3609	90	0
3610	90	0
3611	90	0
3612	90	0
3613	89	0
3614	89	0
3615	90	0
3616	89	0
3617	89	0
3618	90	0
3619	90	0
3620	90	0
3621	90	0
3622	89	0
3623	90	0
3624	89	0
3625	89	0
3626	89	0
3627	89	0
3628	90	0
3629	90	0
3630	89	0
3631	90	0
3632	89	0
3633	90	0
3634	89	0
3635	90	0
3636	90	0
3637	90	0
3638	89	0
3639	89	0
3640	90	0
3641	90	0
3642	90	0
3643	90	0
3644	89	0
3645	90	0
3646	90	0
3647	89	0
3648	90	0
3649	90	0
3650	90	0
3651	89	0
3652	90	0
3653	90	0
3654	90	0
3655	89	0
3656	90	0
3657	90	0
3658	90	0
3659	90	0
3660	90	0
3661	90	0
3662	89	0
3663	90	0
3664	90	0
3665	90	0
3666	89	0
3667	90	0
3668	91	0
3669	90	0
3670	89	0
3671	90	0
3672	90	0
3673	90	0
3674	90	0
3675	90	0
3676	90	0
3677	90	0
3678	90	0
3679	89	0
3680	90	0
3681	89	0
3682	89	0
3683	89	0
3684	89	0
3685	89	0
3686	90	0
3687	90	0
3688	90	0
3689	90	0
3690	89	0
3691	90	0
3692	90	0
3693	90	0
3694	90	0
3695	90	0
3696	90	0
3697	90	0
3698	89	0
3699	90	0
3700	89	0
3701	90	0
3702	89	0
3703	90	0
3704	90	0
3705	90	0
3706	90	0
3707	90	0
3708	90	0
3709	90	0
3710	90	0
3711	90	0
3712	90	0
3713	90	0
3714	90	0
3715	90	0
3716	89	0
3717	90	0
3718	90	0
3719	89	0
3720	89	0
3721	90	0
3722	90	0
3723	90	0
3724	90	0
3725	89	0
3726	90	0
3727	90	0
3728	89	0
3729	89	0
3730	89	0
3731	90	0
3732	89	0
3733	90	0
3734	89	0
3735	89	0
3736	90	0
3737	89	0
3738	90	0
3739	90	0
3740	89	0
3741	90	0
3742	90	0
3743	90	0
3744	89	0
3745	90	0
3746	90	0
3747	90	0
3748	90	0
3749	90	0
3750	90	0
3751	90	0
3752	90	0
3753	90	0
3754	90	0
3755	90	0
3756	90	0
3757	90	0
3758	90	0
3759	90	0
3760	90	0
3761	89	0
3762	90	0
3763	89	0
3764	90	0
3765	90	0
3766	90	0
3767	90	0
3768	91	0
3769	90	0
3770	90	0
3771	89	0
3772	89	0
3773	90	0
3774	90	0
3775	89	0
3776	90	0
3777	90	0
3778	90	0
3779	89	0
3780	90	0
3781	90	0
3782	90	0
3783	89	0
3784	90	0
3785	90	0
3786	90	0
3787	89	0
3788	90	0
3789	90	0
3790	90	0
3791	89	0
3792	90	0
3793	90	0
3794	89	0
3795	90	0
3796	91	0
3797	90	0
3798	90	0
3799	90	0
3800	89	0
3801	89	0
3802	90	0
3803	90	0
3804	89	0
3805	90	0
3806	91	0
3807	110	0
3808	191	0
3809	197	0
3810	197	0
3811	198	0
3812	200	0
3813	200	0
3814	200	0
3815	198	0
3816	196	0
3817	193	0
3818	131	0
3819	92	0
3820	91	0
3821	93	0
3822	93	0
3823	92	0
3824	92	0
3825	91	0
3826	91	0
3827	99	0
3828	189	0
3829	197	0
3830	197	0
3831	197	0
3832	198	0
3833	198	0
3834	199	0
3835	197	0
3836	196	0
3837	196	0
3838	158	0
3839	112	0
3840	98	0
3841	94	0
3842	90	0
3843	89	0
3844	89	0
3845	88	0
3846	89	0
3847	90	0
3848	90	0
3849	90	0
3850	90	0
3851	90	0
3852	91	0
3853	90	0
3854	90	0
3855	91	0
3856	89	0
3857	90	0
3858	90	0
3859	89	0
3860	90	0
3861	90	0
3862	90	0
3863	90	0
3864	90	0
3865	90	0
3866	90	0
3867	91	0
3868	90	0
3869	90	0
3870	90	0
3871	89	0
3872	90	0
3873	90	0
3874	90	0
3875	89	0
3876	89	0
3877	90	0
3878	89	0
3879	90	0
3880	90	0
3881	89	0
3882	90	0
3883	90	0
3884	89	0
3885	89	0
3886	90	0
3887	90	0
3888	89	0
3889	89	0
3890	89	0
3891	90	0
3892	89	0
3893	90	0
3894	89	0
3895	89	0
3896	90	0
3897	90	0
3898	90	0
3899	90	0
3900	89	0
3901	89	0
3902	90	0
3903	89	0
3904	90	0
3905	90	0
3906	89	0
3907	90	0
3908	90	0
3909	90	0
3910	89	0
3911	90	0
3912	90	0
3913	90	0
3914	89	0
3915	90	0
3916	90	0
3917	90	0
3918	89	0
3919	89	0
3920	90	0
3921	90	0
3922	90	0
3923	90	0
3924	89	0
3925	90	0
3926	89	0
3927	89	0
3928	90	0
3929	90	0
3930	90	0
3931	90	0
3932	90	0
3933	90	0
3934	90	0
3935	90	0
3936	90	0
3937	90	0
3938	89	0
3939	89	0
3940	90	0
3941	90	0
3942	90	0
3943	90	0
3944	90	0
3945	90	0
3946	89	0
3947	90	0
3948	90	0
3949	89	0
3950	89	0
3951	90	0
3952	90	0
3953	89	0
3954	90	0
3955	90	0
3956	90	0
3957	89	0
3958	90	0
3959	90	0
3960	90	0
3961	89	0
3962	90	0
3963	90	0
3964	89	0
3965	89	0
3966	90	0
3967	89	0
3968	90	0
3969	90	0
3970	89	0
3971	90	0
3972	89	0
3973	90	0
3974	89	0
3975	89	0
3976	90	0
3977	90	0
3978	90	0
3979	90	0
3980	89	0
3981	90	0
3982	90	0
3983	90	0
3984	89	0
3985	90	0
3986	90	0
3987	90	0
3988	89	0
3989	90	0
3990	90	0
3991	90	0
3992	90	0
3993	90	0
3994	90	0
3995	90	0
3996	90	0
3997	89	0
3998	90	0
3999	90	0
4000	90	0
4001	89	0
4002	90	0
4003	90	0
4004	89	0
4005	90	0
4006	90	0
4007	90	0
4008	89	0
4009	90	0
4010	90	0
4011	89	0
4012	89	0
4013	90	0
4014	90	0
4015	89	0
4016	90	0
4017	89	0
4018	90	0
4019	89	0
4020	90	0
4021	90	0
4022	90	0
4023	90	0
4024	90	0
4025	90	0
4026	90	0
4027	90	0
4028	90	0
4029	90	0
4030	90	0
4031	90	0
4032	90	0
4033	90	0
4034	90	0
4035	90	0
4036	90	0
4037	90	0
4038	89	0
4039	90	0
4040	90	0
4041	89	0
4042	89	0
4043	90	0
4044	90	0
4045	90	0
4046	90	0
4047	90	0
4048	90	0
4049	90	0
4050	89	0
4051	90	0
4052	89	0
4053	90	0
4054	90	0
4055	89	0
4056	90	0
4057	90	0
4058	90	0
4059	89	0
4060	90	0
4061	90	0
4062	90	0
4063	90	0
4064	90	0
4065	90	0
4066	89	0
4067	90	0
4068	90	0
4069	90	0
4070	89	0
4071	89	0
4072	90	0
4073	90	0
4074	89	0
4075	90	0
4076	89	0
4077	90	0
4078	89	0
4079	90	0
4080	90	0
4081	90	0
4082	90	0
4083	90	0
4084	90	0
4085	89	0
4086	90	0
4087	90	0
4088	89	0
4089	89	0
4090	90	0
4091	90	0
4092	90	0
4093	90	0
4094	89	0
4095	90	0
4096	89	0
4097	90	0
4098	89	0
4099	90	0
4100	89	0
4101	89	0
4102	90	0
4103	89	0
4104	89	0
4105	90	0
4106	90	0
4107	91	0
4108	90	0
4109	90	0
4110	90	0
4111	90	0
4112	90	0
4113	90	0
4114	90	0
4115	90	0
4116	90	0
4117	90	0
4118	90	0
4119	90	0
4120	90	0
4121	90	0
4122	90	0
4123	90	0
4124	89	0
4125	90	0
4126	90	0
4127	89	0
4128	89	0
4129	90	0
4130	90	0
4131	90	0
4132	90	0
4133	89	0
4134	90	0
4135	90	0
4136	90	0
4137	90	0
4138	90	0
4139	90	0
4140	90	0
4141	89	0
4142	89	0
4143	90	0
4144	89	0
4145	89	0
4146	90	0
4147	90	0
4148	90	0
4149	91	0
4150	89	0
4151	91	0
4152	90	0
4153	90	0
4154	90	0
4155	89	0
4156	90	0
4157	90	0
4158	90	0
4159	89	0
4160	90	0
4161	90	0
4162	90	0
4163	89	0
4164	90	0
4165	90	0
4166	90	0
4167	89	0
4168	90	0
4169	91	0
4170	90	0
4171	89	0
4172	90	0
4173	89	0
4174	90	0
4175	90	0
4176	90	0
4177	90	0
4178	90	0
4179	91	0
4180	90	0
4181	90	0
4182	90	0
4183	89	0
4184	90	0
4185	91	0
4186	90	0
4187	89	0
4188	90	0
4189	89	0
4190	90	0
4191	89	0
4192	89	0
4193	90	0
4194	90	0
4195	90	0
4196	90	0
4197	90	0
4198	91	0
4199	90	0
4200	91	0
4201	90	0
4202	90	0
4203	90	0
4204	90	0
4205	90	0
4206	90	0
4207	90	0
4208	89	0
4209	90	0
4210	90	0
4211	90	0
4212	90	0
4213	89	0
4214	90	0
4215	90	0
4216	89	0
4217	90	0
4218	90	0
4219	90	0
4220	90	0
4221	90	0
4222	90	0
4223	90	0
4224	90	0
4225	90	0
4226	89	0
4227	90	0
4228	90	0
4229	89	0
4230	89	0
4231	90	0
4232	90	0
4233	90	0
4234	90	0
4235	90	0
4236	90	0
4237	90	0
4238	89	0
4239	90	0
4240	90	0
4241	90	0
4242	90	0
4243	90	0
4244	90	0
4245	89	0
4246	89	0
4247	90	0
4248	90	0
4249	90	0
4250	90	0
4251	89	0
4252	90	0
4253	90	0
4254	90	0
4255	89	0
4256	90	0
4257	90	0
4258	90	0
4259	90	0
4260	90	0
4261	90	0
4262	90	0
4263	90	0
4264	90	0
4265	90	0
4266	90	0
4267	90	0
4268	90	0
4269	90	0
4270	90	0
4271	90	0
4272	90	0
4273	90	0
4274	90	0
4275	90	0
4276	90	0
4277	90	0
4278	90	0
4279	90	0
4280	90	0
4281	90	0
4282	90	0
4283	90	0
4284	90	0
4285	90	0
4286	90	0
4287	90	0
4288	90	0
4289	90	0
4290	90	0
4291	90	0
4292	90	0
4293	90	0
4294	89	0
4295	90	0
4296	90	0
4297	90	0
4298	90	0
4299	90	0
4300	90	0
4301	90	0
4302	90	0
4303	90	0
4304	90	0
4305	90	0
4306	90	0
4307	89	0
4308	89	0
4309	90	0
4310	90	0
4311	89	0
4312	90	0
4313	89	0
4314	90	0
4315	89	0
4316	90	0
4317	90	0
4318	90	0
4319	90	0
4320	90	0
4321	90	0
4322	90	0
4323	90	0
4324	90	0
4325	90	0
4326	90	0
4327	90	0
4328	90	0
4329	90	0
4330	90	0
4331	90	0
4332	90	0
4333	90	0
4334	90	0
4335	90	0
4336	90	0
4337	90	0
4338	90	0
4339	90	0
4340	90	0
4341	90	0
4342	89	0
4343	90	0
4344	90	0
4345	90	0
4346	90	0
4347	90	0
4348	90	0
4349	89	0
4350	90	0
4351	90	0
4352	90	0
4353	89	0
4354	90	0
4355	90	0
4356	90	0
4357	89	0
4358	90	0
4359	90	0
4360	89	0
4361	90	0
4362	90	0
4363	90	0
4364	90	0
4365	90	0
4366	90	0
4367	89	0
4368	90	0
4369	90	0
4370	89	0
4371	89	0
4372	90	0
4373	90	0
4374	89	0
4375	91	0
4376	89	0
4377	90	0
4378	90	0
4379	90	0
4380	90	0
4381	89	0
4382	90	0
4383	90	0
4384	90	0
4385	89	0
4386	90	0
4387	90	0
4388	90	0
4389	89	0
4390	90	0
4391	90	0
4392	90	0
4393	89	0
4394	90	0
4395	91	0
4396	90	0
4397	89	0
4398	90	0
4399	90	0
4400	90	0
4401	90	0
4402	90	0
4403	91	0
4404	90	0
4405	90	0
4406	90	0
4407	89	0
4408	90	0
4409	90	0
4410	90	0
4411	89	0
4412	90	0
4413	90	0
4414	89	0
4415	89	0
4416	90	0
4417	90	0
4418	90	0
4419	90	0
4420	90	0
4421	90	0
4422	90	0
4423	90	0
4424	89	0
4425	90	0
4426	89	0
4427	89	0
4428	89	0
4429	90	0
4430	90	0
4431	90	0
4432	90	0
4433	90	0
4434	90	0
4435	89	0
4436	90	0
4437	90	0
4438	90	0
4439	89	0
4440	90	0
4441	90	0
4442	89	0
4443	89	0
4444	90	0
4445	90	0
4446	90	0
4447	90	0
4448	89	0
4449	90	0
4450	90	0
4451	90	0
4452	89	0
4453	90	0
4454	90	0
4455	90	0
4456	90	0
4457	90	0
4458	90	0
4459	90	0
4460	90	0
4461	90	0
4462	90	0
4463	89	0
4464	90	0
4465	90	0
4466	90	0
4467	89	0
4468	90	0
4469	90	0
4470	89	0
4471	89	0
4472	89	0
4473	90	0
4474	89	0
4475	90	0
4476	90	0
4477	90	0
4478	90	0
4479	90	0
4480	90	0
4481	90	0
4482	90	0
4483	90	0
4484	90	0
4485	89	0
4486	89	0
4487	90	0
4488	89	0
4489	89	0
4490	90	0
4491	90	0
4492	90	0
4493	90	0
4494	89	0
4495	91	0
4496	90	0
4497	90	0
4498	90	0
4499	90	0
4500	90	0
4501	90	0
4502	89	0
4503	90	0
4504	90	0
4505	89	0
4506	89	0
4507	90	0
4508	90	0
4509	90	0
4510	91	0
4511	89	0
4512	90	0
4513	90	0
4514	90	0
4515	90	0
4516	89	0
4517	90	0
4518	90	0
4519	90	0
4520	90	0
4521	90	0
4522	90	0
4523	90	0
4524	90	0
4525	90	0
4526	90	0
4527	90	0
4528	90	0
4529	89	0
4530	90	0
4531	90	0
4532	90	0
4533	89	0
4534	90	0
4535	91	0
4536	90	0
4537	89	0
4538	90	0
4539	90	0
4540	90	0
4541	90	0
4542	90	0
4543	90	0
4544	90	0
4545	90	0
4546	89	0
4547	90	0
4548	90	0
4549	90	0
4550	89	0
4551	90	0
4552	90	0
4553	90	0
4554	90	0
4555	90	0
4556	90	0
4557	90	0
4558	90	0
4559	90	0
4560	90	0
4561	89	0
4562	90	0
4563	90	0
4564	90	0
4565	89	0
4566	90	0
4567	90	0
4568	90	0
4569	89	0
4570	90	0
4571	90	0
4572	89	0
4573	89	0
4574	90	0
4575	90	0
4576	90	0
4577	90	0
4578	90	0
4579	90	0
4580	90	0
4581	90	0
4582	90	0
4583	90	0
4584	90	0
4585	91	0
4586	90	0
4587	89	0
4588	90	0
4589	89	0
4590	90	0
4591	89	0
4592	90	0
4593	90	0
4594	90	0
4595	90	0
4596	91	0
4597	90	0
4598	90	0
4599	89	0
4600	89	0
4601	90	0
4602	90	0
4603	89	0
4604	90	0
4605	90	0
4606	90	0
4607	90	0
4608	90	0
4609	90	0
4610	89	0
4611	90	0
4612	90	0
4613	89	0
4614	89	0
4615	90	0
4616	90	0
4617	90	0
4618	90	0
4619	89	0
4620	90	0
4621	90	0
4622	89	0
4623	90	0
4624	90	0
4625	90	0
4626	90	0
4627	90	0
4628	90	0
4629	90	0
4630	90	0
4631	89	0
4632	90	0
4633	90	0
4634	90	0
4635	89	0
4636	89	0
4637	90	0
4638	90	0
4639	90	0
4640	90	0
4641	90	0
4642	91	0
4643	89	0
4644	90	0
4645	90	0
4646	90	0
4647	90	0
4648	90	0
4649	90	0
4650	90	0
4651	90	0
4652	89	0
4653	90	0
4654	89	0
4655	90	0
4656	90	0
4657	90	0
4658	90	0
4659	90	0
4660	90	0
4661	90	0
4662	90	0
4663	91	0
4664	90	0
4665	90	0
4666	90	0
4667	89	0
4668	90	0
4669	90	0
4670	90	0
4671	89	0
4672	91	0
4673	91	0
4674	90	0
4675	90	0
4676	90	0
4677	90	0
4678	90	0
4679	90	0
4680	90	0
4681	90	0
4682	90	0
4683	89	0
4684	90	0
4685	90	0
4686	90	0
4687	90	0
4688	89	0
4689	90	0
4690	90	0
4691	89	0
4692	90	0
4693	90	0
4694	90	0
4695	90	0
4696	90	0
4697	90	0
4698	90	0
4699	90	0
4700	90	0
4701	90	0
4702	90	0
4703	90	0
4704	90	0
4705	90	0
4706	90	0
4707	90	0
4708	90	0
4709	90	0
4710	90	0
4711	90	0
4712	90	0
4713	90	0
4714	90	0
4715	90	0
4716	90	0
4717	90	0
4718	90	0
4719	90	0
4720	90	0
4721	90	0
4722	89	0
4723	90	0
4724	90	0
4725	89	0
4726	90	0
4727	90	0
4728	90	0
4729	89	0
4730	90	0
4731	90	0
4732	90	0
4733	89	0
4734	90	0
4735	90	0
4736	90	0
4737	90	0
4738	90	0
4739	90	0
4740	90	0
4741	89	0
4742	90	0
4743	90	0
4744	89	0
4745	90	0
4746	90	0
4747	90	0
4748	90	0
4749	91	0
4750	90	0
4751	89	0
4752	90	0
4753	89	0
4754	90	0
4755	90	0
4756	90	0
4757	90	0
4758	91	0
4759	144	0
4760	193	0
4761	197	0
4762	198	0
4763	198	0
4764	200	0
4765	200	0
4766	200	0
4767	198	0
4768	194	0
4769	190	0
4770	118	0
4771	83	0
4772	85	0
4773	86	0
4774	89	0
4775	91	0
4776	91	0
4777	91	0
4778	92	0
4779	122	0
4780	190	0
4781	194	0
4782	195	0
4783	198	0
4784	199	0
4785	200	0
4786	200	0
4787	198	0
4788	196	0
4789	194	0
4790	130	0
4791	93	0
4792	94	0
4793	94	0
4794	95	0
4795	94	0
4796	93	0
4797	91	0
4798	90	0
4799	89	0
4800	90	0
4801	89	0
4802	90	0
4803	89	0
4804	89	0
4805	90	0
4806	90	0
4807	90	0
4808	91	0
4809	90	0
4810	90	0
4811	90	0
4812	90	0
4813	90	0
4814	90	0
4815	89	0
4816	90	0
4817	90	0
4818	90	0
4819	89	0
4820	90	0
4821	90	0
4822	89	0
4823	89	0
4824	90	0
4825	90	0
4826	90	0
4827	90	0
4828	89	0
4829	90	0
4830	90	0
4831	90	0
4832	89	0
4833	90	0
4834	90	0
4835	89	0
4836	90	0
4837	90	0
4838	90	0
4839	89	0
4840	90	0
4841	90	0
4842	90	0
4843	89	0
4844	90	0
4845	90	0
4846	90	0
4847	89	0
4848	89	0
4849	90	0
4850	90	0
4851	90	0
4852	90	0
4853	89	0
4854	90	0
4855	90	0
4856	90	0
4857	89	0
4858	89	0
4859	90	0
4860	89	0
4861	90	0
4862	90	0
4863	89	0
4864	90	0
4865	90	0
4866	90	0
4867	89	0
4868	90	0
4869	90	0
4870	90	0
4871	89	0
4872	90	0
4873	90	0
4874	90	0
4875	90	0
4876	89	0
4877	90	0
4878	90	0
4879	90	0
4880	89	0
4881	90	0
4882	90	0
4883	90	0
4884	89	0
4885	90	0
4886	90	0
4887	89	0
4888	89	0
4889	90	0
4890	90	0
4891	90	0
4892	90	0
4893	90	0
4894	90	0
4895	90	0
4896	90	0
4897	90	0
4898	89	0
4899	90	0
4900	90	0
4901	90	0
4902	89	0
4903	90	0
4904	90	0
4905	90	0
4906	89	0
4907	90	0
4908	90	0
4909	90	0
4910	89	0
4911	90	0
4912	89	0
4913	90	0
4914	89	0
4915	90	0
4916	89	0
4917	90	0
4918	90	0
4919	89	0
4920	90	0
4921	90	0
4922	90	0
4923	89	0
4924	90	0
4925	89	0
4926	89	0
4927	90	0
4928	90	0
4929	90	0
4930	90	0
4931	90	0
4932	90	0
4933	90	0
4934	90	0
4935	90	0
4936	89	0
4937	90	0
4938	90	0
4939	89	0
4940	90	0
4941	90	0
4942	89	0
4943	90	0
4944	90	0
4945	89	0
4946	89	0
4947	90	0
4948	90	0
4949	90	0
4950	90	0
4951	90	0
4952	90	0
4953	90	0
4954	90	0
4955	90	0
4956	89	0
4957	90	0
4958	90	0
4959	90	0
4960	89	0
4961	90	0
4962	90	0
4963	89	0
4964	90	0
4965	90	0
4966	90	0
4967	90	0
4968	90	0
4969	90	0
4970	90	0
4971	89	0
4972	90	0
4973	89	0
4974	90	0
4975	89	0
4976	90	0
4977	90	0
4978	90	0
4979	90	0
4980	90	0
4981	91	0
4982	90	0
4983	90	0
4984	90	0
4985	89	0
4986	90	0
4987	91	0
4988	90	0
4989	89	0
4990	90	0
4991	90	0
4992	90	0
4993	90	0
4994	90	0
4995	90	0
4996	90	0
4997	90	0
4998	90	0
4999	90	0
5000	90	0
5001	90	0
5002	90	0
5003	90	0
5004	89	0
5005	90	0
5006	90	0
5007	89	0
5008	89	0
5009	90	0
5010	90	0
5011	90	0
5012	90	0
5013	90	0
5014	90	0
5015	90	0
5016	90	0
5017	90	0
5018	90	0
5019	90	0
5020	90	0
5021	90	0
5022	90	0
5023	89	0
5024	90	0
5025	90	0
5026	90	0
5027	90	0
5028	90	0
5029	90	0
5030	90	0
5031	90	0
5032	90	0
5033	90	0
5034	90	0
5035	90	0
5036	90	0
5037	90	0
5038	90	0
5039	90	0
5040	90	0
5041	89	0
5042	90	0
5043	89	0
5044	90	0
5045	90	0
5046	90	0
5047	90	0
5048	90	0
5049	90	0
5050	90	0
5051	90	0
5052	89	0
5053	90	0
5054	90	0
5055	90	0
5056	90	0
5057	90	0
5058	90	0
5059	90	0
5060	90	0
5061	90	0
5062	89	0
5063	90	0
5064	89	0
5065	90	0
5066	90	0
5067	90	0
5068	90	0
5069	90	0
5070	90	0
5071	90	0
5072	90	0
5073	90	0
5074	89	0
5075	90	0
5076	90	0
5077	89	0
5078	89	0
5079	90	0
5080	90	0
5081	90	0
5082	90	0
5083	90	0
5084	90	0
5085	90	0
5086	90	0
5087	90	0
5088	90	0
5089	90	0
5090	90	0
5091	90	0
5092	90	0
5093	90	0
5094	89	0
5095	90	0
5096	90	0
5097	90	0
5098	89	0
5099	90	0
5100	90	0
5101	89	0
5102	90	0
5103	90	0
5104	90	0
5105	89	0
5106	90	0
5107	90	0
5108	90	0
5109	90	0
5110	90	0
5111	90	0
5112	90	0
5113	90	0
5114	90	0
5115	90	0
5116	90	0
5117	90	0
5118	89	0
5119	89	0
5120	90	0
5121	90	0
5122	90	0
5123	90	0
5124	90	0
5125	91	0
5126	90	0
5127	90	0
5128	90	0
5129	89	0
5130	90	0
5131	90	0
5132	90	0
5133	90	0
5134	90	0
5135	90	0
5136	90	0
5137	90	0
5138	89	0
5139	90	0
5140	90	0
5141	90	0
5142	89	0
5143	90	0
5144	91	0
5145	90	0
5146	89	0
5147	90	0
5148	90	0
5149	90	0
5150	90	0
5151	90	0
5152	90	0
5153	90	0
5154	90	0
5155	90	0
5156	90	0
5157	90	0
5158	89	0
5159	89	0
5160	90	0
5161	90	0
5162	90	0
5163	90	0
5164	89	0
5165	90	0
5166	90	0
5167	89	0
5168	90	0
5169	90	0
5170	90	0
5171	90	0
5172	90	0
5173	90	0
5174	90	0
5175	90	0
5176	90	0
5177	90	0
5178	90	0
5179	90	0
5180	90	0
5181	90	0
5182	90	0
5183	89	0
5184	90	0
5185	90	0
5186	90	0
5187	90	0
5188	90	0
5189	90	0
5190	90	0
5191	90	0
5192	90	0
5193	90	0
5194	90	0
5195	90	0
5196	90	0
5197	90	0
5198	90	0
5199	90	0
5200	90	0
5201	90	0
5202	90	0
5203	90	0
5204	90	0
5205	90	0
5206	89	0
5207	90	0
5208	89	0
5209	89	0
5210	89	0
5211	90	0
5212	90	0
5213	90	0
5214	90	0
5215	90	0
5216	90	0
5217	89	0
5218	90	0
5219	90	0
5220	90	0
5221	90	0
5222	90	0
5223	90	0
5224	90	0
5225	90	0
5226	90	0
5227	90	0
5228	90	0
5229	90	0
5230	90	0
5231	90	0
5232	90	0
5233	89	0
5234	89	0
5235	89	0
5236	90	0
5237	90	0
5238	90	0
5239	90	0
5240	89	0
5241	91	0
5242	90	0
5243	90	0
5244	90	0
5245	90	0
5246	90	0
5247	90	0
5248	90	0
5249	90	0
5250	90	0
5251	89	0
5252	90	0
5253	90	0
5254	89	0
5255	90	0
5256	90	0
5257	90	0
5258	89	0
5259	90	0
5260	90	0
5261	90	0
5262	89	0
5263	90	0
5264	90	0
5265	90	0
5266	89	0
5267	90	0
5268	90	0
5269	90	0
5270	89	0
5271	90	0
5272	90	0
5273	89	0
5274	89	0
5275	89	0
5276	90	0
5277	90	0
5278	90	0
5279	90	0
5280	89	0
5281	90	0
5282	90	0
5283	90	0
5284	90	0
5285	90	0
5286	91	0
5287	90	0
5288	90	0
5289	90	0
5290	89	0
5291	90	0
5292	90	0
5293	90	0
5294	89	0
5295	90	0
5296	90	0
5297	90	0
5298	89	0
5299	90	0
5300	90	0
5301	89	0
5302	90	0
5303	90	0
5304	90	0
5305	90	0
5306	90	0
5307	91	0
5308	90	0
5309	90	0
5310	90	0
5311	90	0
5312	90	0
5313	90	0
5314	90	0
5315	90	0
5316	89	0
5317	90	0
5318	90	0
5319	89	0
5320	90	0
5321	90	0
5322	91	0
5323	90	0
5324	90	0
5325	90	0
5326	90	0
5327	90	0
5328	90	0
5329	90	0
5330	90	0
5331	90	0
5332	90	0
5333	90	0
5334	90	0
5335	90	0
5336	90	0
5337	89	0
5338	89	0
5339	89	0
5340	90	0
5341	89	0
5342	90	0
5343	89	0
5344	89	0
5345	90	0
5346	89	0
5347	90	0
5348	90	0
5349	90	0
5350	89	0
5351	90	0
5352	90	0
5353	89	0
5354	89	0
5355	90	0
5356	90	0
5357	90	0
5358	90	0
5359	90	0
5360	90	0
5361	90	0
5362	89	0
5363	90	0
5364	89	0
5365	90	0
5366	90	0
5367	90	0
5368	90	0
5369	89	0
5370	90	0
5371	90	0
5372	89	0
5373	89	0
5374	89	0
5375	90	0
5376	89	0
5377	90	0
5378	90	0
5379	90	0
5380	90	0
5381	90	0
5382	90	0
5383	90	0
5384	90	0
5385	90	0
5386	90	0
5387	90	0
5388	90	0
5389	90	0
5390	90	0
5391	90	0
5392	89	0
5393	90	0
5394	89	0
5395	90	0
5396	89	0
5397	90	0
5398	90	0
5399	90	0
5400	90	0
5401	90	0
5402	90	0
5403	90	0
5404	90	0
5405	90	0
5406	90	0
5407	89	0
5408	90	0
5409	90	0
5410	90	0
5411	89	0
5412	90	0
5413	90	0
5414	89	0
5415	89	0
5416	90	0
5417	90	0
5418	90	0
5419	90	0
5420	90	0
5421	90	0
5422	90	0
5423	90	0
5424	89	0
5425	90	0
5426	90	0
5427	90	0
5428	89	0
5429	89	0
5430	90	0
5431	89	0
5432	90	0
5433	91	0
5434	89	0
5435	90	0
5436	89	0
5437	90	0
5438	90	0
5439	90	0
5440	90	0
5441	90	0
5442	90	0
5443	89	0
5444	90	0
5445	90	0
5446	90	0
5447	90	0
5448	90	0
5449	90	0
5450	90	0
5451	89	0
5452	90	0
5453	90	0
5454	90	0
5455	90	0
5456	91	0
5457	90	0
5458	90	0
5459	90	0
5460	90	0
5461	90	0
5462	90	0
5463	90	0
5464	90	0
5465	90	0
5466	90	0
5467	90	0
5468	90	0
5469	90	0
5470	90	0
5471	90	0
5472	90	0
5473	90	0
5474	90	0
5475	90	0
5476	90	0
5477	89	0
5478	89	0
5479	90	0
5480	90	0
5481	90	0
5482	90	0
5483	90	0
5484	91	0
5485	90	0
5486	90	0
5487	90	0
5488	89	0
5489	89	0
5490	90	0
5491	90	0
5492	90	0
5493	90	0
5494	89	0
5495	90	0
5496	90	0
5497	90	0
5498	90	0
5499	90	0
5500	90	0
5501	91	0
5502	91	0
5503	90	0
5504	90	0
5505	90	0
5506	90	0
5507	90	0
5508	90	0
5509	90	0
5510	90	0
5511	90	0
5512	90	0
5513	90	0
5514	90	0
5515	90	0
5516	90	0
5517	90	0
5518	90	0
5519	90	0
5520	90	0
5521	90	0
5522	89	0
5523	90	0
5524	90	0
5525	90	0
5526	90	0
5527	90	0
5528	90	0
5529	89	0
5530	90	0
5531	90	0
5532	90	0
5533	89	0
5534	90	0
5535	90	0
5536	90	0
5537	90	0
5538	90	0
5539	91	0
5540	89	0
5541	90	0
5542	90	0
5543	89	0
5544	90	0
5545	90	0
5546	90	0
5547	89	0
5548	90	0
5549	90	0
5550	90	0
5551	90	0
5552	90	0
5553	90	0
5554	90	0
5555	90	0
5556	90	0
5557	90	0
5558	90	0
5559	90	0
5560	90	0
5561	90	0
5562	90	0
5563	90	0
5564	89	0
5565	90	0
5566	90	0
5567	90	0
5568	89	0
5569	90	0
5570	90	0
5571	90	0
5572	89	0
5573	90	0
5574	91	0
5575	90	0
5576	90	0
5577	90	0
5578	90	0
5579	90	0
5580	89	0
5581	90	0
5582	90	0
5583	90	0
5584	90	0
5585	90	0
5586	90	0
5587	90	0
5588	90	0
5589	90	0
5590	90	0
5591	90	0
5592	90	0
5593	90	0
5594	90	0
5595	90	0
5596	90	0
5597	90	0
5598	90	0
5599	90	0
5600	89	0
5601	90	0
5602	90	0
5603	90	0
5604	90	0
5605	90	0
5606	90	0
5607	89	0
5608	90	0
5609	90	0
5610	90	0
5611	90	0
5612	90	0
5613	90	0
5614	90	0
5615	90	0
5616	90	0
5617	90	0
5618	90	0
5619	89	0
5620	90	0
5621	89	0
5622	89	0
5623	89	0
5624	90	0
5625	90	0
5626	90	0
5627	90	0
5628	90	0
5629	90	0
5630	89	0
5631	90	0
5632	90	0
5633	90	0
5634	89	0
5635	90	0
5636	90	0
5637	89	0
5638	89	0
5639	90	0
5640	90	0
5641	90	0
5642	90	0
5643	89	0
5644	89	0
5645	90	0
5646	90	0
5647	89	0
5648	90	0
5649	90	0
5650	90	0
5651	90	0
5652	90	0
5653	90	0
5654	90	0
5655	90	0
5656	90	0
5657	90	0
5658	90	0
5659	90	0
5660	90	0
5661	90	0
5662	90	0
5663	90	0
5664	90	0
5665	90	0
5666	89	0
5667	89	0
5668	90	0
5669	90	0
5670	90	0
5671	90	0
5672	90	0
5673	90	0
5674	90	0
5675	90	0
5676	89	0
5677	90	0
5678	90	0
5679	90	0
5680	89	0
5681	90	0
5682	90	0
5683	89	0
5684	90	0
5685	90	0
5686	90	0
5687	90	0
5688	90	0
5689	90	0
5690	89	0
5691	90	0
5692	90	0
5693	90	0
5694	90	0
5695	90	0
5696	90	0
5697	89	0
5698	89	0
5699	90	0
5700	90	0
5701	89	0
5702	90	0
5703	89	0
5704	90	0
5705	89	0
5706	89	0
5707	90	0
5708	90	0
5709	90	0
5710	90	0
5711	90	0
5712	96	0
5713	188	0
5714	200	0
5715	198	0
5716	199	0
5717	200	0
5718	201	0
5719	200	0
5720	200	0
5721	197	0
5722	193	0
5723	157	0
5724	110	0
5725	95	0
5726	94	0
5727	91	0
5728	90	0
5729	90	0
5730	89	0
5731	89	0
5732	93	0
5733	176	0
5734	197	0
5735	197	0
5736	198	0
5737	198	0
5738	200	0
5739	200	0
5740	198	0
5741	197	0
5742	195	0
5743	181	0
5744	118	0
5745	89	0
5746	86	0
5747	85	0
5748	86	0
5749	89	0
5750	90	0
5751	91	0
5752	91	0
5753	91	0
5754	91	0
5755	90	0
5756	90	0
5757	89	0
5758	90	0
5759	90	0
5760	90	0
5761	89	0
5762	90	0
5763	90	0
5764	90	0
5765	89	0
5766	90	0
5767	90	0
5768	90	0
5769	89	0
5770	90	0
5771	90	0
5772	90	0
5773	90	0
5774	90	0
5775	90	0
5776	90	0
5777	90	0
5778	90	0
5779	90	0
5780	90	0
5781	89	0
5782	89	0
5783	90	0
5784	90	0
5785	89	0
5786	90	0
5787	89	0
5788	90	0
5789	90	0
5790	90	0
5791	90	0
5792	90	0
5793	90	0
5794	90	0
5795	90	0
5796	90	0
5797	89	0
5798	90	0
5799	90	0
5800	90	0
5801	89	0
5802	90	0
5803	90	0
5804	90	0
5805	89	0
5806	90	0
5807	90	0
5808	90	0
5809	89	0
5810	90	0
5811	91	0
5812	89	0
5813	90	0
5814	90	0
5815	90	0
5816	90	0
5817	90	0
5818	90	0
5819	90	0
5820	90	0
5821	90	0
5822	90	0
5823	90	0
5824	90	0
5825	90	0
5826	90	0
5827	90	0
5828	90	0
5829	89	0
5830	90	0
5831	90	0
5832	90	0
5833	90	0
5834	90	0
5835	90	0
5836	90	0
5837	90	0
5838	90	0
5839	90	0
5840	90	0
5841	89	0
5842	90	0
5843	90	0
5844	90	0
5845	89	0
5846	90	0
5847	90	0
5848	90	0
5849	89	0
5850	90	0
5851	91	0
5852	89	0
5853	90	0
5854	90	0
5855	90	0
5856	89	0
5857	89	0
5858	90	0
5859	89	0
5860	90	0
5861	90	0
5862	90	0
5863	90	0
5864	90	0
5865	91	0
5866	90	0
5867	89	0
5868	90	0
5869	90	0
5870	90	0
5871	90	0
5872	90	0
5873	91	0
5874	90	0
5875	90	0
5876	90	0
5877	89	0
5878	90	0
5879	90	0
5880	90	0
5881	90	0
5882	90	0
5883	91	0
5884	90	0
5885	89	0
5886	90	0
5887	90	0
5888	90	0
5889	90	0
5890	90	0
5891	90	0
5892	90	0
5893	90	0
5894	90	0
5895	90	0
5896	90	0
5897	90	0
5898	90	0
5899	90	0
5900	90	0
5901	90	0
5902	90	0
5903	90	0
5904	90	0
5905	90	0
5906	90	0
5907	90	0
5908	90	0
5909	90	0
5910	90	0
5911	90	0
5912	90	0
5913	90	0
5914	90	0
5915	89	0
5916	90	0
5917	89	0
5918	90	0
5919	90	0
5920	90	0
5921	90	0
5922	90	0
5923	91	0
5924	90	0
5925	90	0
5926	90	0
5927	89	0
5928	90	0
5929	90	0
5930	90	0
5931	89	0
5932	90	0
5933	90	0
5934	90	0
5935	89	0
5936	90	0
5937	91	0
5938	90	0
5939	89	0
5940	90	0
5941	89	0
5942	90	0
5943	91	0
5944	90	0
5945	90	0
5946	90	0
5947	90	0
5948	90	0
5949	90	0
5950	89	0
5951	90	0
5952	90	0
5953	90	0
5954	90	0
5955	90	0
5956	90	0
5957	90	0
5958	90	0
5959	90	0
5960	90	0
5961	90	0
5962	90	0
5963	90	0
5964	90	0
5965	90	0
5966	89	0
5967	90	0
5968	90	0
5969	90	0
5970	89	0
5971	90	0
5972	90	0
5973	89	0
5974	90	0
5975	90	0
5976	90	0
5977	90	0
5978	90	0
5979	90	0
5980	90	0
5981	90	0
5982	89	0
5983	90	0
5984	90	0
5985	89	0
5986	90	0
5987	90	0
5988	90	0
5989	90	0
5990	90	0
5991	90	0
5992	90	0
5993	90	0
5994	90	0
5995	90	0
5996	90	0
5997	90	0
5998	90	0
5999	90	0
6000	90	0
6001	90	0
6002	90	0
6003	90	0
6004	90	0
6005	90	0
6006	89	0
6007	90	0
6008	89	0
6009	90	0
6010	89	0
6011	90	0
6012	90	0
6013	90	0
6014	90	0
6015	90	0
6016	90	0
6017	90	0
6018	90	0
6019	89	0
6020	90	0
6021	90	0
6022	90	0
6023	90	0
6024	90	0
6025	90	0
6026	90	0
6027	90	0
6028	90	0
6029	89	0
6030	90	0
6031	90	0
6032	90	0
6033	89	0
6034	90	0
6035	90	0
6036	90	0
6037	90	0
6038	89	0
6039	90	0
6040	90	0
6041	90	0
6042	89	0
6043	90	0
6044	90	0
6045	90	0
6046	90	0
6047	90	0
6048	90	0
6049	89	0
6050	90	0
6051	90	0
6052	90	0
6053	90	0
6054	90	0
6055	90	0
6056	89	0
6057	89	0
6058	90	0
6059	90	0
6060	89	0
6061	90	0
6062	90	0
6063	90	0
6064	90	0
6065	89	0
6066	90	0
6067	90	0
6068	90	0
6069	90	0
6070	90	0
6071	91	0
6072	90	0
6073	90	0
6074	90	0
6075	90	0
6076	90	0
6077	90	0
6078	90	0
6079	90	0
6080	90	0
6081	90	0
6082	90	0
6083	90	0
6084	89	0
6085	90	0
6086	89	0
6087	91	0
6088	90	0
6089	90	0
6090	90	0
6091	90	0
6092	90	0
6093	90	0
6094	90	0
6095	90	0
6096	90	0
6097	90	0
6098	90	0
6099	90	0
6100	89	0
6101	90	0
6102	90	0
6103	90	0
6104	89	0
6105	90	0
6106	90	0
6107	89	0
6108	90	0
6109	90	0
6110	90	0
6111	89	0
6112	90	0
6113	91	0
6114	90	0
6115	89	0
6116	90	0
6117	90	0
6118	90	0
6119	90	0
6120	90	0
6121	91	0
6122	90	0
6123	90	0
6124	90	0
6125	89	0
6126	90	0
6127	90	0
6128	90	0
6129	89	0
6130	90	0
6131	90	0
6132	90	0
6133	89	0
6134	90	0
6135	90	0
6136	90	0
6137	90	0
6138	91	0
6139	91	0
6140	90	0
6141	90	0
6142	90	0
6143	90	0
6144	90	0
6145	90	0
6146	90	0
6147	90	0
6148	89	0
6149	90	0
6150	90	0
6151	90	0
6152	90	0
6153	90	0
6154	90	0
6155	89	0
6156	90	0
6157	90	0
6158	90	0
6159	90	0
6160	90	0
6161	90	0
6162	90	0
6163	90	0
6164	90	0
6165	90	0
6166	90	0
6167	90	0
6168	90	0
6169	90	0
6170	90	0
6171	90	0
6172	90	0
6173	90	0
6174	90	0
6175	90	0
6176	90	0
6177	90	0
6178	89	0
6179	90	0
6180	89	0
6181	89	0
6182	90	0
6183	90	0
6184	91	0
6185	90	0
6186	90	0
6187	91	0
6188	90	0
6189	90	0
6190	90	0
6191	89	0
6192	90	0
6193	90	0
6194	89	0
6195	89	0
6196	90	0
6197	90	0
6198	90	0
6199	90	0
6200	90	0
6201	90	0
6202	89	0
6203	90	0
6204	90	0
6205	90	0
6206	89	0
6207	90	0
6208	91	0
6209	90	0
6210	89	0
6211	90	0
6212	90	0
6213	90	0
6214	90	0
6215	90	0
6216	90	0
6217	90	0
6218	90	0
6219	90	0
6220	90	0
6221	90	0
6222	89	0
6223	90	0
6224	90	0
6225	89	0
6226	89	0
6227	91	0
6228	90	0
6229	89	0
6230	90	0
6231	90	0
6232	90	0
6233	90	0
6234	90	0
6235	91	0
6236	90	0
6237	90	0
6238	90	0
6239	90	0
6240	90	0
6241	90	0
6242	90	0
6243	90	0
6244	90	0
6245	89	0
6246	90	0
6247	90	0
6248	90	0
6249	89	0
6250	90	0
6251	90	0
6252	90	0
6253	90	0
6254	90	0
6255	90	0
6256	90	0
6257	90	0
6258	90	0
6259	90	0
6260	90	0
6261	90	0
6262	90	0
6263	89	0
6264	89	0
6265	89	0
6266	90	0
6267	89	0
6268	90	0
6269	90	0
6270	89	0
6271	90	0
6272	90	0
6273	90	0
6274	89	0
6275	90	0
6276	90	0
6277	89	0
6278	89	0
6279	90	0
6280	90	0
6281	90	0
6282	90	0
6283	90	0
6284	91	0
6285	90	0
6286	90	0
6287	89	0
6288	89	0
6289	90	0
6290	90	0
6291	89	0
6292	90	0
6293	90	0
6294	89	0
6295	89	0
6296	90	0
6297	91	0
6298	90	0
6299	91	0
6300	90	0
6301	90	0
6302	90	0
6303	89	0
6304	90	0
6305	90	0
6306	90	0
6307	89	0
6308	90	0
6309	90	0
6310	89	0
6311	89	0
6312	90	0
6313	91	0
6314	90	0
6315	90	0
6316	89	0
6317	90	0
6318	90	0
6319	90	0
6320	89	0
6321	90	0
6322	91	0
6323	90	0
6324	89	0
6325	90	0
6326	90	0
6327	90	0
6328	90	0
6329	90	0
6330	90	0
6331	90	0
6332	90	0
6333	90	0
6334	90	0
6335	89	0
6336	89	0
6337	89	0
6338	90	0
6339	90	0
6340	91	0
6341	89	0
6342	89	0
6343	91	0
6344	90	0
6345	90	0
6346	90	0
6347	90	0
6348	89	0
6349	90	0
6350	89	0
6351	90	0
6352	90	0
6353	90	0
6354	90	0
6355	90	0
6356	90	0
6357	90	0
6358	90	0
6359	90	0
6360	90	0
6361	90	0
6362	90	0
6363	89	0
6364	90	0
6365	90	0
6366	90	0
6367	89	0
6368	90	0
6369	90	0
6370	91	0
6371	90	0
6372	90	0
6373	90	0
6374	90	0
6375	90	0
6376	90	0
6377	90	0
6378	90	0
6379	89	0
6380	90	0
6381	90	0
6382	90	0
6383	89	0
6384	90	0
6385	90	0
6386	90	0
6387	89	0
6388	90	0
6389	90	0
6390	89	0
6391	89	0
6392	90	0
6393	90	0
6394	90	0
6395	90	0
6396	90	0
6397	90	0
6398	90	0
6399	90	0
6400	90	0
6401	90	0
6402	90	0
6403	90	0
6404	90	0
6405	90	0
6406	90	0
6407	90	0
6408	90	0
6409	90	0
6410	90	0
6411	90	0
6412	90	0
6413	89	0
6414	89	0
6415	89	0
6416	89	0
6417	89	0
6418	90	0
6419	90	0
6420	90	0
6421	90	0
6422	90	0
6423	91	0
6424	90	0
6425	90	0
6426	89	0
6427	89	0
6428	90	0
6429	90	0
6430	89	0
6431	90	0
6432	90	0
6433	90	0
6434	89	0
6435	91	0
6436	90	0
6437	90	0
6438	90	0
6439	90	0
6440	90	0
6441	90	0
6442	89	0
6443	90	0
6444	90	0
6445	90	0
6446	89	0
6447	90	0
6448	90	0
6449	90	0
6450	89	0
6451	90	0
6452	91	0
6453	90	0
6454	90	0
6455	90	0
6456	90	0
6457	90	0
6458	91	0
6459	90	0
6460	90	0
6461	90	0
6462	89	0
6463	90	0
6464	90	0
6465	90	0
6466	90	0
6467	90	0
6468	90	0
6469	90	0
6470	90	0
6471	90	0
6472	90	0
6473	90	0
6474	90	0
6475	90	0
6476	90	0
6477	90	0
6478	90	0
6479	90	0
6480	90	0
6481	89	0
6482	90	0
6483	90	0
6484	90	0
6485	90	0
6486	90	0
6487	90	0
6488	90	0
6489	90	0
6490	90	0
6491	89	0
6492	90	0
6493	90	0
6494	90	0
6495	89	0
6496	90	0
6497	90	0
6498	90	0
6499	89	0
6500	90	0
6501	90	0
6502	90	0
6503	90	0
6504	90	0
6505	90	0
6506	90	0
6507	90	0
6508	90	0
6509	90	0
6510	90	0
6511	90	0
6512	90	0
6513	90	0
6514	89	0
6515	90	0
6516	90	0
6517	90	0
6518	90	0
6519	90	0
6520	90	0
6521	90	0
6522	90	0
6523	89	0
6524	90	0
6525	90	0
6526	90	0
6527	89	0
6528	90	0
6529	90	0
6530	89	0
6531	89	0
6532	90	0
6533	90	0
6534	90	0
6535	90	0
6536	89	0
6537	90	0
6538	90	0
6539	90	0
6540	90	0
6541	90	0
6542	90	0
6543	90	0
6544	90	0
6545	90	0
6546	90	0
6547	90	0
6548	89	0
6549	90	0
6550	90	0
6551	90	0
6552	89	0
6553	90	0
6554	90	0
6555	90	0
6556	90	0
6557	90	0
6558	91	0
6559	90	0
6560	90	0
6561	90	0
6562	90	0
6563	90	0
6564	90	0
6565	90	0
6566	89	0
6567	90	0
6568	90	0
6569	90	0
6570	90	0
6571	90	0
6572	90	0
6573	89	0
6574	90	0
6575	90	0
6576	90	0
6577	90	0
6578	90	0
6579	91	0
6580	90	0
6581	90	0
6582	90	0
6583	89	0
6584	89	0
6585	90	0
6586	90	0
6587	90	0
6588	90	0
6589	90	0
6590	91	0
6591	90	0
6592	90	0
6593	90	0
6594	89	0
6595	90	0
6596	90	0
6597	90	0
6598	89	0
6599	90	0
6600	90	0
6601	90	0
6602	90	0
6603	90	0
6604	90	0
6605	90	0
6606	90	0
6607	89	0
6608	90	0
6609	90	0
6610	90	0
6611	89	0
6612	90	0
6613	90	0
6614	90	0
6615	90	0
6616	90	0
6617	90	0
6618	90	0
6619	90	0
6620	90	0
6621	90	0
6622	90	0
6623	90	0
6624	90	0
6625	90	0
6626	90	0
6627	90	0
6628	90	0
6629	90	0
6630	89	0
6631	90	0
6632	90	0
6633	89	0
6634	89	0
6635	90	0
6636	90	0
6637	90	0
6638	90	0
6639	89	0
6640	90	0
6641	90	0
6642	90	0
6643	89	0
6644	90	0
6645	90	0
6646	89	0
6647	89	0
6648	90	0
6649	91	0
6650	89	0
6651	90	0
6652	89	0
6653	89	0
6654	90	0
6655	90	0
6656	90	0
6657	91	0
6658	90	0
6659	90	0
6660	90	0
6661	90	0
6662	90	0
6663	90	0
6664	92	0
6665	165	0
6666	197	0
6667	197	0
6668	198	0
6669	199	0
6670	201	0
6671	200	0
6672	200	0
6673	197	0
6674	193	0
6675	184	0
6676	118	0
6677	87	0
6678	86	0
6679	86	0
6680	88	0
6681	89	0
6682	90	0
6683	90	0
6684	92	0
6685	144	0
6686	192	0
6687	195	0
6688	196	0
6689	198	0
6690	199	0
6691	199	0
6692	199	0
6693	197	0
6694	195	0
6695	192	0
6696	121	0
6697	85	0
6698	86	0
6699	90	0
6700	91	0
6701	93	0
6702	93	0
6703	92	0
6704	91	0
6705	90	0
6706	90	0
6707	89	0
6708	89	0
6709	90	0
6710	90	0
6711	90	0
6712	90	0
6713	89	0
6714	90	0
6715	90	0
6716	90	0
6717	90	0
6718	90	0
6719	90	0
6720	90	0
6721	89	0
6722	90	0
6723	90	0
6724	89	0
6725	90	0
6726	90	0
6727	90	0
6728	89	0
6729	89	0
6730	90	0
6731	90	0
6732	90	0
6733	90	0
6734	90	0
6735	90	0
6736	90	0
6737	90	0
6738	89	0
6739	90	0
6740	90	0
6741	90	0
6742	89	0
6743	90	0
6744	90	0
6745	90	0
6746	90	0
6747	90	0
6748	90	0
6749	90	0
6750	89	0
6751	90	0
6752	90	0
6753	90	0
6754	89	0
6755	90	0
6756	90	0
6757	90	0
6758	89	0
6759	90	0
6760	90	0
6761	89	0
6762	89	0
6763	90	0
6764	90	0
6765	90	0
6766	90	0
6767	89	0
6768	91	0
6769	90	0
6770	89	0
6771	89	0
6772	90	0
6773	90	0
6774	90	0
6775	90	0
6776	89	0
6777	90	0
6778	89	0
6779	90	0
6780	89	0
6781	90	0
6782	90	0
6783	90	0
6784	90	0
6785	90	0
6786	90	0
6787	90	0
6788	90	0
6789	90	0
6790	90	0
6791	90	0
6792	90	0
6793	90	0
6794	90	0
6795	90	0
6796	90	0
6797	90	0
6798	90	0
6799	90	0
6800	90	0
6801	90	0
6802	90	0
6803	90	0
6804	89	0
6805	90	0
6806	89	0
6807	90	0
6808	89	0
6809	90	0
6810	89	0
6811	90	0
6812	90	0
6813	90	0
6814	90	0
6815	90	0
6816	90	0
6817	90	0
6818	90	0
6819	90	0
6820	89	0
6821	90	0
6822	90	0
6823	90	0
6824	90	0
6825	90	0
6826	90	0
6827	90	0
6828	90	0
6829	89	0
6830	90	0
6831	90	0
6832	90	0
6833	89	0
6834	90	0
6835	90	0
6836	90	0
6837	89	0
6838	90	0
6839	91	0
6840	90	0
6841	89	0
6842	90	0
6843	90	0
6844	90	0
6845	90	0
6846	90	0
6847	90	0
6848	90	0
6849	90	0
6850	90	0
6851	89	0
6852	90	0
6853	90	0
6854	89	0
6855	90	0
6856	90	0
6857	90	0
6858	89	0
6859	90	0
6860	90	0
6861	90	0
6862	89	0
6863	90	0
6864	90	0
6865	90	0
6866	89	0
6867	90	0
6868	90	0
6869	90	0
6870	89	0
6871	90	0
6872	90	0
6873	90	0
6874	89	0
6875	90	0
6876	90	0
6877	90	0
6878	90	0
6879	91	0
6880	91	0
6881	90	0
6882	90	0
6883	90	0
6884	89	0
6885	90	0
6886	90	0
6887	90	0
6888	90	0
6889	90	0
6890	90	0
6891	90	0
6892	90	0
6893	90	0
6894	90	0
6895	89	0
6896	90	0
6897	90	0
6898	90	0
6899	90	0
6900	90	0
6901	90	0
6902	90	0
6903	90	0
6904	89	0
6905	90	0
6906	89	0
6907	89	0
6908	89	0
6909	90	0
6910	90	0
6911	90	0
6912	90	0
6913	89	0
6914	90	0
6915	90	0
6916	90	0
6917	89	0
6918	90	0
6919	90	0
6920	89	0
6921	89	0
6922	90	0
6923	90	0
6924	89	0
6925	90	0
6926	89	0
6927	90	0
6928	89	0
6929	90	0
6930	90	0
6931	90	0
6932	90	0
6933	90	0
6934	90	0
6935	90	0
6936	89	0
6937	90	0
6938	90	0
6939	89	0
6940	89	0
6941	90	0
6942	90	0
6943	90	0
6944	90	0
6945	89	0
6946	90	0
6947	90	0
6948	90	0
6949	89	0
6950	90	0
6951	90	0
6952	90	0
6953	89	0
6954	90	0
6955	90	0
6956	90	0
6957	89	0
6958	90	0
6959	91	0
6960	90	0
6961	90	0
6962	90	0
6963	90	0
6964	90	0
6965	90	0
6966	90	0
6967	90	0
6968	90	0
6969	89	0
6970	90	0
6971	90	0
6972	90	0
6973	90	0
6974	90	0
6975	90	0
6976	90	0
6977	90	0
6978	90	0
6979	90	0
6980	90	0
6981	90	0
6982	89	0
6983	90	0
6984	89	0
6985	90	0
6986	90	0
6987	90	0
6988	89	0
6989	90	0
6990	90	0
6991	90	0
6992	89	0
6993	90	0
6994	90	0
6995	89	0
6996	90	0
6997	90	0
6998	90	0
6999	90	0
7000	90	0
7001	91	0
7002	90	0
7003	90	0
7004	90	0
7005	89	0
7006	90	0
7007	90	0
7008	90	0
7009	90	0
7010	90	0
7011	91	0
7012	90	0
7013	90	0
7014	90	0
7015	89	0
7016	90	0
7017	90	0
7018	89	0
7019	90	0
7020	90	0
7021	90	0
7022	90	0
7023	90	0
7024	90	0
7025	90	0
7026	90	0
7027	90	0
7028	90	0
7029	90	0
7030	90	0
7031	90	0
7032	90	0
7033	90	0
7034	90	0
7035	90	0
7036	90	0
7037	90	0
7038	90	0
7039	90	0
7040	90	0
7041	89	0
7042	90	0
7043	90	0
7044	90	0
7045	90	0
7046	90	0
7047	90	0
7048	89	0
7049	89	0
7050	90	0
7051	90	0
7052	90	0
7053	90	0
7054	90	0
7055	90	0
7056	90	0
7057	90	0
7058	90	0
7059	89	0
7060	89	0
7061	90	0
7062	90	0
7063	89	0
7064	90	0
7065	89	0
7066	90	0
7067	89	0
7068	90	0
7069	90	0
7070	89	0
7071	90	0
7072	90	0
7073	91	0
7074	89	0
7075	89	0
7076	90	0
7077	90	0
7078	90	0
7079	90	0
7080	90	0
7081	90	0
7082	90	0
7083	90	0
7084	90	0
7085	89	0
7086	90	0
7087	90	0
7088	89	0
7089	89	0
7090	90	0
7091	90	0
7092	89	0
7093	90	0
7094	90	0
7095	91	0
7096	90	0
7097	90	0
7098	90	0
7099	90	0
7100	90	0
7101	90	0
7102	90	0
7103	90	0
7104	90	0
7105	90	0
7106	90	0
7107	90	0
7108	90	0
7109	89	0
7110	90	0
7111	90	0
7112	90	0
7113	89	0
7114	90	0
7115	90	0
7116	90	0
7117	89	0
7118	90	0
7119	90	0
7120	90	0
7121	90	0
7122	90	0
7123	91	0
7124	90	0
7125	90	0
7126	90	0
7127	90	0
7128	90	0
7129	90	0
7130	90	0
7131	90	0
7132	89	0
7133	90	0
7134	90	0
7135	90	0
7136	89	0
7137	90	0
7138	90	0
7139	90	0
7140	89	0
7141	90	0
7142	90	0
7143	90	0
7144	90	0
7145	90	0
7146	91	0
7147	90	0
7148	90	0
7149	90	0
7150	90	0
7151	90	0
7152	90	0
7153	90	0
7154	90	0
7155	90	0
7156	89	0
7157	90	0
7158	90	0
7159	90	0
7160	90	0
7161	90	0
7162	91	0
7163	90	0
7164	90	0
7165	90	0
7166	89	0
7167	90	0
7168	90	0
7169	90	0
7170	90	0
7171	90	0
7172	90	0
7173	90	0
7174	89	0
7175	89	0
7176	89	0
7177	90	0
7178	90	0
7179	90	0
7180	90	0
7181	90	0
7182	91	0
7183	91	0
7184	90	0
7185	90	0
7186	90	0
7187	90	0
7188	90	0
7189	90	0
7190	90	0
7191	90	0
7192	90	0
7193	90	0
7194	90	0
7195	90	0
7196	90	0
7197	90	0
7198	90	0
7199	90	0
7200	90	0
7201	90	0
7202	90	0
7203	90	0
7204	90	0
7205	90	0
7206	89	0
7207	90	0
7208	90	0
7209	90	0
7210	89	0
7211	90	0
7212	90	0
7213	90	0
7214	89	0
7215	90	0
7216	91	0
7217	90	0
7218	89	0
7219	90	0
7220	91	0
7221	90	0
7222	89	0
7223	90	0
7224	90	0
7225	90	0
7226	90	0
7227	90	0
7228	90	0
7229	90	0
7230	90	0
7231	90	0
7232	89	0
7233	90	0
7234	90	0
7235	90	0
7236	90	0
7237	90	0
7238	90	0
7239	90	0
7240	90	0
7241	90	0
7242	91	0
7243	90	0
7244	90	0
7245	90	0
7246	90	0
7247	90	0
7248	90	0
7249	90	0
7250	90	0
7251	90	0
7252	90	0
7253	90	0
7254	90	0
7255	90	0
7256	90	0
7257	90	0
7258	90	0
7259	90	0
7260	90	0
7261	90	0
7262	90	0
7263	89	0
7264	90	0
7265	90	0
7266	90	0
7267	89	0
7268	90	0
7269	91	0
7270	90	0
7271	90	0
7272	90	0
7273	90	0
7274	90	0
7275	90	0
7276	90	0
7277	91	0
7278	91	0
7279	90	0
7280	90	0
7281	90	0
7282	90	0
7283	90	0
7284	90	0
7285	90	0
7286	90	0
7287	90	0
7288	90	0
7289	90	0
7290	90	0
7291	90	0
7292	90	0
7293	90	0
7294	90	0
7295	90	0
7296	90	0
7297	89	0
7298	90	0
7299	90	0
7300	90	0
7301	89	0
7302	90	0
7303	90	0
7304	90	0
7305	89	0
7306	90	0
7307	90	0
7308	90	0
7309	89	0
7310	90	0
7311	90	0
7312	90	0
7313	89	0
7314	90	0
7315	90	0
7316	90	0
7317	90	0
7318	90	0
7319	90	0
7320	90	0
7321	90	0
7322	89	0
7323	90	0
7324	90	0
7325	90	0
7326	90	0
7327	90	0
7328	90	0
7329	90	0
7330	90	0
7331	89	0
7332	89	0
7333	90	0
7334	90	0
7335	89	0
7336	91	0
7337	90	0
7338	91	0
7339	90	0
7340	90	0
7341	90	0
7342	90	0
7343	90	0
7344	90	0
7345	90	0
7346	90	0
7347	90	0
7348	90	0
7349	90	0
7350	90	0
7351	90	0
7352	90	0
7353	90	0
7354	89	0
7355	90	0
7356	90	0
7357	90	0
7358	90	0
7359	90	0
7360	90	0
7361	90	0
7362	90	0
7363	90	0
7364	90	0
7365	89	0
7366	89	0
7367	90	0
7368	90	0
7369	90	0
7370	90	0
7371	90	0
7372	90	0
7373	90	0
7374	90	0
7375	90	0
7376	90	0
7377	90	0
7378	89	0
7379	90	0
7380	90	0
7381	90	0
7382	89	0
7383	90	0
7384	90	0
7385	89	0
7386	90	0
7387	90	0
7388	90	0
7389	90	0
7390	90	0
7391	90	0
7392	90	0
7393	90	0
7394	90	0
7395	90	0
7396	90	0
7397	90	0
7398	90	0
7399	90	0
7400	90	0
7401	89	0
7402	90	0
7403	89	0
7404	90	0
7405	89	0
7406	90	0
7407	90	0
7408	90	0
7409	90	0
7410	91	0
7411	90	0
7412	90	0
7413	90	0
7414	90	0
7415	90	0
7416	90	0
7417	90	0
7418	89	0
7419	90	0
7420	90	0
7421	90	0
7422	89	0
7423	90	0
7424	90	0
7425	90	0
7426	89	0
7427	89	0
7428	90	0
7429	90	0
7430	89	0
7431	90	0
7432	89	0
7433	90	0
7434	90	0
7435	90	0
7436	90	0
7437	90	0
7438	90	0
7439	89	0
7440	90	0
7441	90	0
7442	90	0
7443	89	0
7444	90	0
7445	90	0
7446	90	0
7447	90	0
7448	90	0
7449	90	0
7450	89	0
7451	89	0
7452	89	0
7453	89	0
7454	90	0
7455	91	0
7456	90	0
7457	90	0
7458	90	0
7459	90	0
7460	90	0
7461	90	0
7462	90	0
7463	90	0
7464	89	0
7465	89	0
7466	90	0
7467	89	0
7468	89	0
7469	90	0
7470	90	0
7471	90	0
7472	90	0
7473	90	0
7474	90	0
7475	89	0
7476	90	0
7477	90	0
7478	89	0
7479	89	0
7480	90	0
7481	90	0
7482	90	0
7483	90	0
7484	89	0
7485	90	0
7486	90	0
7487	90	0
7488	89	0
7489	90	0
7490	90	0
7491	90	0
7492	89	0
7493	90	0
7494	90	0
7495	90	0
7496	90	0
7497	89	0
7498	90	0
7499	91	0
7500	90	0
7501	90	0
7502	90	0
7503	90	0
7504	90	0
7505	90	0
7506	89	0
7507	90	0
7508	90	0
7509	90	0
7510	90	0
7511	90	0
7512	90	0
7513	89	0
7514	90	0
7515	90	0
7516	90	0
7517	90	0
7518	90	0
7519	90	0
7520	90	0
7521	90	0
7522	90	0
7523	90	0
7524	90	0
7525	90	0
7526	91	0
7527	90	0
7528	90	0
7529	90	0
7530	89	0
7531	90	0
7532	90	0
7533	89	0
7534	89	0
7535	90	0
7536	90	0
7537	90	0
7538	90	0
7539	90	0
7540	90	0
7541	90	0
7542	90	0
7543	89	0
7544	90	0
7545	90	0
7546	90	0
7547	89	0
7548	90	0
7549	90	0
7550	90	0
7551	89	0
7552	90	0
7553	90	0
7554	89	0
7555	90	0
7556	91	0
7557	90	0
7558	90	0
7559	90	0
7560	90	0
7561	90	0
7562	90	0
7563	90	0
7564	90	0
7565	90	0
7566	90	0
7567	90	0
7568	90	0
7569	90	0
7570	90	0
7571	90	0
7572	90	0
7573	90	0
7574	90	0
7575	90	0
7576	90	0
7577	90	0
7578	90	0
7579	89	0
7580	90	0
7581	89	0
7582	90	0
7583	90	0
7584	90	0
7585	89	0
7586	90	0
7587	90	0
7588	90	0
7589	89	0
7590	90	0
7591	91	0
7592	90	0
7593	90	0
7594	90	0
7595	90	0
7596	90	0
7597	90	0
7598	90	0
7599	90	0
7600	90	0
7601	90	0
7602	90	0
7603	90	0
7604	90	0
7605	90	0
7606	90	0
7607	90	0
7608	90	0
7609	90	0
7610	90	0
7611	89	0
7612	90	0
7613	89	0
7614	90	0
7615	90	0
7616	91	0
7617	154	0
7618	195	0
7619	197	0
7620	198	0
7621	198	0
7622	201	0
7623	201	0
7624	200	0
7625	198	0
7626	194	0
7627	189	0
7628	118	0
7629	85	0
7630	85	0
7631	86	0
7632	88	0
7633	90	0
7634	91	0
7635	90	0
7636	92	0
7637	131	0
7638	190	0
7639	195	0
7640	196	0
7641	198	0
7642	200	0
7643	200	0
7644	200	0
7645	198	0
7646	196	0
7647	194	0
7648	125	0
7649	88	0
7650	91	0
7651	93	0
7652	93	0
7653	94	0
7654	93	0
7655	92	0
7656	91	0
7657	90	0
7658	90	0
7659	90	0
7660	89	0
7661	90	0
7662	90	0
7663	90	0
7664	90	0
7665	90	0
7666	90	0
7667	90	0
7668	90	0
7669	90	0
7670	90	0
7671	90	0
7672	90	0
7673	90	0
7674	90	0
7675	89	0
7676	89	0
7677	90	0
7678	90	0
7679	89	0
7680	90	0
7681	90	0
7682	90	0
7683	90	0
7684	90	0
7685	90	0
7686	89	0
7687	90	0
7688	90	0
7689	90	0
7690	89	0
7691	90	0
7692	90	0
7693	89	0
7694	90	0
7695	90	0
7696	90	0
7697	89	0
7698	90	0
7699	90	0
7700	90	0
7701	90	0
7702	90	0
7703	90	0
7704	90	0
7705	90	0
7706	90	0
7707	89	0
7708	90	0
7709	90	0
7710	89	0
7711	89	0
7712	89	0
7713	90	0
7714	89	0
7715	90	0
7716	90	0
7717	89	0
7718	90	0
7719	90	0
7720	90	0
7721	89	0
7722	90	0
7723	91	0
7724	90	0
7725	89	0
7726	90	0
7727	90	0
7728	90	0
7729	90	0
7730	90	0
7731	90	0
7732	90	0
7733	90	0
7734	89	0
7735	90	0
7736	90	0
7737	90	0
7738	89	0
7739	90	0
7740	90	0
7741	89	0
7742	89	0
7743	90	0
7744	90	0
7745	89	0
7746	90	0
7747	90	0
7748	90	0
7749	89	0
7750	90	0
7751	90	0
7752	90	0
7753	90	0
7754	90	0
7755	90	0
7756	90	0
7757	90	0
7758	89	0
7759	90	0
7760	90	0
7761	89	0
7762	89	0
7763	90	0
7764	90	0
7765	89	0
7766	90	0
7767	89	0
7768	91	0
7769	90	0
7770	90	0
7771	89	0
7772	90	0
7773	90	0
7774	90	0
7775	90	0
7776	90	0
7777	89	0
7778	90	0
7779	90	0
7780	90	0
7781	89	0
7782	90	0
7783	90	0
7784	90	0
7785	89	0
7786	90	0
7787	91	0
7788	89	0
7789	90	0
7790	90	0
7791	89	0
7792	89	0
7793	89	0
7794	90	0
7795	89	0
7796	90	0
7797	90	0
7798	90	0
7799	90	0
7800	90	0
7801	90	0
7802	90	0
7803	89	0
7804	90	0
7805	90	0
7806	89	0
7807	90	0
7808	90	0
7809	90	0
7810	89	0
7811	90	0
7812	90	0
7813	89	0
7814	90	0
7815	89	0
7816	90	0
7817	90	0
7818	90	0
7819	90	0
7820	90	0
7821	90	0
7822	89	0
7823	90	0
7824	90	0
7825	90	0
7826	89	0
7827	90	0
7828	90	0
7829	90	0
7830	89	0
7831	90	0
7832	91	0
7833	89	0
7834	89	0
7835	90	0
7836	90	0
7837	90	0
7838	89	0
7839	90	0
7840	90	0
7841	90	0
7842	90	0
7843	90	0
7844	90	0
7845	90	0
7846	90	0
7847	90	0
7848	89	0
7849	90	0
7850	90	0
7851	90	0
7852	89	0
7853	90	0
7854	90	0
7855	90	0
7856	90	0
7857	90	0
7858	90	0
7859	89	0
7860	90	0
7861	90	0
7862	90	0
7863	89	0
7864	90	0
7865	90	0
7866	90	0
7867	89	0
7868	90	0
7869	90	0
7870	90	0
7871	90	0
7872	90	0
7873	90	0
7874	90	0
7875	90	0
7876	90	0
7877	89	0
7878	90	0
7879	89	0
7880	90	0
7881	90	0
7882	90	0
7883	90	0
7884	90	0
7885	90	0
7886	90	0
7887	90	0
7888	90	0
7889	90	0
7890	90	0
7891	89	0
7892	89	0
7893	90	0
7894	90	0
7895	90	0
7896	90	0
7897	89	0
7898	90	0
7899	90	0
7900	90	0
7901	89	0
7902	90	0
7903	90	0
7904	90	0
7905	89	0
7906	89	0
7907	90	0
7908	90	0
7909	90	0
7910	90	0
7911	90	0
7912	90	0
7913	90	0
7914	90	0
7915	90	0
7916	90	0
7917	90	0
7918	90	0
7919	90	0
7920	90	0
7921	89	0
7922	90	0
7923	90	0
7924	90	0
7925	90	0
7926	90	0
7927	89	0
7928	90	0
7929	90	0
7930	90	0
7931	90	0
7932	90	0
7933	90	0
7934	89	0
7935	90	0
7936	90	0
7937	90	0
7938	90	0
7939	90	0
7940	90	0
7941	90	0
7942	90	0
7943	90	0
7944	90	0
7945	90	0
7946	90	0
7947	89	0
7948	89	0
7949	90	0
7950	90	0
7951	89	0
7952	90	0
7953	90	0
7954	90	0
7955	90	0
7956	90	0
7957	90	0
7958	89	0
7959	90	0
7960	90	0
7961	90	0
7962	90	0
7963	90	0
7964	90	0
7965	90	0
7966	90	0
7967	89	0
7968	89	0
7969	90	0
7970	90	0
7971	89	0
7972	90	0
7973	90	0
7974	90	0
7975	89	0
7976	89	0
7977	90	0
7978	90	0
7979	89	0
7980	90	0
7981	89	0
7982	90	0
7983	89	0
7984	90	0
7985	90	0
7986	90	0
7987	90	0
7988	90	0
7989	90	0
7990	90	0
7991	90	0
7992	90	0
7993	90	0
7994	90	0
7995	90	0
7996	90	0
7997	90	0
7998	90	0
7999	90	0
