Oscilloscope data. 
Time step = 10,00 nS
Voltage step = 3,125 mV
Zero level = 80

N 	Smpl.	Trig

0	88	0
1	105	0
2	190	0
3	195	0
4	195	0
5	196	0
6	197	0
7	198	0
8	198	0
9	197	0
10	194	0
11	190	0
12	130	0
13	90	0
14	89	0
15	90	0
16	92	0
17	90	0
18	89	0
19	88	0
20	89	0
21	97	0
22	186	0
23	195	0
24	194	0
25	195	0
26	196	0
27	197	0
28	197	0
29	196	0
30	194	0
31	193	0
32	153	0
33	106	0
34	94	0
35	91	0
36	89	0
37	87	0
38	87	0
39	86	0
40	88	0
41	103	0
42	190	0
43	195	0
44	195	0
45	197	0
46	198	0
47	198	0
48	199	0
49	197	0
50	195	0
51	193	0
52	132	0
53	92	0
54	89	0
55	91	0
56	91	0
57	90	0
58	89	0
59	88	0
60	88	0
61	118	0
62	190	0
63	196	0
64	197	0
65	198	0
66	199	0
67	201	0
68	201	0
69	198	0
70	196	0
71	194	0
72	121	0
73	83	0
74	85	0
75	86	0
76	88	0
77	90	0
78	89	0
79	88	0
80	89	0
81	88	0
82	87	0
83	87	0
84	87	0
85	87	0
86	86	0
87	87	0
88	87	0
89	87	0
90	87	0
91	86	0
92	87	0
93	87	0
94	87	0
95	86	0
96	86	0
97	87	0
98	86	0
99	87	0
100	87	0
101	86	0
102	87	0
103	87	0
104	86	0
105	87	0
106	87	0
107	86	0
108	86	0
109	87	0
110	86	0
111	86	0
112	87	0
113	86	0
114	87	0
115	86	0
116	86	0
117	87	0
118	87	0
119	86	0
120	87	0
121	87	0
122	87	0
123	87	0
124	87	0
125	86	0
126	86	0
127	87	0
128	87	0
129	87	0
130	87	0
131	86	0
132	87	0
133	88	0
134	87	0
135	86	0
136	86	0
137	87	0
138	87	0
139	88	0
140	87	0
141	87	0
142	87	0
143	86	0
144	87	0
145	88	0
146	86	0
147	86	0
148	86	0
149	86	0
150	87	0
151	88	0
152	87	0
153	86	0
154	86	0
155	86	0
156	87	0
157	87	0
158	87	0
159	86	0
160	87	0
161	87	0
162	86	0
163	87	0
164	86	0
165	87	0
166	86	0
167	87	0
168	87	0
169	87	0
170	87	0
171	87	0
172	87	0
173	87	0
174	87	0
175	87	0
176	86	0
177	87	0
178	87	0
179	87	0
180	86	0
181	87	0
182	87	0
183	87	0
184	86	0
185	87	0
186	87	0
187	87	0
188	86	0
189	87	0
190	87	0
191	87	0
192	86	0
193	87	0
194	87	0
195	86	0
196	86	0
197	87	0
198	86	0
199	88	0
200	87	0
201	87	0
202	87	0
203	86	0
204	86	0
205	87	0
206	87	0
207	86	0
208	87	0
209	87	0
210	87	0
211	87	0
212	86	0
213	87	0
214	87	0
215	86	0
216	87	0
217	87	0
218	87	0
219	86	0
220	86	0
221	87	0
222	87	0
223	87	0
224	86	0
225	86	0
226	87	0
227	87	0
228	88	0
229	87	0
230	86	0
231	86	0
232	86	0
233	87	0
234	87	0
235	86	0
236	87	0
237	86	0
238	87	0
239	87	0
240	87	0
241	87	0
242	87	0
243	88	0
244	87	0
245	87	0
246	86	0
247	86	0
248	87	0
249	88	0
250	86	0
251	87	0
252	86	0
253	86	0
254	87	0
255	87	0
256	87	0
257	87	0
258	87	0
259	87	0
260	87	0
261	86	0
262	86	0
263	87	0
264	87	0
265	87	0
266	87	0
267	87	0
268	88	0
269	87	0
270	87	0
271	86	0
272	87	0
273	87	0
274	88	0
275	87	0
276	86	0
277	86	0
278	86	0
279	86	0
280	87	0
281	88	0
282	87	0
283	87	0
284	86	0
285	87	0
286	86	0
287	88	0
288	87	0
289	87	0
290	87	0
291	87	0
292	88	0
293	88	0
294	87	0
295	86	0
296	87	0
297	88	0
298	86	0
299	89	0
300	86	0
301	87	0
302	86	0
303	86	0
304	88	0
305	88	0
306	86	0
307	87	0
308	86	0
309	88	0
310	86	0
311	87	0
312	87	0
313	86	0
314	87	0
315	88	0
316	87	0
317	87	0
318	86	0
319	86	0
320	87	0
321	88	0
322	87	0
323	87	0
324	86	0
325	86	0
326	87	0
327	87	0
328	87	0
329	87	0
330	87	0
331	87	0
332	87	0
333	87	0
334	86	0
335	87	0
336	87	0
337	87	0
338	87	0
339	87	0
340	88	0
341	88	0
342	87	0
343	86	0
344	86	0
345	88	0
346	86	0
347	88	0
348	87	0
349	86	0
350	86	0
351	88	0
352	87	0
353	88	0
354	87	0
355	86	0
356	86	0
357	87	0
358	87	0
359	89	0
360	88	0
361	87	0
362	86	0
363	86	0
364	87	0
365	87	0
366	88	0
367	88	0
368	87	0
369	86	0
370	86	0
371	89	0
372	86	0
373	88	0
374	88	0
375	86	0
376	87	0
377	87	0
378	86	0
379	86	0
380	88	0
381	87	0
382	87	0
383	87	0
384	87	0
385	87	0
386	88	0
387	87	0
388	87	0
389	86	0
390	86	0
391	87	0
392	88	0
393	87	0
394	87	0
395	86	0
396	87	0
397	87	0
398	88	0
399	87	0
400	86	0
401	86	0
402	86	0
403	87	0
404	88	0
405	87	0
406	87	0
407	86	0
408	87	0
409	88	0
410	88	0
411	86	0
412	86	0
413	86	0
414	88	0
415	87	0
416	88	0
417	87	0
418	86	0
419	86	0
420	87	0
421	88	0
422	88	0
423	87	0
424	86	0
425	86	0
426	89	0
427	86	0
428	89	0
429	87	0
430	86	0
431	86	0
432	87	0
433	87	0
434	88	0
435	88	0
436	87	0
437	87	0
438	87	0
439	89	0
440	86	0
441	88	0
442	86	0
443	86	0
444	87	0
445	88	0
446	88	0
447	87	0
448	86	0
449	87	0
450	89	0
451	86	0
452	88	0
453	86	0
454	86	0
455	87	0
456	87	0
457	87	0
458	87	0
459	87	0
460	88	0
461	87	0
462	86	0
463	86	0
464	86	0
465	87	0
466	89	0
467	87	0
468	86	0
469	86	0
470	86	0
471	87	0
472	87	0
473	88	0
474	87	0
475	87	0
476	86	0
477	87	0
478	87	0
479	88	0
480	87	0
481	87	0
482	87	0
483	86	0
484	87	0
485	88	0
486	86	0
487	87	0
488	86	0
489	86	0
490	88	0
491	88	0
492	88	0
493	87	0
494	87	0
495	88	0
496	87	0
497	86	0
498	87	0
499	86	0
500	87	0
501	88	0
502	87	0
503	87	0
504	86	0
505	87	0
506	88	0
507	88	0
508	87	0
509	86	0
510	87	0
511	88	0
512	87	0
513	87	0
514	87	0
515	87	0
516	87	0
517	87	0
518	87	0
519	87	0
520	87	0
521	87	0
522	87	0
523	86	0
524	86	0
525	87	0
526	86	0
527	87	0
528	87	0
529	86	0
530	88	0
531	88	0
532	87	0
533	87	0
534	87	0
535	88	0
536	86	0
537	88	0
538	86	0
539	87	0
540	88	0
541	87	0
542	87	0
543	87	0
544	87	0
545	88	0
546	88	0
547	87	0
548	87	0
549	87	0
550	88	0
551	87	0
552	88	0
553	86	0
554	87	0
555	87	0
556	87	0
557	87	0
558	88	0
559	88	0
560	87	0
561	87	0
562	87	0
563	88	0
564	86	0
565	88	0
566	86	0
567	86	0
568	86	0
569	88	0
570	87	0
571	88	0
572	86	0
573	86	0
574	86	0
575	87	0
576	88	0
577	87	0
578	87	0
579	86	0
580	87	0
581	87	0
582	88	0
583	87	0
584	86	0
585	87	0
586	86	0
587	87	0
588	88	0
589	87	0
590	88	0
591	87	0
592	86	0
593	87	0
594	88	0
595	88	0
596	89	0
597	86	0
598	88	0
599	88	0
600	86	0
601	86	0
602	88	0
603	87	0
604	87	0
605	87	0
606	87	0
607	87	0
608	89	0
609	87	0
610	87	0
611	87	0
612	86	0
613	88	0
614	87	0
615	86	0
616	86	0
617	87	0
618	87	0
619	88	0
620	88	0
621	87	0
622	87	0
623	86	0
624	88	0
625	87	0
626	87	0
627	87	0
628	86	0
629	87	0
630	87	0
631	87	0
632	87	0
633	87	0
634	88	0
635	87	0
636	87	0
637	86	0
638	86	0
639	88	0
640	88	0
641	87	0
642	87	0
643	87	0
644	89	0
645	86	0
646	88	0
647	86	0
648	86	0
649	86	0
650	86	0
651	87	0
652	88	0
653	87	0
654	87	0
655	86	0
656	86	0
657	87	0
658	87	0
659	86	0
660	87	0
661	86	0
662	87	0
663	87	0
664	87	0
665	87	0
666	87	0
667	88	0
668	88	0
669	87	0
670	86	0
671	86	0
672	87	0
673	86	0
674	89	0
675	87	0
676	87	0
677	87	0
678	86	0
679	87	0
680	88	0
681	87	0
682	87	0
683	86	0
684	86	0
685	87	0
686	88	0
687	88	0
688	87	0
689	86	0
690	87	0
691	88	0
692	87	0
693	89	0
694	87	0
695	87	0
696	87	0
697	88	0
698	87	0
699	88	0
700	86	0
701	86	0
702	86	0
703	87	0
704	88	0
705	88	0
706	87	0
707	86	0
708	86	0
709	88	0
710	86	0
711	88	0
712	87	0
713	86	0
714	87	0
715	88	0
716	87	0
717	88	0
718	87	0
719	86	0
720	87	0
721	88	0
722	87	0
723	88	0
724	87	0
725	87	0
726	87	0
727	87	0
728	89	0
729	88	0
730	87	0
731	87	0
732	86	0
733	88	0
734	86	0
735	88	0
736	87	0
737	86	0
738	87	0
739	88	0
740	86	0
741	88	0
742	86	0
743	87	0
744	87	0
745	87	0
746	87	0
747	88	0
748	88	0
749	87	0
750	86	0
751	87	0
752	88	0
753	86	0
754	88	0
755	86	0
756	87	0
757	87	0
758	87	0
759	88	0
760	88	0
761	87	0
762	86	0
763	86	0
764	88	0
765	86	0
766	88	0
767	87	0
768	87	0
769	87	0
770	87	0
771	87	0
772	88	0
773	88	0
774	87	0
775	86	0
776	86	0
777	87	0
778	86	0
779	88	0
780	87	0
781	86	0
782	86	0
783	87	0
784	87	0
785	88	0
786	86	0
787	87	0
788	87	0
789	87	0
790	88	0
791	87	0
792	86	0
793	86	0
794	86	0
795	88	0
796	88	0
797	88	0
798	86	0
799	87	0
800	88	0
801	87	0
802	86	0
803	87	0
804	86	0
805	87	0
806	88	0
807	87	0
808	88	0
809	86	0
810	86	0
811	87	0
812	89	0
813	87	0
814	88	0
815	87	0
816	86	0
817	86	0
818	87	0
819	86	0
820	88	0
821	88	0
822	87	0
823	87	0
824	87	0
825	88	0
826	86	0
827	87	0
828	88	0
829	86	0
830	87	0
831	87	0
832	87	0
833	88	0
834	88	0
835	87	0
836	87	0
837	87	0
838	88	0
839	87	0
840	88	0
841	86	0
842	86	0
843	87	0
844	87	0
845	88	0
846	89	0
847	87	0
848	87	0
849	87	0
850	88	0
851	87	0
852	87	0
853	86	0
854	86	0
855	87	0
856	88	0
857	87	0
858	88	0
859	87	0
860	87	0
861	87	0
862	87	0
863	87	0
864	89	0
865	87	0
866	86	0
867	86	0
868	87	0
869	87	0
870	88	0
871	88	0
872	87	0
873	87	0
874	87	0
875	88	0
876	87	0
877	88	0
878	86	0
879	87	0
880	87	0
881	87	0
882	88	0
883	87	0
884	87	0
885	86	0
886	86	0
887	88	0
888	88	0
889	86	0
890	87	0
891	86	0
892	88	0
893	87	0
894	87	0
895	86	0
896	87	0
897	87	0
898	88	0
899	86	0
900	87	0
901	86	0
902	86	0
903	87	0
904	88	0
905	87	0
906	88	0
907	86	0
908	86	0
909	86	0
910	87	0
911	88	0
912	88	0
913	87	0
914	86	0
915	87	0
916	87	0
917	86	0
918	88	0
919	87	0
920	87	0
921	86	0
922	87	0
923	87	0
924	88	0
925	87	0
926	87	0
927	86	0
928	87	0
929	88	0
930	87	0
931	86	0
932	86	0
933	87	0
934	87	0
935	88	0
936	87	0
937	87	0
938	86	0
939	86	0
940	87	0
941	88	0
942	89	0
943	88	0
944	86	0
945	86	0
946	87	0
947	87	0
948	86	0
949	88	0
950	87	0
951	86	0
952	87	0
953	88	0
954	97	0
955	189	0
956	197	0
957	195	0
958	197	0
959	197	0
960	198	0
961	197	0
962	197	0
963	194	0
964	190	0
965	142	0
966	99	0
967	93	0
968	94	0
969	91	0
970	89	0
971	88	0
972	88	0
973	88	0
974	92	0
975	182	0
976	196	0
977	194	0
978	195	0
979	196	0
980	197	0
981	197	0
982	197	0
983	194	0
984	193	0
985	166	0
986	112	0
987	92	0
988	88	0
989	86	0
990	86	0
991	86	0
992	86	0
993	87	0
994	97	0
995	189	0
996	197	0
997	196	0
998	197	0
999	198	0
1000	198	0
1001	198	0
1002	198	0
1003	196	0
1004	193	0
1005	146	0
1006	102	0
1007	93	0
1008	92	0
1009	90	0
1010	89	0
1011	88	0
1012	87	0
1013	87	0
1014	104	0
1015	190	0
1016	197	0
1017	198	0
1018	198	0
1019	201	0
1020	200	0
1021	200	0
1022	199	0
1023	197	0
1024	195	0
1025	129	0
1026	88	0
1027	89	0
1028	91	0
1029	92	0
1030	90	0
1031	90	0
1032	88	0
1033	88	0
1034	87	0
1035	87	0
1036	87	0
1037	86	0
1038	86	0
1039	88	0
1040	88	0
1041	87	0
1042	87	0
1043	87	0
1044	87	0
1045	86	0
1046	88	0
1047	87	0
1048	86	0
1049	87	0
1050	86	0
1051	86	0
1052	88	0
1053	86	0
1054	87	0
1055	87	0
1056	86	0
1057	87	0
1058	87	0
1059	87	0
1060	87	0
1061	86	0
1062	87	0
1063	87	0
1064	87	0
1065	86	0
1066	87	0
1067	88	0
1068	86	0
1069	86	0
1070	86	0
1071	86	0
1072	87	0
1073	89	0
1074	87	0
1075	86	0
1076	86	0
1077	86	0
1078	87	0
1079	87	0
1080	87	0
1081	86	0
1082	87	0
1083	87	0
1084	86	0
1085	87	0
1086	87	0
1087	87	0
1088	87	0
1089	88	0
1090	87	0
1091	87	0
1092	86	0
1093	86	0
1094	87	0
1095	88	0
1096	87	0
1097	87	0
1098	86	0
1099	87	0
1100	88	0
1101	87	0
1102	87	0
1103	86	0
1104	86	0
1105	88	0
1106	87	0
1107	87	0
1108	86	0
1109	86	0
1110	87	0
1111	88	0
1112	87	0
1113	87	0
1114	86	0
1115	87	0
1116	87	0
1117	88	0
1118	87	0
1119	86	0
1120	87	0
1121	86	0
1122	87	0
1123	88	0
1124	87	0
1125	87	0
1126	86	0
1127	87	0
1128	89	0
1129	87	0
1130	87	0
1131	86	0
1132	87	0
1133	87	0
1134	88	0
1135	86	0
1136	87	0
1137	87	0
1138	86	0
1139	87	0
1140	88	0
1141	87	0
1142	87	0
1143	87	0
1144	86	0
1145	88	0
1146	88	0
1147	86	0
1148	86	0
1149	87	0
1150	89	0
1151	87	0
1152	87	0
1153	86	0
1154	87	0
1155	87	0
1156	88	0
1157	87	0
1158	87	0
1159	87	0
1160	86	0
1161	86	0
1162	89	0
1163	87	0
1164	87	0
1165	87	0
1166	86	0
1167	87	0
1168	87	0
1169	86	0
1170	87	0
1171	87	0
1172	88	0
1173	87	0
1174	87	0
1175	86	0
1176	86	0
1177	88	0
1178	88	0
1179	86	0
1180	88	0
1181	87	0
1182	87	0
1183	86	0
1184	86	0
1185	88	0
1186	88	0
1187	87	0
1188	87	0
1189	87	0
1190	88	0
1191	87	0
1192	88	0
1193	86	0
1194	86	0
1195	87	0
1196	88	0
1197	87	0
1198	88	0
1199	86	0
1200	86	0
1201	87	0
1202	88	0
1203	88	0
1204	88	0
1205	87	0
1206	86	0
1207	89	0
1208	86	0
1209	86	0
1210	88	0
1211	86	0
1212	87	0
1213	87	0
1214	86	0
1215	87	0
1216	87	0
1217	86	0
1218	86	0
1219	87	0
1220	87	0
1221	87	0
1222	88	0
1223	87	0
1224	87	0
1225	86	0
1226	86	0
1227	87	0
1228	88	0
1229	87	0
1230	88	0
1231	86	0
1232	86	0
1233	86	0
1234	86	0
1235	87	0
1236	88	0
1237	87	0
1238	86	0
1239	86	0
1240	86	0
1241	87	0
1242	88	0
1243	87	0
1244	86	0
1245	87	0
1246	86	0
1247	86	0
1248	88	0
1249	86	0
1250	87	0
1251	87	0
1252	86	0
1253	86	0
1254	88	0
1255	88	0
1256	86	0
1257	87	0
1258	87	0
1259	89	0
1260	86	0
1261	88	0
1262	87	0
1263	86	0
1264	86	0
1265	87	0
1266	87	0
1267	88	0
1268	87	0
1269	86	0
1270	87	0
1271	86	0
1272	87	0
1273	87	0
1274	87	0
1275	87	0
1276	87	0
1277	88	0
1278	87	0
1279	87	0
1280	86	0
1281	87	0
1282	87	0
1283	88	0
1284	87	0
1285	87	0
1286	86	0
1287	87	0
1288	87	0
1289	87	0
1290	87	0
1291	87	0
1292	87	0
1293	86	0
1294	87	0
1295	88	0
1296	87	0
1297	87	0
1298	87	0
1299	87	0
1300	87	0
1301	87	0
1302	87	0
1303	87	0
1304	87	0
1305	87	0
1306	87	0
1307	88	0
1308	87	0
1309	87	0
1310	86	0
1311	86	0
1312	87	0
1313	87	0
1314	87	0
1315	87	0
1316	87	0
1317	87	0
1318	88	0
1319	87	0
1320	87	0
1321	86	0
1322	86	0
1323	87	0
1324	88	0
1325	86	0
1326	87	0
1327	86	0
1328	87	0
1329	87	0
1330	88	0
1331	86	0
1332	87	0
1333	86	0
1334	86	0
1335	87	0
1336	87	0
1337	87	0
1338	88	0
1339	87	0
1340	88	0
1341	86	0
1342	86	0
1343	87	0
1344	87	0
1345	88	0
1346	88	0
1347	86	0
1348	86	0
1349	87	0
1350	88	0
1351	86	0
1352	87	0
1353	86	0
1354	86	0
1355	88	0
1356	88	0
1357	88	0
1358	87	0
1359	86	0
1360	88	0
1361	86	0
1362	86	0
1363	87	0
1364	87	0
1365	87	0
1366	88	0
1367	86	0
1368	87	0
1369	86	0
1370	87	0
1371	87	0
1372	88	0
1373	88	0
1374	88	0
1375	87	0
1376	87	0
1377	88	0
1378	87	0
1379	86	0
1380	87	0
1381	86	0
1382	87	0
1383	88	0
1384	87	0
1385	86	0
1386	87	0
1387	87	0
1388	87	0
1389	88	0
1390	87	0
1391	86	0
1392	87	0
1393	86	0
1394	87	0
1395	88	0
1396	86	0
1397	87	0
1398	86	0
1399	87	0
1400	87	0
1401	87	0
1402	86	0
1403	87	0
1404	88	0
1405	87	0
1406	86	0
1407	86	0
1408	86	0
1409	86	0
1410	88	0
1411	88	0
1412	86	0
1413	86	0
1414	86	0
1415	88	0
1416	86	0
1417	88	0
1418	86	0
1419	87	0
1420	87	0
1421	88	0
1422	87	0
1423	88	0
1424	86	0
1425	86	0
1426	86	0
1427	87	0
1428	88	0
1429	87	0
1430	86	0
1431	86	0
1432	86	0
1433	87	0
1434	88	0
1435	87	0
1436	86	0
1437	86	0
1438	87	0
1439	88	0
1440	89	0
1441	87	0
1442	86	0
1443	87	0
1444	88	0
1445	86	0
1446	87	0
1447	87	0
1448	87	0
1449	88	0
1450	87	0
1451	87	0
1452	86	0
1453	86	0
1454	87	0
1455	87	0
1456	88	0
1457	87	0
1458	86	0
1459	87	0
1460	86	0
1461	87	0
1462	88	0
1463	87	0
1464	87	0
1465	87	0
1466	86	0
1467	88	0
1468	87	0
1469	86	0
1470	86	0
1471	87	0
1472	86	0
1473	88	0
1474	87	0
1475	86	0
1476	87	0
1477	87	0
1478	87	0
1479	88	0
1480	87	0
1481	87	0
1482	86	0
1483	86	0
1484	86	0
1485	87	0
1486	86	0
1487	87	0
1488	86	0
1489	86	0
1490	87	0
1491	87	0
1492	87	0
1493	87	0
1494	86	0
1495	87	0
1496	86	0
1497	86	0
1498	87	0
1499	87	0
1500	87	0
1501	87	0
1502	87	0
1503	87	0
1504	86	0
1505	87	0
1506	87	0
1507	87	0
1508	87	0
1509	87	0
1510	87	0
1511	87	0
1512	87	0
1513	87	0
1514	87	0
1515	87	0
1516	87	0
1517	87	0
1518	87	0
1519	86	0
1520	88	0
1521	87	0
1522	87	0
1523	86	0
1524	86	0
1525	88	0
1526	88	0
1527	86	0
1528	87	0
1529	87	0
1530	88	0
1531	87	0
1532	88	0
1533	87	0
1534	86	0
1535	87	0
1536	87	0
1537	88	0
1538	88	0
1539	87	0
1540	87	0
1541	87	0
1542	88	0
1543	86	0
1544	88	0
1545	86	0
1546	87	0
1547	87	0
1548	87	0
1549	87	0
1550	87	0
1551	87	0
1552	87	0
1553	86	0
1554	87	0
1555	87	0
1556	87	0
1557	87	0
1558	87	0
1559	87	0
1560	88	0
1561	87	0
1562	87	0
1563	86	0
1564	86	0
1565	87	0
1566	88	0
1567	87	0
1568	89	0
1569	86	0
1570	86	0
1571	87	0
1572	87	0
1573	87	0
1574	88	0
1575	86	0
1576	87	0
1577	86	0
1578	87	0
1579	88	0
1580	87	0
1581	87	0
1582	87	0
1583	86	0
1584	88	0
1585	89	0
1586	86	0
1587	86	0
1588	86	0
1589	87	0
1590	86	0
1591	88	0
1592	87	0
1593	87	0
1594	86	0
1595	87	0
1596	87	0
1597	88	0
1598	87	0
1599	87	0
1600	86	0
1601	86	0
1602	87	0
1603	88	0
1604	87	0
1605	87	0
1606	86	0
1607	86	0
1608	88	0
1609	88	0
1610	87	0
1611	87	0
1612	87	0
1613	87	0
1614	87	0
1615	88	0
1616	86	0
1617	87	0
1618	87	0
1619	87	0
1620	87	0
1621	87	0
1622	88	0
1623	87	0
1624	87	0
1625	86	0
1626	86	0
1627	87	0
1628	88	0
1629	87	0
1630	87	0
1631	86	0
1632	86	0
1633	86	0
1634	87	0
1635	87	0
1636	88	0
1637	87	0
1638	87	0
1639	86	0
1640	87	0
1641	87	0
1642	88	0
1643	86	0
1644	87	0
1645	86	0
1646	87	0
1647	87	0
1648	88	0
1649	87	0
1650	86	0
1651	87	0
1652	86	0
1653	87	0
1654	87	0
1655	86	0
1656	87	0
1657	87	0
1658	87	0
1659	86	0
1660	87	0
1661	87	0
1662	87	0
1663	87	0
1664	86	0
1665	86	0
1666	87	0
1667	87	0
1668	88	0
1669	87	0
1670	86	0
1671	86	0
1672	86	0
1673	87	0
1674	88	0
1675	87	0
1676	87	0
1677	86	0
1678	86	0
1679	87	0
1680	87	0
1681	87	0
1682	88	0
1683	87	0
1684	87	0
1685	86	0
1686	86	0
1687	87	0
1688	87	0
1689	87	0
1690	88	0
1691	87	0
1692	87	0
1693	87	0
1694	86	0
1695	87	0
1696	89	0
1697	86	0
1698	86	0
1699	86	0
1700	86	0
1701	87	0
1702	88	0
1703	86	0
1704	86	0
1705	86	0
1706	86	0
1707	88	0
1708	87	0
1709	87	0
1710	86	0
1711	86	0
1712	86	0
1713	88	0
1714	87	0
1715	87	0
1716	87	0
1717	86	0
1718	87	0
1719	88	0
1720	86	0
1721	86	0
1722	87	0
1723	87	0
1724	88	0
1725	88	0
1726	87	0
1727	86	0
1728	87	0
1729	87	0
1730	86	0
1731	88	0
1732	87	0
1733	87	0
1734	86	0
1735	87	0
1736	86	0
1737	89	0
1738	87	0
1739	87	0
1740	86	0
1741	87	0
1742	87	0
1743	88	0
1744	87	0
1745	87	0
1746	86	0
1747	86	0
1748	87	0
1749	87	0
1750	87	0
1751	89	0
1752	87	0
1753	87	0
1754	86	0
1755	86	0
1756	87	0
1757	87	0
1758	87	0
1759	87	0
1760	87	0
1761	86	0
1762	87	0
1763	87	0
1764	86	0
1765	87	0
1766	88	0
1767	87	0
1768	86	0
1769	86	0
1770	87	0
1771	88	0
1772	88	0
1773	88	0
1774	86	0
1775	87	0
1776	88	0
1777	87	0
1778	86	0
1779	87	0
1780	86	0
1781	87	0
1782	88	0
1783	87	0
1784	88	0
1785	86	0
1786	86	0
1787	87	0
1788	87	0
1789	88	0
1790	88	0
1791	86	0
1792	86	0
1793	87	0
1794	88	0
1795	87	0
1796	88	0
1797	86	0
1798	86	0
1799	87	0
1800	88	0
1801	89	0
1802	88	0
1803	86	0
1804	87	0
1805	88	0
1806	87	0
1807	86	0
1808	86	0
1809	87	0
1810	87	0
1811	88	0
1812	87	0
1813	87	0
1814	87	0
1815	86	0
1816	87	0
1817	88	0
1818	86	0
1819	86	0
1820	86	0
1821	87	0
1822	88	0
1823	89	0
1824	87	0
1825	86	0
1826	86	0
1827	88	0
1828	87	0
1829	88	0
1830	87	0
1831	86	0
1832	86	0
1833	87	0
1834	87	0
1835	89	0
1836	87	0
1837	86	0
1838	86	0
1839	86	0
1840	87	0
1841	88	0
1842	87	0
1843	87	0
1844	86	0
1845	86	0
1846	88	0
1847	88	0
1848	87	0
1849	88	0
1850	87	0
1851	88	0
1852	86	0
1853	87	0
1854	87	0
1855	87	0
1856	88	0
1857	88	0
1858	87	0
1859	87	0
1860	86	0
1861	88	0
1862	87	0
1863	87	0
1864	86	0
1865	87	0
1866	87	0
1867	88	0
1868	87	0
1869	86	0
1870	86	0
1871	86	0
1872	87	0
1873	89	0
1874	88	0
1875	87	0
1876	86	0
1877	86	0
1878	88	0
1879	87	0
1880	87	0
1881	88	0
1882	86	0
1883	88	0
1884	87	0
1885	87	0
1886	87	0
1887	88	0
1888	86	0
1889	88	0
1890	86	0
1891	86	0
1892	87	0
1893	87	0
1894	88	0
1895	88	0
1896	88	0
1897	86	0
1898	86	0
1899	88	0
1900	86	0
1901	87	0
1902	88	0
1903	86	0
1904	87	0
1905	87	0
1906	87	0
1907	89	0
1908	90	0
1909	174	0
1910	197	0
1911	196	0
1912	196	0
1913	197	0
1914	198	0
1915	198	0
1916	198	0
1917	194	0
1918	190	0
1919	173	0
1920	114	0
1921	89	0
1922	86	0
1923	86	0
1924	85	0
1925	86	0
1926	86	0
1927	87	0
1928	88	0
1929	160	0
1930	192	0
1931	194	0
1932	195	0
1933	197	0
1934	197	0
1935	197	0
1936	196	0
1937	195	0
1938	193	0
1939	186	0
1940	115	0
1941	82	0
1942	82	0
1943	83	0
1944	86	0
1945	88	0
1946	88	0
1947	88	0
1948	90	0
1949	173	0
1950	196	0
1951	196	0
1952	198	0
1953	198	0
1954	199	0
1955	198	0
1956	198	0
1957	195	0
1958	192	0
1959	176	0
1960	115	0
1961	88	0
1962	86	0
1963	86	0
1964	85	0
1965	86	0
1966	87	0
1967	88	0
1968	92	0
1969	185	0
1970	200	0
1971	198	0
1972	200	0
1973	199	0
1974	200	0
1975	201	0
1976	201	0
1977	197	0
1978	194	0
1979	159	0
1980	110	0
1981	94	0
1982	91	0
1983	89	0
1984	87	0
1985	86	0
1986	86	0
1987	86	0
1988	86	0
1989	88	0
1990	88	0
1991	87	0
1992	87	0
1993	87	0
1994	89	0
1995	86	0
1996	88	0
1997	86	0
1998	87	0
1999	87	0
2000	87	0
2001	87	0
2002	88	0
2003	87	0
2004	87	0
2005	87	0
2006	86	0
2007	87	0
2008	88	0
2009	86	0
2010	86	0
2011	86	0
2012	87	0
2013	87	0
2014	87	0
2015	87	0
2016	87	0
2017	87	0
2018	87	0
2019	86	0
2020	86	0
2021	86	0
2022	87	0
2023	88	0
2024	87	0
2025	87	0
2026	86	0
2027	86	0
2028	87	0
2029	88	0
2030	87	0
2031	87	0
2032	86	0
2033	87	0
2034	88	0
2035	88	0
2036	86	0
2037	87	0
2038	87	0
2039	89	0
2040	86	0
2041	87	0
2042	87	0
2043	86	0
2044	87	0
2045	88	0
2046	87	0
2047	87	0
2048	87	0
2049	86	0
2050	87	0
2051	88	0
2052	86	0
2053	87	0
2054	87	0
2055	88	0
2056	87	0
2057	88	0
2058	87	0
2059	86	0
2060	86	0
2061	87	0
2062	88	0
2063	88	0
2064	87	0
2065	86	0
2066	86	0
2067	88	0
2068	86	0
2069	87	0
2070	86	0
2071	87	0
2072	88	0
2073	88	0
2074	87	0
2075	86	0
2076	87	0
2077	88	0
2078	86	0
2079	88	0
2080	86	0
2081	86	0
2082	87	0
2083	88	0
2084	87	0
2085	88	0
2086	86	0
2087	87	0
2088	87	0
2089	88	0
2090	87	0
2091	87	0
2092	86	0
2093	87	0
2094	86	0
2095	88	0
2096	87	0
2097	88	0
2098	86	0
2099	86	0
2100	86	0
2101	87	0
2102	88	0
2103	87	0
2104	86	0
2105	86	0
2106	87	0
2107	87	0
2108	88	0
2109	87	0
2110	86	0
2111	88	0
2112	86	0
2113	87	0
2114	87	0
2115	87	0
2116	87	0
2117	88	0
2118	88	0
2119	86	0
2120	86	0
2121	87	0
2122	88	0
2123	87	0
2124	88	0
2125	86	0
2126	86	0
2127	87	0
2128	88	0
2129	88	0
2130	89	0
2131	86	0
2132	86	0
2133	88	0
2134	87	0
2135	86	0
2136	88	0
2137	87	0
2138	87	0
2139	88	0
2140	86	0
2141	87	0
2142	88	0
2143	87	0
2144	87	0
2145	87	0
2146	87	0
2147	87	0
2148	88	0
2149	87	0
2150	87	0
2151	87	0
2152	87	0
2153	87	0
2154	88	0
2155	87	0
2156	86	0
2157	86	0
2158	86	0
2159	87	0
2160	88	0
2161	87	0
2162	87	0
2163	86	0
2164	86	0
2165	88	0
2166	88	0
2167	87	0
2168	87	0
2169	87	0
2170	88	0
2171	87	0
2172	88	0
2173	87	0
2174	86	0
2175	86	0
2176	87	0
2177	87	0
2178	88	0
2179	87	0
2180	87	0
2181	87	0
2182	86	0
2183	88	0
2184	88	0
2185	87	0
2186	87	0
2187	88	0
2188	88	0
2189	86	0
2190	87	0
2191	86	0
2192	88	0
2193	87	0
2194	86	0
2195	87	0
2196	86	0
2197	88	0
2198	88	0
2199	87	0
2200	86	0
2201	86	0
2202	86	0
2203	86	0
2204	88	0
2205	88	0
2206	87	0
2207	86	0
2208	87	0
2209	87	0
2210	86	0
2211	88	0
2212	87	0
2213	87	0
2214	86	0
2215	87	0
2216	88	0
2217	87	0
2218	87	0
2219	86	0
2220	86	0
2221	87	0
2222	88	0
2223	88	0
2224	88	0
2225	86	0
2226	86	0
2227	88	0
2228	87	0
2229	86	0
2230	87	0
2231	86	0
2232	87	0
2233	88	0
2234	87	0
2235	86	0
2236	86	0
2237	86	0
2238	86	0
2239	88	0
2240	87	0
2241	87	0
2242	87	0
2243	86	0
2244	88	0
2245	89	0
2246	87	0
2247	86	0
2248	87	0
2249	87	0
2250	86	0
2251	87	0
2252	87	0
2253	87	0
2254	87	0
2255	88	0
2256	87	0
2257	87	0
2258	86	0
2259	86	0
2260	87	0
2261	88	0
2262	87	0
2263	87	0
2264	86	0
2265	87	0
2266	87	0
2267	88	0
2268	87	0
2269	86	0
2270	87	0
2271	87	0
2272	87	0
2273	88	0
2274	87	0
2275	87	0
2276	87	0
2277	86	0
2278	87	0
2279	88	0
2280	87	0
2281	86	0
2282	87	0
2283	87	0
2284	87	0
2285	88	0
2286	87	0
2287	88	0
2288	86	0
2289	86	0
2290	87	0
2291	87	0
2292	88	0
2293	88	0
2294	87	0
2295	87	0
2296	86	0
2297	89	0
2298	86	0
2299	88	0
2300	86	0
2301	86	0
2302	87	0
2303	88	0
2304	87	0
2305	87	0
2306	86	0
2307	86	0
2308	88	0
2309	88	0
2310	87	0
2311	87	0
2312	87	0
2313	88	0
2314	86	0
2315	87	0
2316	87	0
2317	86	0
2318	88	0
2319	88	0
2320	87	0
2321	86	0
2322	87	0
2323	88	0
2324	86	0
2325	87	0
2326	86	0
2327	86	0
2328	88	0
2329	88	0
2330	86	0
2331	86	0
2332	86	0
2333	88	0
2334	86	0
2335	88	0
2336	86	0
2337	86	0
2338	86	0
2339	87	0
2340	87	0
2341	88	0
2342	87	0
2343	87	0
2344	87	0
2345	86	0
2346	88	0
2347	89	0
2348	87	0
2349	86	0
2350	87	0
2351	87	0
2352	86	0
2353	88	0
2354	87	0
2355	87	0
2356	87	0
2357	86	0
2358	86	0
2359	88	0
2360	87	0
2361	87	0
2362	87	0
2363	87	0
2364	87	0
2365	88	0
2366	87	0
2367	87	0
2368	87	0
2369	86	0
2370	87	0
2371	89	0
2372	87	0
2373	86	0
2374	86	0
2375	86	0
2376	87	0
2377	87	0
2378	86	0
2379	88	0
2380	87	0
2381	87	0
2382	87	0
2383	86	0
2384	87	0
2385	88	0
2386	87	0
2387	87	0
2388	86	0
2389	87	0
2390	87	0
2391	87	0
2392	87	0
2393	87	0
2394	87	0
2395	87	0
2396	87	0
2397	87	0
2398	87	0
2399	87	0
2400	87	0
2401	87	0
2402	87	0
2403	87	0
2404	87	0
2405	87	0
2406	87	0
2407	87	0
2408	87	0
2409	87	0
2410	87	0
2411	86	0
2412	87	0
2413	86	0
2414	87	0
2415	86	0
2416	87	0
2417	87	0
2418	86	0
2419	87	0
2420	87	0
2421	87	0
2422	87	0
2423	87	0
2424	87	0
2425	87	0
2426	86	0
2427	87	0
2428	87	0
2429	87	0
2430	87	0
2431	87	0
2432	87	0
2433	87	0
2434	87	0
2435	87	0
2436	88	0
2437	87	0
2438	87	0
2439	86	0
2440	87	0
2441	87	0
2442	88	0
2443	87	0
2444	87	0
2445	86	0
2446	86	0
2447	88	0
2448	89	0
2449	87	0
2450	86	0
2451	86	0
2452	87	0
2453	86	0
2454	87	0
2455	87	0
2456	86	0
2457	87	0
2458	86	0
2459	87	0
2460	87	0
2461	86	0
2462	86	0
2463	86	0
2464	87	0
2465	86	0
2466	88	0
2467	87	0
2468	86	0
2469	86	0
2470	86	0
2471	86	0
2472	88	0
2473	87	0
2474	87	0
2475	87	0
2476	87	0
2477	87	0
2478	89	0
2479	87	0
2480	86	0
2481	86	0
2482	86	0
2483	87	0
2484	88	0
2485	87	0
2486	86	0
2487	86	0
2488	87	0
2489	88	0
2490	88	0
2491	88	0
2492	87	0
2493	86	0
2494	88	0
2495	87	0
2496	86	0
2497	87	0
2498	86	0
2499	87	0
2500	89	0
2501	87	0
2502	88	0
2503	87	0
2504	86	0
2505	87	0
2506	86	0
2507	87	0
2508	88	0
2509	87	0
2510	87	0
2511	86	0
2512	86	0
2513	87	0
2514	88	0
2515	86	0
2516	86	0
2517	86	0
2518	86	0
2519	88	0
2520	87	0
2521	87	0
2522	87	0
2523	86	0
2524	87	0
2525	88	0
2526	87	0
2527	87	0
2528	86	0
2529	86	0
2530	88	0
2531	88	0
2532	87	0
2533	87	0
2534	87	0
2535	88	0
2536	87	0
2537	88	0
2538	86	0
2539	87	0
2540	87	0
2541	88	0
2542	89	0
2543	87	0
2544	87	0
2545	87	0
2546	88	0
2547	88	0
2548	87	0
2549	87	0
2550	86	0
2551	88	0
2552	87	0
2553	88	0
2554	86	0
2555	87	0
2556	86	0
2557	87	0
2558	87	0
2559	87	0
2560	87	0
2561	86	0
2562	87	0
2563	87	0
2564	87	0
2565	88	0
2566	87	0
2567	87	0
2568	86	0
2569	87	0
2570	87	0
2571	87	0
2572	87	0
2573	87	0
2574	87	0
2575	86	0
2576	87	0
2577	87	0
2578	87	0
2579	86	0
2580	86	0
2581	87	0
2582	87	0
2583	87	0
2584	89	0
2585	87	0
2586	87	0
2587	86	0
2588	86	0
2589	87	0
2590	87	0
2591	87	0
2592	87	0
2593	86	0
2594	88	0
2595	87	0
2596	87	0
2597	87	0
2598	86	0
2599	87	0
2600	87	0
2601	87	0
2602	87	0
2603	88	0
2604	87	0
2605	87	0
2606	87	0
2607	87	0
2608	87	0
2609	88	0
2610	88	0
2611	87	0
2612	87	0
2613	86	0
2614	88	0
2615	86	0
2616	87	0
2617	86	0
2618	87	0
2619	87	0
2620	87	0
2621	87	0
2622	88	0
2623	87	0
2624	86	0
2625	86	0
2626	86	0
2627	87	0
2628	88	0
2629	87	0
2630	86	0
2631	86	0
2632	86	0
2633	87	0
2634	88	0
2635	87	0
2636	87	0
2637	86	0
2638	86	0
2639	87	0
2640	87	0
2641	86	0
2642	87	0
2643	86	0
2644	87	0
2645	86	0
2646	87	0
2647	88	0
2648	86	0
2649	87	0
2650	86	0
2651	86	0
2652	87	0
2653	88	0
2654	87	0
2655	87	0
2656	87	0
2657	86	0
2658	87	0
2659	88	0
2660	87	0
2661	86	0
2662	86	0
2663	87	0
2664	88	0
2665	89	0
2666	87	0
2667	86	0
2668	87	0
2669	87	0
2670	86	0
2671	88	0
2672	87	0
2673	87	0
2674	86	0
2675	87	0
2676	88	0
2677	88	0
2678	86	0
2679	87	0
2680	86	0
2681	88	0
2682	86	0
2683	87	0
2684	87	0
2685	87	0
2686	87	0
2687	88	0
2688	86	0
2689	86	0
2690	86	0
2691	86	0
2692	87	0
2693	88	0
2694	87	0
2695	88	0
2696	87	0
2697	86	0
2698	87	0
2699	87	0
2700	87	0
2701	88	0
2702	87	0
2703	87	0
2704	86	0
2705	86	0
2706	88	0
2707	87	0
2708	87	0
2709	86	0
2710	86	0
2711	86	0
2712	88	0
2713	87	0
2714	88	0
2715	87	0
2716	86	0
2717	86	0
2718	88	0
2719	87	0
2720	88	0
2721	87	0
2722	86	0
2723	86	0
2724	88	0
2725	88	0
2726	88	0
2727	87	0
2728	87	0
2729	88	0
2730	87	0
2731	87	0
2732	87	0
2733	86	0
2734	88	0
2735	88	0
2736	87	0
2737	87	0
2738	88	0
2739	87	0
2740	86	0
2741	88	0
2742	87	0
2743	87	0
2744	88	0
2745	87	0
2746	86	0
2747	87	0
2748	86	0
2749	88	0
2750	88	0
2751	87	0
2752	87	0
2753	87	0
2754	87	0
2755	86	0
2756	89	0
2757	87	0
2758	88	0
2759	86	0
2760	86	0
2761	87	0
2762	87	0
2763	88	0
2764	88	0
2765	86	0
2766	87	0
2767	87	0
2768	88	0
2769	86	0
2770	88	0
2771	87	0
2772	86	0
2773	87	0
2774	87	0
2775	86	0
2776	88	0
2777	87	0
2778	86	0
2779	86	0
2780	87	0
2781	87	0
2782	88	0
2783	89	0
2784	86	0
2785	87	0
2786	86	0
2787	87	0
2788	87	0
2789	87	0
2790	88	0
2791	87	0
2792	87	0
2793	86	0
2794	86	0
2795	87	0
2796	88	0
2797	88	0
2798	87	0
2799	86	0
2800	86	0
2801	87	0
2802	86	0
2803	87	0
2804	87	0
2805	86	0
2806	87	0
2807	87	0
2808	86	0
2809	86	0
2810	87	0
2811	88	0
2812	87	0
2813	88	0
2814	86	0
2815	87	0
2816	87	0
2817	89	0
2818	87	0
2819	88	0
2820	87	0
2821	86	0
2822	86	0
2823	87	0
2824	88	0
2825	88	0
2826	87	0
2827	86	0
2828	87	0
2829	86	0
2830	86	0
2831	88	0
2832	87	0
2833	87	0
2834	87	0
2835	86	0
2836	87	0
2837	88	0
2838	86	0
2839	86	0
2840	86	0
2841	87	0
2842	87	0
2843	88	0
2844	87	0
2845	87	0
2846	88	0
2847	87	0
2848	86	0
2849	87	0
2850	86	0
2851	86	0
2852	87	0
2853	88	0
2854	87	0
2855	88	0
2856	86	0
2857	88	0
2858	103	0
2859	189	0
2860	196	0
2861	195	0
2862	197	0
2863	197	0
2864	198	0
2865	198	0
2866	197	0
2867	194	0
2868	190	0
2869	132	0
2870	92	0
2871	89	0
2872	91	0
2873	91	0
2874	91	0
2875	89	0
2876	88	0
2877	89	0
2878	95	0
2879	185	0
2880	195	0
2881	194	0
2882	195	0
2883	196	0
2884	197	0
2885	197	0
2886	196	0
2887	193	0
2888	193	0
2889	157	0
2890	107	0
2891	94	0
2892	92	0
2893	88	0
2894	87	0
2895	86	0
2896	87	0
2897	87	0
2898	101	0
2899	190	0
2900	195	0
2901	195	0
2902	197	0
2903	198	0
2904	198	0
2905	199	0
2906	198	0
2907	196	0
2908	194	0
2909	136	0
2910	94	0
2911	91	0
2912	92	0
2913	91	0
2914	90	0
2915	89	0
2916	88	0
2917	88	0
2918	117	0
2919	191	0
2920	196	0
2921	197	0
2922	198	0
2923	200	0
2924	201	0
2925	201	0
2926	198	0
2927	197	0
2928	195	0
2929	122	0
2930	83	0
2931	85	0
2932	88	0
2933	89	0
2934	90	0
2935	89	0
2936	88	0
2937	89	0
2938	87	0
2939	87	0
2940	87	0
2941	86	0
2942	86	0
2943	88	0
2944	87	0
2945	87	0
2946	86	0
2947	86	0
2948	87	0
2949	88	0
2950	87	0
2951	87	0
2952	86	0
2953	86	0
2954	87	0
2955	87	0
2956	86	0
2957	88	0
2958	87	0
2959	87	0
2960	87	0
2961	87	0
2962	87	0
2963	89	0
2964	87	0
2965	87	0
2966	86	0
2967	86	0
2968	87	0
2969	87	0
2970	87	0
2971	87	0
2972	87	0
2973	87	0
2974	87	0
2975	87	0
2976	87	0
2977	87	0
2978	87	0
2979	87	0
2980	87	0
2981	87	0
2982	88	0
2983	88	0
2984	87	0
2985	87	0
2986	86	0
2987	88	0
2988	86	0
2989	88	0
2990	87	0
2991	87	0
2992	86	0
2993	88	0
2994	87	0
2995	87	0
2996	86	0
2997	86	0
2998	86	0
2999	88	0
3000	87	0
3001	87	0
3002	86	0
3003	86	0
3004	87	0
3005	88	0
3006	88	0
3007	87	0
3008	86	0
3009	87	0
3010	87	0
3011	86	0
3012	88	0
3013	87	0
3014	87	0
3015	86	0
3016	86	0
3017	86	0
3018	89	0
3019	87	0
3020	87	0
3021	87	0
3022	86	0
3023	87	0
3024	88	0
3025	87	0
3026	87	0
3027	86	0
3028	87	0
3029	87	0
3030	88	0
3031	87	0
3032	86	0
3033	86	0
3034	86	0
3035	87	0
3036	87	0
3037	87	0
3038	86	0
3039	87	0
3040	87	0
3041	87	0
3042	87	0
3043	88	0
3044	87	0
3045	87	0
3046	86	0
3047	86	0
3048	88	0
3049	87	0
3050	86	0
3051	87	0
3052	86	0
3053	87	0
3054	87	0
3055	86	0
3056	87	0
3057	87	0
3058	87	0
3059	87	0
3060	86	0
3061	88	0
3062	87	0
3063	87	0
3064	86	0
3065	88	0
3066	87	0
3067	88	0
3068	86	0
3069	87	0
3070	86	0
3071	88	0
3072	87	0
3073	87	0
3074	86	0
3075	86	0
3076	87	0
3077	87	0
3078	87	0
3079	87	0
3080	86	0
3081	87	0
3082	87	0
3083	88	0
3084	87	0
3085	86	0
3086	86	0
3087	86	0
3088	87	0
3089	88	0
3090	87	0
3091	88	0
3092	86	0
3093	86	0
3094	86	0
3095	87	0
3096	87	0
3097	88	0
3098	86	0
3099	87	0
3100	86	0
3101	86	0
3102	87	0
3103	88	0
3104	87	0
3105	88	0
3106	87	0
3107	86	0
3108	86	0
3109	87	0
3110	87	0
3111	88	0
3112	87	0
3113	86	0
3114	87	0
3115	87	0
3116	87	0
3117	88	0
3118	87	0
3119	87	0
3120	86	0
3121	86	0
3122	88	0
3123	88	0
3124	88	0
3125	87	0
3126	86	0
3127	88	0
3128	87	0
3129	86	0
3130	87	0
3131	87	0
3132	87	0
3133	88	0
3134	88	0
3135	87	0
3136	86	0
3137	87	0
3138	88	0
3139	86	0
3140	88	0
3141	87	0
3142	86	0
3143	87	0
3144	87	0
3145	86	0
3146	87	0
3147	86	0
3148	87	0
3149	87	0
3150	87	0
3151	87	0
3152	87	0
3153	88	0
3154	87	0
3155	88	0
3156	87	0
3157	86	0
3158	86	0
3159	87	0
3160	86	0
3161	88	0
3162	88	0
3163	86	0
3164	87	0
3165	87	0
3166	89	0
3167	87	0
3168	88	0
3169	86	0
3170	86	0
3171	86	0
3172	88	0
3173	87	0
3174	88	0
3175	87	0
3176	86	0
3177	86	0
3178	88	0
3179	86	0
3180	87	0
3181	87	0
3182	87	0
3183	88	0
3184	88	0
3185	87	0
3186	86	0
3187	87	0
3188	88	0
3189	86	0
3190	88	0
3191	87	0
3192	87	0
3193	87	0
3194	87	0
3195	88	0
3196	89	0
3197	87	0
3198	86	0
3199	86	0
3200	87	0
3201	87	0
3202	88	0
3203	88	0
3204	88	0
3205	87	0
3206	87	0
3207	89	0
3208	88	0
3209	86	0
3210	87	0
3211	87	0
3212	88	0
3213	87	0
3214	87	0
3215	87	0
3216	86	0
3217	88	0
3218	88	0
3219	87	0
3220	87	0
3221	88	0
3222	88	0
3223	86	0
3224	87	0
3225	86	0
3226	89	0
3227	88	0
3228	87	0
3229	86	0
3230	86	0
3231	88	0
3232	87	0
3233	88	0
3234	87	0
3235	86	0
3236	86	0
3237	88	0
3238	87	0
3239	88	0
3240	86	0
3241	86	0
3242	86	0
3243	87	0
3244	87	0
3245	88	0
3246	87	0
3247	87	0
3248	86	0
3249	87	0
3250	87	0
3251	88	0
3252	87	0
3253	87	0
3254	87	0
3255	87	0
3256	88	0
3257	87	0
3258	87	0
3259	86	0
3260	86	0
3261	87	0
3262	87	0
3263	86	0
3264	87	0
3265	86	0
3266	87	0
3267	86	0
3268	87	0
3269	87	0
3270	87	0
3271	87	0
3272	87	0
3273	87	0
3274	87	0
3275	88	0
3276	87	0
3277	86	0
3278	86	0
3279	86	0
3280	88	0
3281	88	0
3282	87	0
3283	86	0
3284	87	0
3285	88	0
3286	86	0
3287	87	0
3288	87	0
3289	87	0
3290	88	0
3291	88	0
3292	87	0
3293	86	0
3294	86	0
3295	88	0
3296	86	0
3297	88	0
3298	87	0
3299	87	0
3300	87	0
3301	88	0
3302	88	0
3303	89	0
3304	87	0
3305	86	0
3306	89	0
3307	87	0
3308	87	0
3309	87	0
3310	86	0
3311	88	0
3312	88	0
3313	87	0
3314	86	0
3315	86	0
3316	87	0
3317	86	0
3318	88	0
3319	88	0
3320	86	0
3321	86	0
3322	86	0
3323	87	0
3324	87	0
3325	88	0
3326	87	0
3327	86	0
3328	87	0
3329	86	0
3330	88	0
3331	88	0
3332	87	0
3333	87	0
3334	86	0
3335	88	0
3336	86	0
3337	88	0
3338	86	0
3339	86	0
3340	86	0
3341	87	0
3342	86	0
3343	88	0
3344	87	0
3345	87	0
3346	86	0
3347	87	0
3348	87	0
3349	88	0
3350	87	0
3351	87	0
3352	86	0
3353	86	0
3354	88	0
3355	88	0
3356	87	0
3357	87	0
3358	86	0
3359	88	0
3360	87	0
3361	88	0
3362	87	0
3363	86	0
3364	87	0
3365	88	0
3366	87	0
3367	88	0
3368	87	0
3369	86	0
3370	87	0
3371	87	0
3372	87	0
3373	88	0
3374	87	0
3375	87	0
3376	86	0
3377	86	0
3378	87	0
3379	87	0
3380	87	0
3381	88	0
3382	86	0
3383	87	0
3384	86	0
3385	86	0
3386	87	0
3387	87	0
3388	87	0
3389	87	0
3390	87	0
3391	87	0
3392	88	0
3393	87	0
3394	86	0
3395	87	0
3396	86	0
3397	87	0
3398	88	0
3399	87	0
3400	87	0
3401	87	0
3402	86	0
3403	88	0
3404	88	0
3405	87	0
3406	86	0
3407	86	0
3408	88	0
3409	86	0
3410	88	0
3411	87	0
3412	87	0
3413	87	0
3414	88	0
3415	87	0
3416	89	0
3417	86	0
3418	86	0
3419	87	0
3420	88	0
3421	88	0
3422	88	0
3423	86	0
3424	87	0
3425	88	0
3426	87	0
3427	86	0
3428	87	0
3429	87	0
3430	88	0
3431	88	0
3432	87	0
3433	86	0
3434	87	0
3435	88	0
3436	87	0
3437	89	0
3438	86	0
3439	87	0
3440	87	0
3441	87	0
3442	87	0
3443	89	0
3444	88	0
3445	87	0
3446	86	0
3447	87	0
3448	88	0
3449	87	0
3450	87	0
3451	86	0
3452	86	0
3453	88	0
3454	88	0
3455	87	0
3456	87	0
3457	87	0
3458	88	0
3459	86	0
3460	88	0
3461	86	0
3462	86	0
3463	87	0
3464	88	0
3465	87	0
3466	88	0
3467	86	0
3468	86	0
3469	86	0
3470	87	0
3471	88	0
3472	88	0
3473	87	0
3474	86	0
3475	87	0
3476	87	0
3477	86	0
3478	88	0
3479	87	0
3480	87	0
3481	86	0
3482	87	0
3483	87	0
3484	88	0
3485	87	0
3486	87	0
3487	87	0
3488	86	0
3489	87	0
3490	88	0
3491	87	0
3492	87	0
3493	86	0
3494	87	0
3495	87	0
3496	88	0
3497	87	0
3498	87	0
3499	86	0
3500	86	0
3501	88	0
3502	88	0
3503	87	0
3504	86	0
3505	86	0
3506	87	0
3507	86	0
3508	88	0
3509	87	0
3510	88	0
3511	87	0
3512	87	0
3513	86	0
3514	87	0
3515	88	0
3516	89	0
3517	86	0
3518	87	0
3519	86	0
3520	88	0
3521	86	0
3522	87	0
3523	87	0
3524	87	0
3525	87	0
3526	88	0
3527	88	0
3528	87	0
3529	86	0
3530	87	0
3531	89	0
3532	86	0
3533	89	0
3534	87	0
3535	86	0
3536	86	0
3537	87	0
3538	87	0
3539	87	0
3540	87	0
3541	86	0
3542	87	0
3543	87	0
3544	87	0
3545	87	0
3546	87	0
3547	88	0
3548	87	0
3549	87	0
3550	86	0
3551	87	0
3552	87	0
3553	88	0
3554	87	0
3555	87	0
3556	87	0
3557	87	0
3558	87	0
3559	88	0
3560	88	0
3561	86	0
3562	87	0
3563	87	0
3564	88	0
3565	87	0
3566	87	0
3567	86	0
3568	86	0
3569	87	0
3570	88	0
3571	87	0
3572	88	0
3573	86	0
3574	87	0
3575	86	0
3576	87	0
3577	88	0
3578	87	0
3579	87	0
3580	86	0
3581	86	0
3582	88	0
3583	89	0
3584	87	0
3585	87	0
3586	86	0
3587	87	0
3588	86	0
3589	86	0
3590	86	0
3591	87	0
3592	87	0
3593	88	0
3594	87	0
3595	86	0
3596	87	0
3597	86	0
3598	88	0
3599	89	0
3600	86	0
3601	87	0
3602	87	0
3603	88	0
3604	86	0
3605	88	0
3606	86	0
3607	87	0
3608	87	0
3609	87	0
3610	87	0
3611	87	0
3612	87	0
3613	87	0
3614	87	0
3615	86	0
3616	87	0
3617	86	0
3618	87	0
3619	86	0
3620	87	0
3621	87	0
3622	87	0
3623	87	0
3624	87	0
3625	87	0
3626	87	0
3627	86	0
3628	87	0
3629	87	0
3630	88	0
3631	87	0
3632	87	0
3633	86	0
3634	86	0
3635	87	0
3636	88	0
3637	87	0
3638	87	0
3639	86	0
3640	86	0
3641	87	0
3642	87	0
3643	87	0
3644	88	0
3645	87	0
3646	88	0
3647	86	0
3648	86	0
3649	86	0
3650	87	0
3651	87	0
3652	88	0
3653	87	0
3654	87	0
3655	86	0
3656	86	0
3657	87	0
3658	88	0
3659	87	0
3660	87	0
3661	86	0
3662	87	0
3663	88	0
3664	88	0
3665	87	0
3666	87	0
3667	86	0
3668	89	0
3669	86	0
3670	87	0
3671	86	0
3672	86	0
3673	87	0
3674	89	0
3675	88	0
3676	87	0
3677	87	0
3678	87	0
3679	88	0
3680	87	0
3681	89	0
3682	86	0
3683	86	0
3684	86	0
3685	87	0
3686	87	0
3687	88	0
3688	86	0
3689	86	0
3690	86	0
3691	86	0
3692	87	0
3693	88	0
3694	87	0
3695	87	0
3696	86	0
3697	86	0
3698	87	0
3699	88	0
3700	86	0
3701	87	0
3702	86	0
3703	86	0
3704	87	0
3705	88	0
3706	87	0
3707	88	0
3708	86	0
3709	87	0
3710	86	0
3711	88	0
3712	88	0
3713	88	0
3714	86	0
3715	87	0
3716	88	0
3717	87	0
3718	86	0
3719	87	0
3720	86	0
3721	87	0
3722	88	0
3723	86	0
3724	87	0
3725	86	0
3726	87	0
3727	87	0
3728	87	0
3729	87	0
3730	88	0
3731	88	0
3732	87	0
3733	86	0
3734	86	0
3735	88	0
3736	86	0
3737	87	0
3738	86	0
3739	87	0
3740	87	0
3741	87	0
3742	87	0
3743	87	0
3744	86	0
3745	86	0
3746	87	0
3747	87	0
3748	87	0
3749	87	0
3750	86	0
3751	88	0
3752	86	0
3753	86	0
3754	86	0
3755	87	0
3756	87	0
3757	87	0
3758	87	0
3759	86	0
3760	88	0
3761	87	0
3762	87	0
3763	86	0
3764	87	0
3765	86	0
3766	88	0
3767	87	0
3768	87	0
3769	87	0
3770	87	0
3771	88	0
3772	88	0
3773	87	0
3774	86	0
3775	87	0
3776	88	0
3777	86	0
3778	87	0
3779	87	0
3780	87	0
3781	88	0
3782	88	0
3783	87	0
3784	87	0
3785	86	0
3786	87	0
3787	86	0
3788	87	0
3789	87	0
3790	87	0
3791	88	0
3792	87	0
3793	87	0
3794	86	0
3795	86	0
3796	87	0
3797	88	0
3798	89	0
3799	88	0
3800	86	0
3801	86	0
3802	87	0
3803	87	0
3804	87	0
3805	88	0
3806	87	0
3807	86	0
3808	86	0
3809	88	0
3810	105	0
3811	190	0
3812	195	0
3813	194	0
3814	196	0
3815	197	0
3816	198	0
3817	197	0
3818	197	0
3819	194	0
3820	190	0
3821	131	0
3822	91	0
3823	89	0
3824	91	0
3825	91	0
3826	90	0
3827	90	0
3828	89	0
3829	89	0
3830	97	0
3831	186	0
3832	195	0
3833	194	0
3834	195	0
3835	197	0
3836	197	0
3837	197	0
3838	197	0
3839	194	0
3840	193	0
3841	154	0
3842	107	0
3843	94	0
3844	92	0
3845	89	0
3846	88	0
3847	86	0
3848	86	0
3849	88	0
3850	102	0
3851	190	0
3852	196	0
3853	195	0
3854	197	0
3855	198	0
3856	198	0
3857	199	0
3858	198	0
3859	196	0
3860	193	0
3861	133	0
3862	93	0
3863	90	0
3864	92	0
3865	91	0
3866	89	0
3867	89	0
3868	89	0
3869	89	0
3870	118	0
3871	191	0
3872	195	0
3873	197	0
3874	198	0
3875	200	0
3876	201	0
3877	201	0
3878	199	0
3879	197	0
3880	195	0
3881	122	0
3882	83	0
3883	85	0
3884	87	0
3885	89	0
3886	90	0
3887	90	0
3888	89	0
3889	88	0
3890	87	0
3891	87	0
3892	87	0
3893	87	0
3894	86	0
3895	88	0
3896	87	0
3897	87	0
3898	87	0
3899	87	0
3900	87	0
3901	88	0
3902	86	0
3903	87	0
3904	86	0
3905	86	0
3906	86	0
3907	87	0
3908	87	0
3909	87	0
3910	88	0
3911	86	0
3912	88	0
3913	87	0
3914	86	0
3915	87	0
3916	87	0
3917	86	0
3918	88	0
3919	87	0
3920	87	0
3921	86	0
3922	86	0
3923	87	0
3924	88	0
3925	87	0
3926	87	0
3927	86	0
3928	86	0
3929	86	0
3930	87	0
3931	88	0
3932	87	0
3933	87	0
3934	87	0
3935	86	0
3936	87	0
3937	88	0
3938	87	0
3939	87	0
3940	86	0
3941	86	0
3942	86	0
3943	88	0
3944	87	0
3945	87	0
3946	87	0
3947	86	0
3948	87	0
3949	88	0
3950	86	0
3951	87	0
3952	86	0
3953	88	0
3954	87	0
3955	87	0
3956	87	0
3957	88	0
3958	87	0
3959	88	0
3960	86	0
3961	86	0
3962	87	0
3963	87	0
3964	88	0
3965	87	0
3966	87	0
3967	86	0
3968	87	0
3969	87	0
3970	88	0
3971	86	0
3972	87	0
3973	86	0
3974	86	0
3975	87	0
3976	88	0
3977	87	0
3978	86	0
3979	86	0
3980	86	0
3981	87	0
3982	88	0
3983	88	0
3984	87	0
3985	86	0
3986	86	0
3987	88	0
3988	86	0
3989	88	0
3990	86	0
3991	86	0
3992	87	0
3993	87	0
3994	88	0
3995	88	0
3996	87	0
3997	87	0
3998	86	0
3999	88	0
4000	87	0
4001	88	0
4002	87	0
4003	86	0
4004	87	0
4005	87	0
4006	87	0
4007	88	0
4008	88	0
4009	87	0
4010	86	0
4011	87	0
4012	89	0
4013	87	0
4014	89	0
4015	87	0
4016	86	0
4017	87	0
4018	87	0
4019	88	0
4020	88	0
4021	87	0
4022	86	0
4023	86	0
4024	88	0
4025	86	0
4026	88	0
4027	86	0
4028	87	0
4029	86	0
4030	86	0
4031	86	0
4032	87	0
4033	87	0
4034	88	0
4035	87	0
4036	87	0
4037	86	0
4038	86	0
4039	87	0
4040	88	0
4041	87	0
4042	89	0
4043	87	0
4044	86	0
4045	87	0
4046	87	0
4047	87	0
4048	88	0
4049	87	0
4050	86	0
4051	86	0
4052	87	0
4053	88	0
4054	88	0
4055	87	0
4056	86	0
4057	87	0
4058	89	0
4059	86	0
4060	88	0
4061	86	0
4062	86	0
4063	86	0
4064	87	0
4065	87	0
4066	88	0
4067	87	0
4068	86	0
4069	86	0
4070	86	0
4071	87	0
4072	88	0
4073	87	0
4074	87	0
4075	86	0
4076	87	0
4077	87	0
4078	88	0
4079	87	0
4080	86	0
4081	86	0
4082	86	0
4083	87	0
4084	88	0
4085	87	0
4086	87	0
4087	86	0
4088	86	0
4089	87	0
4090	88	0
4091	87	0
4092	87	0
4093	86	0
4094	87	0
4095	88	0
4096	88	0
4097	87	0
4098	87	0
4099	87	0
4100	88	0
4101	86	0
4102	87	0
4103	86	0
4104	86	0
4105	88	0
4106	88	0
4107	87	0
4108	87	0
4109	86	0
4110	87	0
4111	86	0
4112	88	0
4113	88	0
4114	86	0
4115	86	0
4116	87	0
4117	88	0
4118	86	0
4119	88	0
4120	86	0
4121	86	0
4122	87	0
4123	88	0
4124	88	0
4125	87	0
4126	86	0
4127	87	0
4128	87	0
4129	86	0
4130	88	0
4131	87	0
4132	87	0
4133	86	0
4134	87	0
4135	87	0
4136	87	0
4137	86	0
4138	86	0
4139	87	0
4140	87	0
4141	87	0
4142	87	0
4143	86	0
4144	87	0
4145	87	0
4146	88	0
4147	87	0
4148	86	0
4149	87	0
4150	86	0
4151	88	0
4152	88	0
4153	86	0
4154	87	0
4155	86	0
4156	88	0
4157	87	0
4158	88	0
4159	87	0
4160	87	0
4161	87	0
4162	88	0
4163	87	0
4164	89	0
4165	86	0
4166	87	0
4167	87	0
4168	88	0
4169	87	0
4170	89	0
4171	87	0
4172	86	0
4173	87	0
4174	89	0
4175	87	0
4176	89	0
4177	87	0
4178	86	0
4179	86	0
4180	87	0
4181	87	0
4182	88	0
4183	87	0
4184	86	0
4185	86	0
4186	86	0
4187	87	0
4188	88	0
4189	88	0
4190	87	0
4191	86	0
4192	86	0
4193	88	0
4194	86	0
4195	88	0
4196	87	0
4197	87	0
4198	87	0
4199	88	0
4200	87	0
4201	89	0
4202	87	0
4203	86	0
4204	86	0
4205	87	0
4206	88	0
4207	87	0
4208	87	0
4209	87	0
4210	86	0
4211	88	0
4212	88	0
4213	87	0
4214	87	0
4215	86	0
4216	87	0
4217	87	0
4218	87	0
4219	88	0
4220	88	0
4221	87	0
4222	86	0
4223	86	0
4224	89	0
4225	86	0
4226	88	0
4227	87	0
4228	86	0
4229	88	0
4230	87	0
4231	87	0
4232	87	0
4233	86	0
4234	87	0
4235	88	0
4236	87	0
4237	86	0
4238	87	0
4239	86	0
4240	87	0
4241	89	0
4242	87	0
4243	87	0
4244	87	0
4245	87	0
4246	87	0
4247	87	0
4248	87	0
4249	87	0
4250	87	0
4251	87	0
4252	88	0
4253	87	0
4254	87	0
4255	86	0
4256	86	0
4257	87	0
4258	88	0
4259	87	0
4260	87	0
4261	86	0
4262	87	0
4263	88	0
4264	88	0
4265	87	0
4266	86	0
4267	87	0
4268	88	0
4269	86	0
4270	89	0
4271	87	0
4272	86	0
4273	87	0
4274	87	0
4275	88	0
4276	88	0
4277	88	0
4278	87	0
4279	86	0
4280	89	0
4281	87	0
4282	86	0
4283	88	0
4284	87	0
4285	88	0
4286	87	0
4287	87	0
4288	86	0
4289	88	0
4290	87	0
4291	88	0
4292	87	0
4293	88	0
4294	87	0
4295	87	0
4296	86	0
4297	88	0
4298	88	0
4299	89	0
4300	86	0
4301	87	0
4302	88	0
4303	86	0
4304	86	0
4305	87	0
4306	86	0
4307	88	0
4308	88	0
4309	86	0
4310	86	0
4311	87	0
4312	88	0
4313	87	0
4314	88	0
4315	86	0
4316	86	0
4317	86	0
4318	87	0
4319	88	0
4320	88	0
4321	87	0
4322	86	0
4323	87	0
4324	88	0
4325	87	0
4326	88	0
4327	86	0
4328	86	0
4329	87	0
4330	87	0
4331	89	0
4332	87	0
4333	87	0
4334	87	0
4335	86	0
4336	88	0
4337	88	0
4338	87	0
4339	86	0
4340	87	0
4341	88	0
4342	87	0
4343	89	0
4344	87	0
4345	87	0
4346	87	0
4347	88	0
4348	87	0
4349	88	0
4350	86	0
4351	87	0
4352	87	0
4353	87	0
4354	88	0
4355	88	0
4356	87	0
4357	86	0
4358	86	0
4359	88	0
4360	86	0
4361	89	0
4362	87	0
4363	86	0
4364	87	0
4365	87	0
4366	88	0
4367	88	0
4368	88	0
4369	86	0
4370	87	0
4371	89	0
4372	87	0
4373	86	0
4374	87	0
4375	87	0
4376	87	0
4377	88	0
4378	87	0
4379	88	0
4380	87	0
4381	87	0
4382	87	0
4383	89	0
4384	88	0
4385	88	0
4386	87	0
4387	87	0
4388	88	0
4389	87	0
4390	86	0
4391	88	0
4392	86	0
4393	87	0
4394	88	0
4395	87	0
4396	87	0
4397	87	0
4398	87	0
4399	87	0
4400	88	0
4401	87	0
4402	87	0
4403	86	0
4404	86	0
4405	87	0
4406	87	0
4407	88	0
4408	88	0
4409	86	0
4410	87	0
4411	86	0
4412	88	0
4413	86	0
4414	87	0
4415	87	0
4416	87	0
4417	88	0
4418	89	0
4419	87	0
4420	87	0
4421	87	0
4422	88	0
4423	88	0
4424	88	0
4425	86	0
4426	86	0
4427	88	0
4428	87	0
4429	86	0
4430	88	0
4431	87	0
4432	87	0
4433	87	0
4434	87	0
4435	88	0
4436	88	0
4437	87	0
4438	86	0
4439	87	0
4440	89	0
4441	86	0
4442	88	0
4443	87	0
4444	86	0
4445	86	0
4446	87	0
4447	87	0
4448	88	0
4449	87	0
4450	87	0
4451	87	0
4452	86	0
4453	88	0
4454	88	0
4455	87	0
4456	87	0
4457	87	0
4458	88	0
4459	87	0
4460	88	0
4461	86	0
4462	86	0
4463	86	0
4464	87	0
4465	88	0
4466	88	0
4467	87	0
4468	87	0
4469	87	0
4470	87	0
4471	87	0
4472	88	0
4473	87	0
4474	87	0
4475	86	0
4476	86	0
4477	87	0
4478	88	0
4479	87	0
4480	88	0
4481	87	0
4482	87	0
4483	86	0
4484	88	0
4485	87	0
4486	88	0
4487	86	0
4488	86	0
4489	86	0
4490	87	0
4491	88	0
4492	88	0
4493	87	0
4494	86	0
4495	87	0
4496	88	0
4497	86	0
4498	88	0
4499	87	0
4500	87	0
4501	88	0
4502	87	0
4503	86	0
4504	88	0
4505	86	0
4506	87	0
4507	88	0
4508	86	0
4509	87	0
4510	87	0
4511	88	0
4512	88	0
4513	87	0
4514	87	0
4515	86	0
4516	87	0
4517	87	0
4518	88	0
4519	87	0
4520	87	0
4521	86	0
4522	86	0
4523	87	0
4524	88	0
4525	86	0
4526	87	0
4527	86	0
4528	86	0
4529	88	0
4530	88	0
4531	88	0
4532	87	0
4533	87	0
4534	88	0
4535	87	0
4536	86	0
4537	88	0
4538	86	0
4539	86	0
4540	88	0
4541	87	0
4542	87	0
4543	87	0
4544	87	0
4545	87	0
4546	88	0
4547	87	0
4548	87	0
4549	86	0
4550	86	0
4551	87	0
4552	88	0
4553	88	0
4554	87	0
4555	86	0
4556	87	0
4557	89	0
4558	86	0
4559	89	0
4560	86	0
4561	86	0
4562	87	0
4563	87	0
4564	87	0
4565	88	0
4566	87	0
4567	87	0
4568	86	0
4569	87	0
4570	88	0
4571	89	0
4572	86	0
4573	87	0
4574	86	0
4575	88	0
4576	87	0
4577	88	0
4578	87	0
4579	86	0
4580	86	0
4581	88	0
4582	88	0
4583	87	0
4584	87	0
4585	87	0
4586	89	0
4587	87	0
4588	88	0
4589	87	0
4590	86	0
4591	87	0
4592	87	0
4593	87	0
4594	88	0
4595	87	0
4596	88	0
4597	87	0
4598	87	0
4599	87	0
4600	87	0
4601	88	0
4602	89	0
4603	87	0
4604	86	0
4605	87	0
4606	87	0
4607	87	0
4608	88	0
4609	87	0
4610	87	0
4611	86	0
4612	86	0
4613	87	0
4614	88	0
4615	87	0
4616	87	0
4617	87	0
4618	86	0
4619	88	0
4620	89	0
4621	87	0
4622	86	0
4623	87	0
4624	88	0
4625	86	0
4626	88	0
4627	87	0
4628	87	0
4629	87	0
4630	87	0
4631	88	0
4632	88	0
4633	86	0
4634	86	0
4635	86	0
4636	89	0
4637	87	0
4638	88	0
4639	88	0
4640	86	0
4641	88	0
4642	87	0
4643	89	0
4644	86	0
4645	87	0
4646	86	0
4647	88	0
4648	87	0
4649	88	0
4650	87	0
4651	86	0
4652	86	0
4653	88	0
4654	87	0
4655	88	0
4656	87	0
4657	87	0
4658	86	0
4659	87	0
4660	87	0
4661	88	0
4662	87	0
4663	87	0
4664	86	0
4665	87	0
4666	88	0
4667	89	0
4668	86	0
4669	87	0
4670	87	0
4671	88	0
4672	86	0
4673	88	0
4674	87	0
4675	86	0
4676	87	0
4677	88	0
4678	87	0
4679	88	0
4680	87	0
4681	86	0
4682	87	0
4683	87	0
4684	87	0
4685	88	0
4686	87	0
4687	87	0
4688	86	0
4689	86	0
4690	88	0
4691	89	0
4692	87	0
4693	87	0
4694	87	0
4695	88	0
4696	86	0
4697	89	0
4698	86	0
4699	86	0
4700	87	0
4701	87	0
4702	87	0
4703	88	0
4704	87	0
4705	88	0
4706	87	0
4707	86	0
4708	87	0
4709	87	0
4710	87	0
4711	88	0
4712	88	0
4713	87	0
4714	87	0
4715	86	0
4716	88	0
4717	86	0
4718	87	0
4719	87	0
4720	86	0
4721	88	0
4722	88	0
4723	88	0
4724	87	0
4725	86	0
4726	88	0
4727	88	0
4728	86	0
4729	88	0
4730	87	0
4731	88	0
4732	87	0
4733	87	0
4734	86	0
4735	87	0
4736	87	0
4737	88	0
4738	88	0
4739	87	0
4740	86	0
4741	87	0
4742	88	0
4743	86	0
4744	88	0
4745	86	0
4746	87	0
4747	87	0
4748	88	0
4749	88	0
4750	88	0
4751	87	0
4752	86	0
4753	88	0
4754	87	0
4755	86	0
4756	88	0
4757	86	0
4758	87	0
4759	88	0
4760	88	0
4761	101	0
4762	189	0
4763	196	0
4764	195	0
4765	196	0
4766	197	0
4767	198	0
4768	198	0
4769	197	0
4770	194	0
4771	190	0
4772	136	0
4773	94	0
4774	91	0
4775	91	0
4776	91	0
4777	90	0
4778	89	0
4779	89	0
4780	88	0
4781	94	0
4782	185	0
4783	195	0
4784	194	0
4785	196	0
4786	197	0
4787	197	0
4788	197	0
4789	196	0
4790	194	0
4791	193	0
4792	161	0
4793	110	0
4794	94	0
4795	91	0
4796	88	0
4797	86	0
4798	87	0
4799	86	0
4800	88	0
4801	99	0
4802	190	0
4803	196	0
4804	196	0
4805	198	0
4806	198	0
4807	199	0
4808	199	0
4809	197	0
4810	195	0
4811	193	0
4812	139	0
4813	97	0
4814	92	0
4815	93	0
4816	91	0
4817	89	0
4818	88	0
4819	88	0
4820	88	0
4821	110	0
4822	190	0
4823	196	0
4824	197	0
4825	198	0
4826	200	0
4827	201	0
4828	200	0
4829	201	0
4830	197	0
4831	195	0
4832	125	0
4833	86	0
4834	86	0
4835	90	0
4836	90	0
4837	91	0
4838	91	0
4839	88	0
4840	88	0
4841	87	0
4842	87	0
4843	86	0
4844	87	0
4845	86	0
4846	88	0
4847	87	0
4848	86	0
4849	86	0
4850	87	0
4851	87	0
4852	88	0
4853	87	0
4854	86	0
4855	87	0
4856	87	0
4857	87	0
4858	88	0
4859	87	0
4860	88	0
4861	86	0
4862	86	0
4863	86	0
4864	88	0
4865	88	0
4866	88	0
4867	87	0
4868	87	0
4869	88	0
4870	87	0
4871	86	0
4872	87	0
4873	86	0
4874	87	0
4875	89	0
4876	87	0
4877	87	0
4878	87	0
4879	87	0
4880	87	0
4881	88	0
4882	87	0
4883	87	0
4884	87	0
4885	87	0
4886	88	0
4887	88	0
4888	87	0
4889	87	0
4890	87	0
4891	88	0
4892	86	0
4893	88	0
4894	87	0
4895	86	0
4896	87	0
4897	87	0
4898	86	0
4899	88	0
4900	87	0
4901	86	0
4902	86	0
4903	86	0
4904	87	0
4905	88	0
4906	88	0
4907	87	0
4908	87	0
4909	87	0
4910	88	0
4911	87	0
4912	89	0
4913	87	0
4914	86	0
4915	87	0
4916	88	0
4917	87	0
4918	88	0
4919	87	0
4920	86	0
4921	87	0
4922	87	0
4923	87	0
4924	88	0
4925	87	0
4926	87	0
4927	86	0
4928	86	0
4929	88	0
4930	89	0
4931	87	0
4932	87	0
4933	87	0
4934	88	0
4935	87	0
4936	88	0
4937	86	0
4938	86	0
4939	86	0
4940	88	0
4941	88	0
4942	89	0
4943	87	0
4944	88	0
4945	88	0
4946	86	0
4947	86	0
4948	87	0
4949	88	0
4950	87	0
4951	89	0
4952	87	0
4953	87	0
4954	87	0
4955	88	0
4956	87	0
4957	88	0
4958	86	0
4959	86	0
4960	86	0
4961	88	0
4962	88	0
4963	88	0
4964	87	0
4965	88	0
4966	88	0
4967	87	0
4968	86	0
4969	88	0
4970	88	0
4971	86	0
4972	87	0
4973	87	0
4974	88	0
4975	87	0
4976	88	0
4977	87	0
4978	86	0
4979	87	0
4980	88	0
4981	87	0
4982	88	0
4983	87	0
4984	86	0
4985	87	0
4986	88	0
4987	87	0
4988	88	0
4989	87	0
4990	87	0
4991	87	0
4992	87	0
4993	88	0
4994	88	0
4995	88	0
4996	86	0
4997	86	0
4998	87	0
4999	88	0
5000	86	0
5001	88	0
5002	86	0
5003	87	0
5004	87	0
5005	88	0
5006	87	0
5007	86	0
5008	87	0
5009	87	0
5010	87	0
5011	88	0
5012	87	0
5013	87	0
5014	87	0
5015	87	0
5016	88	0
5017	89	0
5018	87	0
5019	86	0
5020	86	0
5021	89	0
5022	87	0
5023	88	0
5024	86	0
5025	86	0
5026	87	0
5027	87	0
5028	88	0
5029	88	0
5030	87	0
5031	87	0
5032	86	0
5033	89	0
5034	86	0
5035	88	0
5036	86	0
5037	87	0
5038	86	0
5039	87	0
5040	87	0
5041	87	0
5042	87	0
5043	87	0
5044	88	0
5045	88	0
5046	87	0
5047	87	0
5048	87	0
5049	88	0
5050	86	0
5051	89	0
5052	86	0
5053	86	0
5054	87	0
5055	87	0
5056	88	0
5057	88	0
5058	87	0
5059	87	0
5060	86	0
5061	87	0
5062	86	0
5063	88	0
5064	87	0
5065	87	0
5066	87	0
5067	88	0
5068	87	0
5069	89	0
5070	87	0
5071	86	0
5072	86	0
5073	88	0
5074	87	0
5075	88	0
5076	87	0
5077	87	0
5078	86	0
5079	88	0
5080	88	0
5081	89	0
5082	86	0
5083	87	0
5084	88	0
5085	87	0
5086	87	0
5087	87	0
5088	86	0
5089	88	0
5090	88	0
5091	87	0
5092	86	0
5093	87	0
5094	88	0
5095	86	0
5096	88	0
5097	87	0
5098	86	0
5099	88	0
5100	87	0
5101	87	0
5102	87	0
5103	87	0
5104	87	0
5105	88	0
5106	87	0
5107	86	0
5108	86	0
5109	87	0
5110	87	0
5111	88	0
5112	88	0
5113	87	0
5114	86	0
5115	86	0
5116	88	0
5117	86	0
5118	88	0
5119	88	0
5120	86	0
5121	87	0
5122	87	0
5123	87	0
5124	86	0
5125	87	0
5126	87	0
5127	87	0
5128	88	0
5129	87	0
5130	88	0
5131	86	0
5132	86	0
5133	86	0
5134	88	0
5135	87	0
5136	88	0
5137	87	0
5138	86	0
5139	87	0
5140	87	0
5141	88	0
5142	88	0
5143	87	0
5144	87	0
5145	87	0
5146	88	0
5147	87	0
5148	89	0
5149	86	0
5150	87	0
5151	87	0
5152	87	0
5153	87	0
5154	87	0
5155	89	0
5156	87	0
5157	88	0
5158	86	0
5159	87	0
5160	87	0
5161	87	0
5162	88	0
5163	88	0
5164	87	0
5165	87	0
5166	86	0
5167	88	0
5168	87	0
5169	88	0
5170	87	0
5171	86	0
5172	87	0
5173	88	0
5174	87	0
5175	88	0
5176	87	0
5177	87	0
5178	87	0
5179	88	0
5180	88	0
5181	88	0
5182	87	0
5183	87	0
5184	88	0
5185	87	0
5186	86	0
5187	88	0
5188	86	0
5189	87	0
5190	88	0
5191	87	0
5192	88	0
5193	87	0
5194	86	0
5195	87	0
5196	87	0
5197	87	0
5198	89	0
5199	88	0
5200	87	0
5201	87	0
5202	86	0
5203	87	0
5204	87	0
5205	88	0
5206	87	0
5207	87	0
5208	87	0
5209	87	0
5210	87	0
5211	88	0
5212	88	0
5213	87	0
5214	86	0
5215	87	0
5216	89	0
5217	86	0
5218	88	0
5219	87	0
5220	87	0
5221	87	0
5222	87	0
5223	88	0
5224	88	0
5225	86	0
5226	86	0
5227	87	0
5228	87	0
5229	86	0
5230	88	0
5231	87	0
5232	87	0
5233	86	0
5234	87	0
5235	86	0
5236	88	0
5237	87	0
5238	87	0
5239	87	0
5240	87	0
5241	87	0
5242	88	0
5243	87	0
5244	88	0
5245	86	0
5246	86	0
5247	87	0
5248	87	0
5249	88	0
5250	89	0
5251	87	0
5252	87	0
5253	87	0
5254	88	0
5255	87	0
5256	88	0
5257	87	0
5258	86	0
5259	86	0
5260	87	0
5261	86	0
5262	88	0
5263	88	0
5264	87	0
5265	87	0
5266	87	0
5267	88	0
5268	87	0
5269	88	0
5270	86	0
5271	86	0
5272	87	0
5273	87	0
5274	88	0
5275	87	0
5276	87	0
5277	87	0
5278	87	0
5279	87	0
5280	88	0
5281	87	0
5282	87	0
5283	87	0
5284	86	0
5285	87	0
5286	88	0
5287	86	0
5288	86	0
5289	88	0
5290	87	0
5291	87	0
5292	88	0
5293	86	0
5294	87	0
5295	87	0
5296	86	0
5297	87	0
5298	89	0
5299	88	0
5300	86	0
5301	86	0
5302	87	0
5303	89	0
5304	86	0
5305	88	0
5306	86	0
5307	86	0
5308	87	0
5309	88	0
5310	87	0
5311	87	0
5312	87	0
5313	87	0
5314	87	0
5315	89	0
5316	87	0
5317	87	0
5318	87	0
5319	86	0
5320	87	0
5321	88	0
5322	87	0
5323	87	0
5324	86	0
5325	86	0
5326	87	0
5327	88	0
5328	88	0
5329	88	0
5330	86	0
5331	86	0
5332	88	0
5333	87	0
5334	87	0
5335	87	0
5336	86	0
5337	87	0
5338	89	0
5339	87	0
5340	87	0
5341	87	0
5342	87	0
5343	87	0
5344	88	0
5345	87	0
5346	87	0
5347	86	0
5348	86	0
5349	88	0
5350	88	0
5351	88	0
5352	86	0
5353	87	0
5354	88	0
5355	87	0
5356	86	0
5357	88	0
5358	86	0
5359	88	0
5360	87	0
5361	87	0
5362	87	0
5363	86	0
5364	88	0
5365	89	0
5366	87	0
5367	86	0
5368	87	0
5369	88	0
5370	87	0
5371	88	0
5372	87	0
5373	86	0
5374	87	0
5375	87	0
5376	87	0
5377	88	0
5378	87	0
5379	87	0
5380	86	0
5381	87	0
5382	87	0
5383	88	0
5384	87	0
5385	88	0
5386	86	0
5387	86	0
5388	86	0
5389	88	0
5390	88	0
5391	87	0
5392	86	0
5393	87	0
5394	87	0
5395	86	0
5396	87	0
5397	87	0
5398	86	0
5399	87	0
5400	87	0
5401	87	0
5402	86	0
5403	88	0
5404	87	0
5405	86	0
5406	87	0
5407	87	0
5408	88	0
5409	88	0
5410	87	0
5411	86	0
5412	87	0
5413	88	0
5414	86	0
5415	88	0
5416	86	0
5417	86	0
5418	87	0
5419	88	0
5420	88	0
5421	88	0
5422	86	0
5423	87	0
5424	88	0
5425	87	0
5426	86	0
5427	86	0
5428	86	0
5429	87	0
5430	88	0
5431	88	0
5432	87	0
5433	86	0
5434	86	0
5435	89	0
5436	86	0
5437	88	0
5438	87	0
5439	86	0
5440	87	0
5441	87	0
5442	87	0
5443	88	0
5444	87	0
5445	86	0
5446	86	0
5447	86	0
5448	87	0
5449	89	0
5450	87	0
5451	87	0
5452	86	0
5453	87	0
5454	88	0
5455	88	0
5456	87	0
5457	87	0
5458	87	0
5459	89	0
5460	86	0
5461	88	0
5462	86	0
5463	87	0
5464	87	0
5465	88	0
5466	88	0
5467	88	0
5468	87	0
5469	87	0
5470	88	0
5471	86	0
5472	86	0
5473	87	0
5474	86	0
5475	88	0
5476	89	0
5477	86	0
5478	87	0
5479	87	0
5480	88	0
5481	87	0
5482	89	0
5483	87	0
5484	87	0
5485	86	0
5486	87	0
5487	87	0
5488	88	0
5489	87	0
5490	87	0
5491	87	0
5492	86	0
5493	88	0
5494	88	0
5495	86	0
5496	87	0
5497	86	0
5498	87	0
5499	87	0
5500	87	0
5501	87	0
5502	87	0
5503	87	0
5504	87	0
5505	88	0
5506	86	0
5507	87	0
5508	87	0
5509	87	0
5510	87	0
5511	89	0
5512	87	0
5513	86	0
5514	86	0
5515	86	0
5516	87	0
5517	88	0
5518	87	0
5519	87	0
5520	86	0
5521	86	0
5522	88	0
5523	89	0
5524	87	0
5525	88	0
5526	87	0
5527	87	0
5528	86	0
5529	87	0
5530	88	0
5531	89	0
5532	87	0
5533	87	0
5534	88	0
5535	89	0
5536	87	0
5537	88	0
5538	86	0
5539	88	0
5540	86	0
5541	86	0
5542	88	0
5543	88	0
5544	87	0
5545	88	0
5546	87	0
5547	87	0
5548	86	0
5549	87	0
5550	88	0
5551	88	0
5552	87	0
5553	86	0
5554	88	0
5555	89	0
5556	86	0
5557	87	0
5558	87	0
5559	87	0
5560	87	0
5561	88	0
5562	88	0
5563	88	0
5564	86	0
5565	86	0
5566	89	0
5567	88	0
5568	87	0
5569	87	0
5570	86	0
5571	88	0
5572	86	0
5573	88	0
5574	86	0
5575	87	0
5576	87	0
5577	87	0
5578	88	0
5579	88	0
5580	87	0
5581	87	0
5582	87	0
5583	89	0
5584	86	0
5585	88	0
5586	86	0
5587	86	0
5588	87	0
5589	88	0
5590	87	0
5591	88	0
5592	86	0
5593	86	0
5594	86	0
5595	87	0
5596	88	0
5597	88	0
5598	86	0
5599	86	0
5600	87	0
5601	88	0
5602	86	0
5603	88	0
5604	86	0
5605	86	0
5606	87	0
5607	87	0
5608	87	0
5609	88	0
5610	87	0
5611	86	0
5612	87	0
5613	86	0
5614	87	0
5615	88	0
5616	87	0
5617	87	0
5618	87	0
5619	87	0
5620	88	0
5621	88	0
5622	88	0
5623	86	0
5624	87	0
5625	88	0
5626	87	0
5627	86	0
5628	87	0
5629	87	0
5630	87	0
5631	88	0
5632	87	0
5633	87	0
5634	86	0
5635	86	0
5636	87	0
5637	89	0
5638	87	0
5639	87	0
5640	86	0
5641	86	0
5642	88	0
5643	88	0
5644	86	0
5645	87	0
5646	87	0
5647	89	0
5648	86	0
5649	87	0
5650	86	0
5651	87	0
5652	86	0
5653	87	0
5654	87	0
5655	87	0
5656	87	0
5657	87	0
5658	87	0
5659	87	0
5660	88	0
5661	87	0
5662	87	0
5663	86	0
5664	87	0
5665	87	0
5666	88	0
5667	87	0
5668	87	0
5669	87	0
5670	86	0
5671	87	0
5672	89	0
5673	87	0
5674	87	0
5675	86	0
5676	87	0
5677	87	0
5678	87	0
5679	88	0
5680	87	0
5681	87	0
5682	86	0
5683	86	0
5684	88	0
5685	87	0
5686	87	0
5687	87	0
5688	86	0
5689	87	0
5690	88	0
5691	87	0
5692	87	0
5693	86	0
5694	87	0
5695	88	0
5696	88	0
5697	87	0
5698	86	0
5699	87	0
5700	89	0
5701	86	0
5702	89	0
5703	88	0
5704	88	0
5705	87	0
5706	88	0
5707	88	0
5708	89	0
5709	86	0
5710	88	0
5711	88	0
5712	86	0
5713	88	0
5714	131	0
5715	190	0
5716	194	0
5717	195	0
5718	197	0
5719	198	0
5720	198	0
5721	197	0
5722	196	0
5723	192	0
5724	189	0
5725	118	0
5726	82	0
5727	82	0
5728	85	0
5729	88	0
5730	90	0
5731	89	0
5732	89	0
5733	90	0
5734	116	0
5735	188	0
5736	193	0
5737	193	0
5738	195	0
5739	196	0
5740	197	0
5741	198	0
5742	195	0
5743	193	0
5744	193	0
5745	130	0
5746	91	0
5747	90	0
5748	91	0
5749	91	0
5750	90	0
5751	90	0
5752	89	0
5753	88	0
5754	127	0
5755	190	0
5756	194	0
5757	195	0
5758	197	0
5759	198	0
5760	198	0
5761	199	0
5762	197	0
5763	195	0
5764	193	0
5765	118	0
5766	82	0
5767	83	0
5768	86	0
5769	87	0
5770	90	0
5771	89	0
5772	89	0
5773	89	0
5774	150	0
5775	194	0
5776	197	0
5777	197	0
5778	199	0
5779	200	0
5780	200	0
5781	201	0
5782	198	0
5783	194	0
5784	189	0
5785	117	0
5786	83	0
5787	82	0
5788	83	0
5789	86	0
5790	86	0
5791	89	0
5792	89	0
5793	89	0
5794	88	0
5795	87	0
5796	89	0
5797	87	0
5798	87	0
5799	86	0
5800	87	0
5801	88	0
5802	88	0
5803	86	0
5804	86	0
5805	87	0
5806	88	0
5807	86	0
5808	88	0
5809	86	0
5810	86	0
5811	87	0
5812	87	0
5813	87	0
5814	88	0
5815	87	0
5816	87	0
5817	86	0
5818	86	0
5819	88	0
5820	88	0
5821	86	0
5822	87	0
5823	87	0
5824	88	0
5825	86	0
5826	87	0
5827	86	0
5828	86	0
5829	87	0
5830	87	0
5831	87	0
5832	87	0
5833	86	0
5834	87	0
5835	87	0
5836	87	0
5837	87	0
5838	87	0
5839	87	0
5840	87	0
5841	87	0
5842	88	0
5843	87	0
5844	87	0
5845	86	0
5846	86	0
5847	87	0
5848	87	0
5849	87	0
5850	88	0
5851	87	0
5852	86	0
5853	86	0
5854	86	0
5855	87	0
5856	88	0
5857	87	0
5858	86	0
5859	86	0
5860	86	0
5861	88	0
5862	87	0
5863	87	0
5864	87	0
5865	86	0
5866	87	0
5867	88	0
5868	86	0
5869	86	0
5870	86	0
5871	86	0
5872	87	0
5873	88	0
5874	87	0
5875	86	0
5876	87	0
5877	86	0
5878	87	0
5879	88	0
5880	88	0
5881	87	0
5882	87	0
5883	87	0
5884	87	0
5885	87	0
5886	88	0
5887	87	0
5888	87	0
5889	87	0
5890	87	0
5891	87	0
5892	88	0
5893	87	0
5894	86	0
5895	87	0
5896	86	0
5897	87	0
5898	88	0
5899	87	0
5900	87	0
5901	87	0
5902	87	0
5903	87	0
5904	88	0
5905	87	0
5906	87	0
5907	87	0
5908	86	0
5909	87	0
5910	88	0
5911	87	0
5912	86	0
5913	86	0
5914	86	0
5915	87	0
5916	88	0
5917	88	0
5918	87	0
5919	86	0
5920	86	0
5921	88	0
5922	86	0
5923	87	0
5924	87	0
5925	86	0
5926	86	0
5927	87	0
5928	87	0
5929	88	0
5930	87	0
5931	87	0
5932	86	0
5933	87	0
5934	87	0
5935	87	0
5936	86	0
5937	86	0
5938	87	0
5939	87	0
5940	87	0
5941	88	0
5942	86	0
5943	87	0
5944	86	0
5945	86	0
5946	88	0
5947	88	0
5948	87	0
5949	87	0
5950	86	0
5951	87	0
5952	86	0
5953	87	0
5954	86	0
5955	87	0
5956	87	0
5957	87	0
5958	88	0
5959	87	0
5960	87	0
5961	87	0
5962	87	0
5963	88	0
5964	88	0
5965	86	0
5966	86	0
5967	87	0
5968	88	0
5969	86	0
5970	88	0
5971	86	0
5972	86	0
5973	87	0
5974	87	0
5975	88	0
5976	88	0
5977	87	0
5978	86	0
5979	86	0
5980	88	0
5981	86	0
5982	88	0
5983	87	0
5984	87	0
5985	87	0
5986	86	0
5987	87	0
5988	87	0
5989	87	0
5990	87	0
5991	88	0
5992	88	0
5993	87	0
5994	86	0
5995	86	0
5996	88	0
5997	86	0
5998	88	0
5999	87	0
6000	86	0
6001	86	0
6002	87	0
6003	86	0
6004	88	0
6005	87	0
6006	86	0
6007	87	0
6008	86	0
6009	87	0
6010	88	0
6011	86	0
6012	87	0
6013	86	0
6014	86	0
6015	88	0
6016	87	0
6017	87	0
6018	87	0
6019	86	0
6020	87	0
6021	89	0
6022	87	0
6023	86	0
6024	87	0
6025	86	0
6026	87	0
6027	88	0
6028	87	0
6029	87	0
6030	86	0
6031	86	0
6032	87	0
6033	87	0
6034	86	0
6035	87	0
6036	86	0
6037	87	0
6038	87	0
6039	87	0
6040	87	0
6041	86	0
6042	87	0
6043	87	0
6044	87	0
6045	87	0
6046	88	0
6047	87	0
6048	87	0
6049	86	0
6050	86	0
6051	88	0
6052	88	0
6053	88	0
6054	87	0
6055	86	0
6056	87	0
6057	87	0
6058	86	0
6059	88	0
6060	87	0
6061	87	0
6062	87	0
6063	86	0
6064	87	0
6065	89	0
6066	87	0
6067	87	0
6068	88	0
6069	87	0
6070	87	0
6071	88	0
6072	86	0
6073	87	0
6074	88	0
6075	86	0
6076	87	0
6077	87	0
6078	86	0
6079	87	0
6080	88	0
6081	86	0
6082	87	0
6083	87	0
6084	86	0
6085	88	0
6086	87	0
6087	88	0
6088	86	0
6089	86	0
6090	86	0
6091	88	0
6092	88	0
6093	88	0
6094	87	0
6095	87	0
6096	89	0
6097	86	0
6098	86	0
6099	88	0
6100	86	0
6101	88	0
6102	89	0
6103	87	0
6104	87	0
6105	88	0
6106	87	0
6107	88	0
6108	88	0
6109	86	0
6110	87	0
6111	87	0
6112	88	0
6113	86	0
6114	88	0
6115	86	0
6116	87	0
6117	88	0
6118	87	0
6119	87	0
6120	87	0
6121	87	0
6122	87	0
6123	89	0
6124	87	0
6125	87	0
6126	87	0
6127	86	0
6128	88	0
6129	88	0
6130	87	0
6131	86	0
6132	87	0
6133	87	0
6134	86	0
6135	88	0
6136	88	0
6137	87	0
6138	87	0
6139	87	0
6140	88	0
6141	86	0
6142	88	0
6143	86	0
6144	86	0
6145	86	0
6146	88	0
6147	87	0
6148	89	0
6149	87	0
6150	87	0
6151	86	0
6152	88	0
6153	87	0
6154	88	0
6155	87	0
6156	86	0
6157	86	0
6158	87	0
6159	87	0
6160	88	0
6161	88	0
6162	88	0
6163	87	0
6164	86	0
6165	88	0
6166	86	0
6167	86	0
6168	87	0
6169	87	0
6170	88	0
6171	88	0
6172	87	0
6173	86	0
6174	87	0
6175	89	0
6176	87	0
6177	87	0
6178	86	0
6179	87	0
6180	87	0
6181	89	0
6182	87	0
6183	87	0
6184	87	0
6185	86	0
6186	88	0
6187	88	0
6188	87	0
6189	87	0
6190	88	0
6191	89	0
6192	86	0
6193	87	0
6194	87	0
6195	87	0
6196	86	0
6197	88	0
6198	87	0
6199	87	0
6200	87	0
6201	87	0
6202	87	0
6203	88	0
6204	87	0
6205	87	0
6206	86	0
6207	86	0
6208	88	0
6209	88	0
6210	87	0
6211	87	0
6212	87	0
6213	88	0
6214	86	0
6215	88	0
6216	87	0
6217	86	0
6218	88	0
6219	87	0
6220	86	0
6221	88	0
6222	87	0
6223	86	0
6224	88	0
6225	87	0
6226	86	0
6227	87	0
6228	87	0
6229	87	0
6230	89	0
6231	87	0
6232	88	0
6233	88	0
6234	86	0
6235	87	0
6236	88	0
6237	89	0
6238	86	0
6239	87	0
6240	87	0
6241	87	0
6242	88	0
6243	87	0
6244	88	0
6245	87	0
6246	87	0
6247	87	0
6248	87	0
6249	88	0
6250	89	0
6251	87	0
6252	86	0
6253	87	0
6254	88	0
6255	87	0
6256	88	0
6257	86	0
6258	86	0
6259	87	0
6260	88	0
6261	88	0
6262	89	0
6263	86	0
6264	87	0
6265	88	0
6266	87	0
6267	86	0
6268	87	0
6269	87	0
6270	87	0
6271	88	0
6272	87	0
6273	87	0
6274	86	0
6275	86	0
6276	88	0
6277	89	0
6278	87	0
6279	87	0
6280	86	0
6281	87	0
6282	87	0
6283	87	0
6284	86	0
6285	88	0
6286	87	0
6287	88	0
6288	86	0
6289	87	0
6290	87	0
6291	87	0
6292	87	0
6293	88	0
6294	87	0
6295	87	0
6296	86	0
6297	86	0
6298	87	0
6299	88	0
6300	88	0
6301	88	0
6302	87	0
6303	87	0
6304	88	0
6305	86	0
6306	86	0
6307	87	0
6308	87	0
6309	88	0
6310	89	0
6311	87	0
6312	86	0
6313	86	0
6314	87	0
6315	87	0
6316	88	0
6317	87	0
6318	87	0
6319	86	0
6320	87	0
6321	87	0
6322	87	0
6323	88	0
6324	88	0
6325	87	0
6326	86	0
6327	86	0
6328	88	0
6329	86	0
6330	87	0
6331	87	0
6332	87	0
6333	87	0
6334	88	0
6335	87	0
6336	86	0
6337	86	0
6338	86	0
6339	88	0
6340	88	0
6341	88	0
6342	87	0
6343	86	0
6344	88	0
6345	86	0
6346	86	0
6347	88	0
6348	86	0
6349	88	0
6350	88	0
6351	86	0
6352	87	0
6353	89	0
6354	88	0
6355	86	0
6356	87	0
6357	87	0
6358	88	0
6359	86	0
6360	88	0
6361	86	0
6362	86	0
6363	87	0
6364	87	0
6365	87	0
6366	88	0
6367	87	0
6368	88	0
6369	86	0
6370	86	0
6371	87	0
6372	88	0
6373	88	0
6374	89	0
6375	86	0
6376	87	0
6377	88	0
6378	87	0
6379	86	0
6380	87	0
6381	87	0
6382	87	0
6383	88	0
6384	87	0
6385	87	0
6386	86	0
6387	87	0
6388	87	0
6389	87	0
6390	88	0
6391	87	0
6392	88	0
6393	86	0
6394	86	0
6395	87	0
6396	88	0
6397	88	0
6398	88	0
6399	86	0
6400	87	0
6401	88	0
6402	87	0
6403	86	0
6404	86	0
6405	86	0
6406	88	0
6407	88	0
6408	88	0
6409	87	0
6410	86	0
6411	88	0
6412	87	0
6413	86	0
6414	87	0
6415	87	0
6416	87	0
6417	88	0
6418	87	0
6419	87	0
6420	87	0
6421	86	0
6422	88	0
6423	89	0
6424	87	0
6425	87	0
6426	86	0
6427	87	0
6428	86	0
6429	88	0
6430	87	0
6431	87	0
6432	86	0
6433	86	0
6434	87	0
6435	88	0
6436	86	0
6437	87	0
6438	86	0
6439	87	0
6440	87	0
6441	88	0
6442	88	0
6443	87	0
6444	87	0
6445	87	0
6446	88	0
6447	86	0
6448	87	0
6449	87	0
6450	86	0
6451	87	0
6452	87	0
6453	88	0
6454	87	0
6455	87	0
6456	87	0
6457	86	0
6458	88	0
6459	88	0
6460	86	0
6461	86	0
6462	87	0
6463	88	0
6464	87	0
6465	88	0
6466	86	0
6467	87	0
6468	87	0
6469	87	0
6470	87	0
6471	88	0
6472	87	0
6473	87	0
6474	86	0
6475	86	0
6476	87	0
6477	88	0
6478	88	0
6479	89	0
6480	87	0
6481	87	0
6482	88	0
6483	86	0
6484	86	0
6485	87	0
6486	86	0
6487	88	0
6488	88	0
6489	87	0
6490	87	0
6491	87	0
6492	88	0
6493	86	0
6494	88	0
6495	86	0
6496	86	0
6497	87	0
6498	88	0
6499	87	0
6500	87	0
6501	87	0
6502	87	0
6503	88	0
6504	88	0
6505	86	0
6506	86	0
6507	86	0
6508	88	0
6509	86	0
6510	87	0
6511	86	0
6512	87	0
6513	87	0
6514	87	0
6515	87	0
6516	87	0
6517	87	0
6518	87	0
6519	87	0
6520	87	0
6521	87	0
6522	87	0
6523	87	0
6524	88	0
6525	87	0
6526	87	0
6527	86	0
6528	86	0
6529	87	0
6530	89	0
6531	87	0
6532	88	0
6533	86	0
6534	86	0
6535	86	0
6536	88	0
6537	88	0
6538	87	0
6539	87	0
6540	86	0
6541	88	0
6542	86	0
6543	88	0
6544	86	0
6545	86	0
6546	88	0
6547	87	0
6548	87	0
6549	88	0
6550	86	0
6551	86	0
6552	87	0
6553	86	0
6554	87	0
6555	88	0
6556	86	0
6557	88	0
6558	86	0
6559	87	0
6560	87	0
6561	87	0
6562	87	0
6563	87	0
6564	87	0
6565	87	0
6566	87	0
6567	88	0
6568	87	0
6569	87	0
6570	86	0
6571	87	0
6572	88	0
6573	88	0
6574	87	0
6575	86	0
6576	87	0
6577	87	0
6578	86	0
6579	88	0
6580	87	0
6581	87	0
6582	86	0
6583	87	0
6584	87	0
6585	87	0
6586	87	0
6587	88	0
6588	87	0
6589	87	0
6590	87	0
6591	87	0
6592	87	0
6593	89	0
6594	87	0
6595	87	0
6596	86	0
6597	87	0
6598	87	0
6599	88	0
6600	86	0
6601	87	0
6602	87	0
6603	86	0
6604	88	0
6605	87	0
6606	86	0
6607	87	0
6608	86	0
6609	86	0
6610	88	0
6611	87	0
6612	87	0
6613	86	0
6614	87	0
6615	87	0
6616	87	0
6617	87	0
6618	87	0
6619	87	0
6620	88	0
6621	87	0
6622	87	0
6623	86	0
6624	86	0
6625	87	0
6626	88	0
6627	87	0
6628	87	0
6629	86	0
6630	87	0
6631	87	0
6632	88	0
6633	87	0
6634	86	0
6635	87	0
6636	86	0
6637	88	0
6638	88	0
6639	87	0
6640	86	0
6641	87	0
6642	87	0
6643	86	0
6644	88	0
6645	87	0
6646	87	0
6647	87	0
6648	87	0
6649	87	0
6650	88	0
6651	88	0
6652	89	0
6653	87	0
6654	87	0
6655	88	0
6656	87	0
6657	87	0
6658	86	0
6659	86	0
6660	87	0
6661	88	0
6662	89	0
6663	126	0
6664	190	0
6665	194	0
6666	195	0
6667	196	0
6668	197	0
6669	197	0
6670	198	0
6671	196	0
6672	193	0
6673	189	0
6674	118	0
6675	82	0
6676	83	0
6677	86	0
6678	89	0
6679	90	0
6680	89	0
6681	89	0
6682	89	0
6683	112	0
6684	188	0
6685	193	0
6686	192	0
6687	194	0
6688	197	0
6689	197	0
6690	197	0
6691	196	0
6692	193	0
6693	193	0
6694	132	0
6695	93	0
6696	91	0
6697	93	0
6698	91	0
6699	90	0
6700	89	0
6701	87	0
6702	89	0
6703	124	0
6704	190	0
6705	194	0
6706	195	0
6707	197	0
6708	198	0
6709	198	0
6710	198	0
6711	197	0
6712	195	0
6713	192	0
6714	121	0
6715	82	0
6716	83	0
6717	86	0
6718	89	0
6719	90	0
6720	89	0
6721	89	0
6722	89	0
6723	146	0
6724	193	0
6725	196	0
6726	197	0
6727	198	0
6728	200	0
6729	201	0
6730	200	0
6731	198	0
6732	195	0
6733	190	0
6734	117	0
6735	82	0
6736	82	0
6737	83	0
6738	86	0
6739	88	0
6740	89	0
6741	88	0
6742	88	0
6743	88	0
6744	89	0
6745	88	0
6746	88	0
6747	87	0
6748	86	0
6749	87	0
6750	88	0
6751	86	0
6752	89	0
6753	87	0
6754	86	0
6755	87	0
6756	87	0
6757	87	0
6758	87	0
6759	87	0
6760	88	0
6761	87	0
6762	87	0
6763	86	0
6764	86	0
6765	87	0
6766	87	0
6767	87	0
6768	88	0
6769	86	0
6770	87	0
6771	86	0
6772	86	0
6773	87	0
6774	87	0
6775	87	0
6776	86	0
6777	87	0
6778	87	0
6779	86	0
6780	86	0
6781	87	0
6782	87	0
6783	87	0
6784	87	0
6785	86	0
6786	87	0
6787	87	0
6788	86	0
6789	87	0
6790	88	0
6791	88	0
6792	86	0
6793	86	0
6794	86	0
6795	88	0
6796	87	0
6797	88	0
6798	86	0
6799	86	0
6800	87	0
6801	87	0
6802	87	0
6803	88	0
6804	86	0
6805	87	0
6806	86	0
6807	86	0
6808	88	0
6809	87	0
6810	87	0
6811	87	0
6812	86	0
6813	87	0
6814	88	0
6815	87	0
6816	87	0
6817	86	0
6818	86	0
6819	87	0
6820	88	0
6821	87	0
6822	87	0
6823	86	0
6824	87	0
6825	87	0
6826	88	0
6827	87	0
6828	88	0
6829	87	0
6830	86	0
6831	87	0
6832	88	0
6833	87	0
6834	87	0
6835	86	0
6836	86	0
6837	87	0
6838	88	0
6839	87	0
6840	88	0
6841	86	0
6842	86	0
6843	86	0
6844	88	0
6845	88	0
6846	87	0
6847	86	0
6848	86	0
6849	88	0
6850	86	0
6851	88	0
6852	87	0
6853	86	0
6854	87	0
6855	88	0
6856	87	0
6857	88	0
6858	88	0
6859	87	0
6860	86	0
6861	88	0
6862	89	0
6863	86	0
6864	88	0
6865	87	0
6866	88	0
6867	87	0
6868	87	0
6869	86	0
6870	88	0
6871	87	0
6872	88	0
6873	86	0
6874	86	0
6875	86	0
6876	88	0
6877	88	0
6878	88	0
6879	87	0
6880	87	0
6881	88	0
6882	87	0
6883	86	0
6884	87	0
6885	86	0
6886	86	0
6887	88	0
6888	87	0
6889	88	0
6890	87	0
6891	87	0
6892	86	0
6893	87	0
6894	87	0
6895	87	0
6896	86	0
6897	87	0
6898	86	0
6899	87	0
6900	87	0
6901	87	0
6902	87	0
6903	87	0
6904	86	0
6905	87	0
6906	86	0
6907	88	0
6908	87	0
6909	87	0
6910	87	0
6911	86	0
6912	87	0
6913	88	0
6914	87	0
6915	87	0
6916	87	0
6917	86	0
6918	88	0
6919	88	0
6920	87	0
6921	86	0
6922	86	0
6923	88	0
6924	86	0
6925	87	0
6926	88	0
6927	87	0
6928	87	0
6929	87	0
6930	86	0
6931	88	0
6932	88	0
6933	87	0
6934	86	0
6935	87	0
6936	87	0
6937	86	0
6938	87	0
6939	87	0
6940	87	0
6941	87	0
6942	87	0
6943	88	0
6944	87	0
6945	86	0
6946	86	0
6947	86	0
6948	87	0
6949	88	0
6950	88	0
6951	87	0
6952	86	0
6953	88	0
6954	88	0
6955	87	0
6956	88	0
6957	88	0
6958	88	0
6959	86	0
6960	88	0
6961	88	0
6962	87	0
6963	87	0
6964	87	0
6965	88	0
6966	86	0
6967	88	0
6968	87	0
6969	87	0
6970	88	0
6971	88	0
6972	87	0
6973	88	0
6974	86	0
6975	87	0
6976	86	0
6977	87	0
6978	88	0
6979	87	0
6980	87	0
6981	86	0
6982	86	0
6983	88	0
6984	88	0
6985	87	0
6986	88	0
6987	87	0
6988	89	0
6989	86	0
6990	88	0
6991	86	0
6992	87	0
6993	87	0
6994	87	0
6995	87	0
6996	88	0
6997	87	0
6998	87	0
6999	87	0
7000	86	0
7001	87	0
7002	88	0
7003	87	0
7004	87	0
7005	86	0
7006	86	0
7007	87	0
7008	88	0
7009	87	0
7010	87	0
7011	86	0
7012	87	0
7013	88	0
7014	87	0
7015	87	0
7016	87	0
7017	87	0
7018	87	0
7019	88	0
7020	87	0
7021	86	0
7022	86	0
7023	86	0
7024	87	0
7025	88	0
7026	87	0
7027	87	0
7028	86	0
7029	87	0
7030	87	0
7031	87	0
7032	86	0
7033	88	0
7034	87	0
7035	86	0
7036	86	0
7037	86	0
7038	87	0
7039	88	0
7040	88	0
7041	87	0
7042	86	0
7043	86	0
7044	88	0
7045	86	0
7046	88	0
7047	87	0
7048	87	0
7049	87	0
7050	87	0
7051	88	0
7052	88	0
7053	87	0
7054	86	0
7055	87	0
7056	88	0
7057	87	0
7058	87	0
7059	87	0
7060	87	0
7061	87	0
7062	88	0
7063	87	0
7064	87	0
7065	86	0
7066	86	0
7067	86	0
7068	88	0
7069	87	0
7070	88	0
7071	87	0
7072	86	0
7073	87	0
7074	87	0
7075	87	0
7076	88	0
7077	87	0
7078	87	0
7079	88	0
7080	86	0
7081	87	0
7082	87	0
7083	87	0
7084	87	0
7085	87	0
7086	88	0
7087	87	0
7088	86	0
7089	87	0
7090	86	0
7091	87	0
7092	88	0
7093	88	0
7094	87	0
7095	87	0
7096	86	0
7097	87	0
7098	86	0
7099	87	0
7100	87	0
7101	87	0
7102	88	0
7103	88	0
7104	88	0
7105	86	0
7106	86	0
7107	87	0
7108	87	0
7109	86	0
7110	87	0
7111	87	0
7112	87	0
7113	86	0
7114	87	0
7115	87	0
7116	86	0
7117	87	0
7118	87	0
7119	88	0
7120	87	0
7121	86	0
7122	87	0
7123	86	0
7124	88	0
7125	88	0
7126	87	0
7127	87	0
7128	87	0
7129	88	0
7130	86	0
7131	87	0
7132	86	0
7133	86	0
7134	87	0
7135	88	0
7136	87	0
7137	87	0
7138	86	0
7139	86	0
7140	87	0
7141	88	0
7142	87	0
7143	87	0
7144	86	0
7145	86	0
7146	88	0
7147	88	0
7148	86	0
7149	86	0
7150	87	0
7151	87	0
7152	86	0
7153	89	0
7154	86	0
7155	87	0
7156	87	0
7157	86	0
7158	88	0
7159	88	0
7160	87	0
7161	87	0
7162	87	0
7163	89	0
7164	86	0
7165	88	0
7166	87	0
7167	86	0
7168	87	0
7169	88	0
7170	87	0
7171	88	0
7172	86	0
7173	87	0
7174	87	0
7175	88	0
7176	87	0
7177	87	0
7178	87	0
7179	87	0
7180	88	0
7181	88	0
7182	87	0
7183	86	0
7184	86	0
7185	88	0
7186	86	0
7187	87	0
7188	86	0
7189	86	0
7190	87	0
7191	88	0
7192	88	0
7193	88	0
7194	87	0
7195	87	0
7196	89	0
7197	87	0
7198	86	0
7199	88	0
7200	87	0
7201	88	0
7202	87	0
7203	86	0
7204	87	0
7205	88	0
7206	88	0
7207	88	0
7208	86	0
7209	87	0
7210	88	0
7211	87	0
7212	86	0
7213	87	0
7214	86	0
7215	87	0
7216	89	0
7217	87	0
7218	86	0
7219	86	0
7220	86	0
7221	87	0
7222	88	0
7223	88	0
7224	87	0
7225	86	0
7226	86	0
7227	89	0
7228	86	0
7229	87	0
7230	87	0
7231	86	0
7232	88	0
7233	88	0
7234	87	0
7235	86	0
7236	87	0
7237	88	0
7238	86	0
7239	87	0
7240	87	0
7241	87	0
7242	87	0
7243	88	0
7244	87	0
7245	87	0
7246	86	0
7247	87	0
7248	87	0
7249	89	0
7250	87	0
7251	87	0
7252	88	0
7253	87	0
7254	88	0
7255	88	0
7256	87	0
7257	87	0
7258	87	0
7259	87	0
7260	86	0
7261	87	0
7262	87	0
7263	86	0
7264	86	0
7265	87	0
7266	86	0
7267	87	0
7268	88	0
7269	87	0
7270	88	0
7271	86	0
7272	86	0
7273	86	0
7274	87	0
7275	88	0
7276	87	0
7277	87	0
7278	87	0
7279	87	0
7280	88	0
7281	88	0
7282	87	0
7283	86	0
7284	87	0
7285	89	0
7286	86	0
7287	88	0
7288	87	0
7289	87	0
7290	86	0
7291	89	0
7292	87	0
7293	88	0
7294	86	0
7295	87	0
7296	88	0
7297	87	0
7298	88	0
7299	87	0
7300	87	0
7301	87	0
7302	87	0
7303	88	0
7304	89	0
7305	87	0
7306	86	0
7307	86	0
7308	88	0
7309	86	0
7310	88	0
7311	87	0
7312	86	0
7313	88	0
7314	87	0
7315	87	0
7316	87	0
7317	87	0
7318	87	0
7319	88	0
7320	87	0
7321	86	0
7322	86	0
7323	86	0
7324	87	0
7325	87	0
7326	86	0
7327	87	0
7328	86	0
7329	87	0
7330	87	0
7331	86	0
7332	87	0
7333	87	0
7334	87	0
7335	87	0
7336	87	0
7337	87	0
7338	87	0
7339	87	0
7340	87	0
7341	87	0
7342	87	0
7343	86	0
7344	87	0
7345	87	0
7346	87	0
7347	87	0
7348	87	0
7349	87	0
7350	88	0
7351	87	0
7352	87	0
7353	86	0
7354	86	0
7355	87	0
7356	88	0
7357	87	0
7358	87	0
7359	86	0
7360	87	0
7361	86	0
7362	87	0
7363	87	0
7364	87	0
7365	87	0
7366	88	0
7367	87	0
7368	88	0
7369	87	0
7370	86	0
7371	87	0
7372	88	0
7373	87	0
7374	88	0
7375	86	0
7376	86	0
7377	87	0
7378	88	0
7379	87	0
7380	88	0
7381	86	0
7382	86	0
7383	86	0
7384	88	0
7385	88	0
7386	87	0
7387	86	0
7388	86	0
7389	88	0
7390	86	0
7391	87	0
7392	88	0
7393	87	0
7394	88	0
7395	87	0
7396	87	0
7397	87	0
7398	88	0
7399	88	0
7400	88	0
7401	86	0
7402	86	0
7403	88	0
7404	87	0
7405	86	0
7406	87	0
7407	86	0
7408	86	0
7409	87	0
7410	87	0
7411	87	0
7412	87	0
7413	87	0
7414	88	0
7415	87	0
7416	87	0
7417	86	0
7418	86	0
7419	86	0
7420	88	0
7421	87	0
7422	88	0
7423	87	0
7424	87	0
7425	86	0
7426	88	0
7427	88	0
7428	88	0
7429	87	0
7430	87	0
7431	88	0
7432	86	0
7433	86	0
7434	87	0
7435	87	0
7436	88	0
7437	88	0
7438	87	0
7439	86	0
7440	87	0
7441	88	0
7442	86	0
7443	88	0
7444	86	0
7445	87	0
7446	87	0
7447	87	0
7448	88	0
7449	88	0
7450	87	0
7451	86	0
7452	87	0
7453	88	0
7454	86	0
7455	87	0
7456	86	0
7457	87	0
7458	88	0
7459	88	0
7460	87	0
7461	86	0
7462	87	0
7463	88	0
7464	86	0
7465	88	0
7466	86	0
7467	86	0
7468	87	0
7469	87	0
7470	87	0
7471	88	0
7472	86	0
7473	87	0
7474	86	0
7475	86	0
7476	87	0
7477	87	0
7478	87	0
7479	87	0
7480	87	0
7481	88	0
7482	87	0
7483	87	0
7484	87	0
7485	86	0
7486	88	0
7487	88	0
7488	87	0
7489	87	0
7490	87	0
7491	88	0
7492	86	0
7493	88	0
7494	86	0
7495	86	0
7496	87	0
7497	88	0
7498	88	0
7499	88	0
7500	86	0
7501	87	0
7502	88	0
7503	87	0
7504	86	0
7505	86	0
7506	86	0
7507	86	0
7508	87	0
7509	87	0
7510	86	0
7511	87	0
7512	87	0
7513	87	0
7514	87	0
7515	87	0
7516	87	0
7517	87	0
7518	87	0
7519	87	0
7520	87	0
7521	87	0
7522	87	0
7523	86	0
7524	87	0
7525	87	0
7526	87	0
7527	87	0
7528	88	0
7529	87	0
7530	87	0
7531	87	0
7532	87	0
7533	87	0
7534	88	0
7535	87	0
7536	86	0
7537	86	0
7538	87	0
7539	88	0
7540	89	0
7541	88	0
7542	86	0
7543	86	0
7544	87	0
7545	87	0
7546	86	0
7547	88	0
7548	86	0
7549	88	0
7550	87	0
7551	87	0
7552	88	0
7553	87	0
7554	86	0
7555	88	0
7556	86	0
7557	86	0
7558	88	0
7559	86	0
7560	87	0
7561	87	0
7562	86	0
7563	87	0
7564	88	0
7565	87	0
7566	86	0
7567	86	0
7568	86	0
7569	87	0
7570	88	0
7571	87	0
7572	86	0
7573	86	0
7574	87	0
7575	88	0
7576	88	0
7577	87	0
7578	86	0
7579	87	0
7580	88	0
7581	86	0
7582	87	0
7583	86	0
7584	86	0
7585	88	0
7586	88	0
7587	88	0
7588	87	0
7589	87	0
7590	88	0
7591	87	0
7592	86	0
7593	88	0
7594	86	0
7595	87	0
7596	88	0
7597	87	0
7598	87	0
7599	86	0
7600	86	0
7601	86	0
7602	88	0
7603	88	0
7604	87	0
7605	87	0
7606	87	0
7607	88	0
7608	87	0
7609	87	0
7610	86	0
7611	86	0
7612	87	0
7613	89	0
7614	139	0
7615	190	0
7616	194	0
7617	195	0
7618	197	0
7619	197	0
7620	198	0
7621	198	0
7622	195	0
7623	192	0
7624	188	0
7625	117	0
7626	81	0
7627	82	0
7628	85	0
7629	87	0
7630	88	0
7631	88	0
7632	89	0
7633	89	0
7634	124	0
7635	188	0
7636	193	0
7637	193	0
7638	194	0
7639	196	0
7640	197	0
7641	197	0
7642	195	0
7643	193	0
7644	191	0
7645	125	0
7646	86	0
7647	87	0
7648	89	0
7649	91	0
7650	90	0
7651	90	0
7652	89	0
7653	89	0
7654	137	0
7655	190	0
7656	194	0
7657	195	0
7658	197	0
7659	198	0
7660	198	0
7661	199	0
7662	197	0
7663	194	0
7664	190	0
7665	117	0
7666	81	0
7667	82	0
7668	85	0
7669	86	0
7670	89	0
7671	89	0
7672	88	0
7673	89	0
7674	160	0
7675	195	0
7676	196	0
7677	198	0
7678	198	0
7679	200	0
7680	201	0
7681	201	0
7682	198	0
7683	194	0
7684	185	0
7685	116	0
7686	85	0
7687	83	0
7688	83	0
7689	85	0
7690	86	0
7691	87	0
7692	89	0
7693	87	0
7694	88	0
7695	87	0
7696	87	0
7697	87	0
7698	87	0
7699	87	0
7700	87	0
7701	87	0
7702	86	0
7703	88	0
7704	87	0
7705	87	0
7706	86	0
7707	87	0
7708	87	0
7709	88	0
7710	87	0
7711	87	0
7712	86	0
7713	86	0
7714	87	0
7715	88	0
7716	87	0
7717	87	0
7718	86	0
7719	87	0
7720	87	0
7721	87	0
7722	87	0
7723	87	0
7724	87	0
7725	87	0
7726	87	0
7727	87	0
7728	87	0
7729	87	0
7730	87	0
7731	86	0
7732	87	0
7733	86	0
7734	87	0
7735	87	0
7736	87	0
7737	87	0
7738	87	0
7739	88	0
7740	87	0
7741	86	0
7742	86	0
7743	86	0
7744	87	0
7745	88	0
7746	88	0
7747	87	0
7748	86	0
7749	87	0
7750	88	0
7751	86	0
7752	87	0
7753	86	0
7754	86	0
7755	88	0
7756	87	0
7757	87	0
7758	87	0
7759	87	0
7760	87	0
7761	88	0
7762	87	0
7763	86	0
7764	86	0
7765	86	0
7766	87	0
7767	88	0
7768	88	0
7769	87	0
7770	87	0
7771	87	0
7772	88	0
7773	86	0
7774	88	0
7775	86	0
7776	86	0
7777	86	0
7778	87	0
7779	87	0
7780	88	0
7781	87	0
7782	86	0
7783	88	0
7784	86	0
7785	87	0
7786	88	0
7787	87	0
7788	88	0
7789	87	0
7790	86	0
7791	86	0
7792	87	0
7793	87	0
7794	88	0
7795	88	0
7796	88	0
7797	87	0
7798	87	0
7799	89	0
7800	86	0
7801	86	0
7802	88	0
7803	87	0
7804	87	0
7805	87	0
7806	87	0
7807	88	0
7808	88	0
7809	87	0
7810	87	0
7811	86	0
7812	88	0
7813	86	0
7814	87	0
7815	86	0
7816	87	0
7817	86	0
7818	86	0
7819	86	0
7820	87	0
7821	87	0
7822	87	0
7823	86	0
7824	87	0
7825	89	0
7826	87	0
7827	86	0
7828	87	0
7829	87	0
7830	87	0
7831	88	0
7832	87	0
7833	88	0
7834	86	0
7835	86	0
7836	86	0
7837	87	0
7838	88	0
7839	88	0
7840	87	0
7841	86	0
7842	87	0
7843	88	0
7844	86	0
7845	88	0
7846	87	0
7847	87	0
7848	87	0
7849	88	0
7850	87	0
7851	87	0
7852	86	0
7853	86	0
7854	88	0
7855	88	0
7856	87	0
7857	87	0
7858	87	0
7859	87	0
7860	86	0
7861	88	0
7862	86	0
7863	86	0
7864	86	0
7865	87	0
7866	87	0
7867	88	0
7868	87	0
7869	86	0
7870	86	0
7871	86	0
7872	87	0
7873	88	0
7874	88	0
7875	87	0
7876	86	0
7877	87	0
7878	89	0
7879	86	0
7880	88	0
7881	86	0
7882	87	0
7883	87	0
7884	88	0
7885	88	0
7886	87	0
7887	86	0
7888	86	0
7889	88	0
7890	86	0
7891	88	0
7892	87	0
7893	87	0
7894	88	0
7895	87	0
7896	86	0
7897	88	0
7898	87	0
7899	88	0
7900	87	0
7901	86	0
7902	86	0
7903	88	0
7904	86	0
7905	88	0
7906	86	0
7907	86	0
7908	87	0
7909	87	0
7910	87	0
7911	88	0
7912	86	0
7913	86	0
7914	86	0
7915	87	0
7916	87	0
7917	89	0
7918	87	0
7919	87	0
7920	86	0
7921	86	0
7922	87	0
7923	88	0
7924	87	0
7925	86	0
7926	86	0
7927	87	0
7928	87	0
7929	88	0
7930	87	0
7931	86	0
7932	86	0
7933	86	0
7934	86	0
7935	88	0
7936	88	0
7937	86	0
7938	86	0
7939	86	0
7940	88	0
7941	87	0
7942	87	0
7943	87	0
7944	86	0
7945	87	0
7946	89	0
7947	87	0
7948	87	0
7949	87	0
7950	87	0
7951	88	0
7952	88	0
7953	87	0
7954	87	0
7955	87	0
7956	88	0
7957	86	0
7958	88	0
7959	87	0
7960	87	0
7961	87	0
7962	88	0
7963	86	0
7964	87	0
7965	86	0
7966	86	0
7967	89	0
7968	88	0
7969	87	0
7970	87	0
7971	86	0
7972	88	0
7973	87	0
7974	88	0
7975	87	0
7976	86	0
7977	86	0
7978	87	0
7979	87	0
7980	88	0
7981	87	0
7982	86	0
7983	86	0
7984	86	0
7985	87	0
7986	88	0
7987	87	0
7988	87	0
7989	86	0
7990	86	0
7991	87	0
7992	87	0
7993	87	0
7994	87	0
7995	87	0
7996	87	0
7997	87	0
7998	86	0
7999	87	0
