Oscilloscope data. 
Time step = 10,00 nS
Voltage step = 3,125 mV
Zero level = 80

N 	Smpl.	Trig

0	92	0
1	103	0
2	190	0
3	199	0
4	198	0
5	197	0
6	197	0
7	169	0
8	117	0
9	97	0
10	94	0
11	93	0
12	92	0
13	92	0
14	91	0
15	91	0
16	91	0
17	92	0
18	91	0
19	92	0
20	92	0
21	91	0
22	91	0
23	92	0
24	93	0
25	91	0
26	92	0
27	91	0
28	92	0
29	91	0
30	92	0
31	91	0
32	92	0
33	92	0
34	92	0
35	92	0
36	92	0
37	92	0
38	92	0
39	92	0
40	92	0
41	92	0
42	91	0
43	92	0
44	92	0
45	91	0
46	91	0
47	92	0
48	92	0
49	91	0
50	92	0
51	91	0
52	92	0
53	91	0
54	92	0
55	91	0
56	91	0
57	91	0
58	91	0
59	92	0
60	92	0
61	91	0
62	91	0
63	91	0
64	92	0
65	91	0
66	92	0
67	91	0
68	91	0
69	91	0
70	92	0
71	91	0
72	92	0
73	91	0
74	92	0
75	91	0
76	92	0
77	92	0
78	92	0
79	91	0
80	92	0
81	92	0
82	92	0
83	91	0
84	92	0
85	92	0
86	91	0
87	91	0
88	92	0
89	92	0
90	92	0
91	92	0
92	91	0
93	92	0
94	92	0
95	92	0
96	91	0
97	91	0
98	93	0
99	91	0
100	91	0
101	92	0
102	92	0
103	92	0
104	91	0
105	91	0
106	93	0
107	92	0
108	91	0
109	92	0
110	91	0
111	92	0
112	91	0
113	92	0
114	92	0
115	92	0
116	92	0
117	92	0
118	92	0
119	92	0
120	91	0
121	91	0
122	91	0
123	91	0
124	91	0
125	92	0
126	91	0
127	92	0
128	91	0
129	92	0
130	92	0
131	92	0
132	92	0
133	92	0
134	93	0
135	92	0
136	92	0
137	92	0
138	91	0
139	92	0
140	93	0
141	91	0
142	91	0
143	92	0
144	92	0
145	91	0
146	92	0
147	92	0
148	92	0
149	91	0
150	92	0
151	92	0
152	92	0
153	91	0
154	92	0
155	92	0
156	91	0
157	91	0
158	92	0
159	92	0
160	91	0
161	92	0
162	91	0
163	93	0
164	91	0
165	93	0
166	92	0
167	91	0
168	92	0
169	92	0
170	93	0
171	91	0
172	92	0
173	92	0
174	92	0
175	91	0
176	91	0
177	92	0
178	91	0
179	91	0
180	92	0
181	91	0
182	92	0
183	92	0
184	91	0
185	91	0
186	93	0
187	92	0
188	91	0
189	92	0
190	91	0
191	92	0
192	91	0
193	91	0
194	91	0
195	92	0
196	91	0
197	93	0
198	91	0
199	91	0
200	92	0
201	92	0
202	92	0
203	92	0
204	91	0
205	92	0
206	91	0
207	91	0
208	91	0
209	91	0
210	91	0
211	92	0
212	92	0
213	91	0
214	91	0
215	92	0
216	93	0
217	91	0
218	92	0
219	92	0
220	92	0
221	91	0
222	91	0
223	92	0
224	92	0
225	91	0
226	92	0
227	91	0
228	93	0
229	91	0
230	92	0
231	92	0
232	92	0
233	91	0
234	91	0
235	92	0
236	91	0
237	91	0
238	92	0
239	92	0
240	92	0
241	92	0
242	92	0
243	93	0
244	92	0
245	92	0
246	92	0
247	91	0
248	92	0
249	91	0
250	92	0
251	91	0
252	92	0
253	92	0
254	92	0
255	92	0
256	92	0
257	92	0
258	91	0
259	91	0
260	92	0
261	92	0
262	91	0
263	92	0
264	91	0
265	93	0
266	91	0
267	92	0
268	92	0
269	92	0
270	91	0
271	92	0
272	92	0
273	91	0
274	91	0
275	92	0
276	92	0
277	92	0
278	93	0
279	92	0
280	92	0
281	92	0
282	91	0
283	92	0
284	92	0
285	91	0
286	91	0
287	91	0
288	92	0
289	91	0
290	93	0
291	91	0
292	91	0
293	92	0
294	91	0
295	91	0
296	92	0
297	91	0
298	92	0
299	92	0
300	91	0
301	92	0
302	92	0
303	92	0
304	91	0
305	92	0
306	93	0
307	92	0
308	91	0
309	91	0
310	92	0
311	92	0
312	91	0
313	92	0
314	91	0
315	92	0
316	91	0
317	92	0
318	93	0
319	92	0
320	91	0
321	92	0
322	92	0
323	92	0
324	91	0
325	92	0
326	92	0
327	91	0
328	91	0
329	93	0
330	93	0
331	91	0
332	93	0
333	91	0
334	92	0
335	92	0
336	93	0
337	91	0
338	93	0
339	92	0
340	91	0
341	91	0
342	92	0
343	92	0
344	91	0
345	92	0
346	92	0
347	92	0
348	91	0
349	92	0
350	92	0
351	92	0
352	91	0
353	92	0
354	92	0
355	92	0
356	91	0
357	91	0
358	92	0
359	92	0
360	91	0
361	92	0
362	91	0
363	92	0
364	91	0
365	92	0
366	92	0
367	92	0
368	92	0
369	92	0
370	92	0
371	91	0
372	92	0
373	91	0
374	91	0
375	92	0
376	92	0
377	92	0
378	91	0
379	91	0
380	92	0
381	92	0
382	91	0
383	92	0
384	91	0
385	92	0
386	91	0
387	92	0
388	92	0
389	92	0
390	91	0
391	92	0
392	92	0
393	92	0
394	91	0
395	92	0
396	92	0
397	91	0
398	91	0
399	92	0
400	92	0
401	91	0
402	93	0
403	92	0
404	92	0
405	91	0
406	92	0
407	92	0
408	93	0
409	91	0
410	93	0
411	92	0
412	91	0
413	91	0
414	92	0
415	92	0
416	92	0
417	92	0
418	91	0
419	92	0
420	92	0
421	91	0
422	91	0
423	92	0
424	93	0
425	91	0
426	91	0
427	91	0
428	92	0
429	92	0
430	92	0
431	91	0
432	92	0
433	93	0
434	91	0
435	91	0
436	92	0
437	92	0
438	91	0
439	91	0
440	92	0
441	92	0
442	91	0
443	92	0
444	91	0
445	92	0
446	91	0
447	92	0
448	93	0
449	92	0
450	91	0
451	92	0
452	92	0
453	91	0
454	91	0
455	92	0
456	92	0
457	92	0
458	91	0
459	91	0
460	92	0
461	91	0
462	91	0
463	92	0
464	91	0
465	92	0
466	92	0
467	91	0
468	91	0
469	92	0
470	93	0
471	92	0
472	91	0
473	92	0
474	92	0
475	92	0
476	91	0
477	92	0
478	92	0
479	92	0
480	91	0
481	92	0
482	92	0
483	92	0
484	91	0
485	92	0
486	93	0
487	91	0
488	91	0
489	92	0
490	93	0
491	92	0
492	92	0
493	91	0
494	93	0
495	91	0
496	92	0
497	91	0
498	92	0
499	91	0
500	91	0
501	91	0
502	91	0
503	91	0
504	92	0
505	91	0
506	91	0
507	91	0
508	91	0
509	91	0
510	92	0
511	91	0
512	92	0
513	91	0
514	91	0
515	92	0
516	92	0
517	91	0
518	92	0
519	91	0
520	92	0
521	91	0
522	92	0
523	92	0
524	92	0
525	91	0
526	92	0
527	93	0
528	92	0
529	91	0
530	92	0
531	92	0
532	91	0
533	91	0
534	92	0
535	92	0
536	91	0
537	92	0
538	91	0
539	93	0
540	91	0
541	92	0
542	91	0
543	91	0
544	91	0
545	92	0
546	92	0
547	93	0
548	92	0
549	91	0
550	92	0
551	91	0
552	92	0
553	91	0
554	92	0
555	91	0
556	92	0
557	91	0
558	92	0
559	92	0
560	92	0
561	91	0
562	92	0
563	92	0
564	91	0
565	91	0
566	91	0
567	92	0
568	91	0
569	92	0
570	91	0
571	92	0
572	91	0
573	92	0
574	91	0
575	91	0
576	91	0
577	92	0
578	92	0
579	92	0
580	91	0
581	92	0
582	92	0
583	91	0
584	91	0
585	92	0
586	93	0
587	91	0
588	92	0
589	91	0
590	92	0
591	91	0
592	91	0
593	92	0
594	91	0
595	92	0
596	92	0
597	91	0
598	91	0
599	91	0
600	92	0
601	91	0
602	92	0
603	91	0
604	91	0
605	91	0
606	91	0
607	91	0
608	92	0
609	92	0
610	91	0
611	91	0
612	91	0
613	92	0
614	91	0
615	93	0
616	91	0
617	91	0
618	92	0
619	91	0
620	92	0
621	92	0
622	91	0
623	91	0
624	91	0
625	91	0
626	91	0
627	93	0
628	91	0
629	92	0
630	91	0
631	91	0
632	91	0
633	91	0
634	92	0
635	92	0
636	91	0
637	91	0
638	91	0
639	92	0
640	91	0
641	92	0
642	91	0
643	92	0
644	91	0
645	92	0
646	91	0
647	92	0
648	91	0
649	92	0
650	92	0
651	92	0
652	91	0
653	92	0
654	93	0
655	91	0
656	91	0
657	91	0
658	92	0
659	91	0
660	92	0
661	91	0
662	91	0
663	91	0
664	92	0
665	92	0
666	93	0
667	92	0
668	91	0
669	92	0
670	91	0
671	91	0
672	91	0
673	93	0
674	92	0
675	93	0
676	92	0
677	91	0
678	92	0
679	91	0
680	92	0
681	91	0
682	92	0
683	92	0
684	92	0
685	91	0
686	92	0
687	92	0
688	92	0
689	91	0
690	92	0
691	92	0
692	92	0
693	91	0
694	92	0
695	92	0
696	91	0
697	91	0
698	92	0
699	92	0
700	91	0
701	91	0
702	92	0
703	92	0
704	91	0
705	92	0
706	91	0
707	92	0
708	91	0
709	92	0
710	91	0
711	92	0
712	91	0
713	92	0
714	91	0
715	92	0
716	91	0
717	92	0
718	91	0
719	91	0
720	91	0
721	92	0
722	91	0
723	93	0
724	91	0
725	91	0
726	91	0
727	91	0
728	92	0
729	92	0
730	91	0
731	91	0
732	91	0
733	91	0
734	91	0
735	92	0
736	91	0
737	91	0
738	91	0
739	91	0
740	91	0
741	92	0
742	92	0
743	92	0
744	91	0
745	91	0
746	92	0
747	92	0
748	91	0
749	92	0
750	91	0
751	92	0
752	91	0
753	92	0
754	91	0
755	92	0
756	91	0
757	91	0
758	91	0
759	92	0
760	91	0
761	92	0
762	91	0
763	91	0
764	91	0
765	91	0
766	92	0
767	92	0
768	92	0
769	91	0
770	91	0
771	92	0
772	91	0
773	91	0
774	92	0
775	91	0
776	91	0
777	92	0
778	92	0
779	92	0
780	92	0
781	91	0
782	93	0
783	91	0
784	91	0
785	91	0
786	93	0
787	92	0
788	91	0
789	91	0
790	91	0
791	92	0
792	91	0
793	92	0
794	91	0
795	91	0
796	91	0
797	91	0
798	92	0
799	92	0
800	91	0
801	91	0
802	91	0
803	92	0
804	91	0
805	92	0
806	91	0
807	91	0
808	91	0
809	92	0
810	92	0
811	92	0
812	91	0
813	91	0
814	92	0
815	91	0
816	91	0
817	92	0
818	91	0
819	91	0
820	92	0
821	91	0
822	92	0
823	92	0
824	91	0
825	91	0
826	91	0
827	92	0
828	91	0
829	92	0
830	91	0
831	91	0
832	91	0
833	92	0
834	92	0
835	93	0
836	91	0
837	91	0
838	92	0
839	92	0
840	91	0
841	91	0
842	92	0
843	92	0
844	91	0
845	92	0
846	91	0
847	92	0
848	91	0
849	92	0
850	91	0
851	92	0
852	91	0
853	91	0
854	92	0
855	92	0
856	92	0
857	92	0
858	91	0
859	92	0
860	91	0
861	92	0
862	91	0
863	92	0
864	91	0
865	92	0
866	92	0
867	92	0
868	91	0
869	92	0
870	92	0
871	92	0
872	91	0
873	92	0
874	92	0
875	92	0
876	91	0
877	92	0
878	92	0
879	92	0
880	91	0
881	92	0
882	92	0
883	91	0
884	91	0
885	92	0
886	92	0
887	91	0
888	92	0
889	91	0
890	92	0
891	91	0
892	92	0
893	91	0
894	92	0
895	91	0
896	92	0
897	91	0
898	92	0
899	92	0
900	92	0
901	92	0
902	92	0
903	92	0
904	91	0
905	92	0
906	91	0
907	91	0
908	91	0
909	92	0
910	91	0
911	92	0
912	91	0
913	91	0
914	91	0
915	91	0
916	92	0
917	92	0
918	91	0
919	91	0
920	91	0
921	93	0
922	91	0
923	93	0
924	92	0
925	91	0
926	91	0
927	91	0
928	92	0
929	92	0
930	92	0
931	92	0
932	91	0
933	92	0
934	91	0
935	92	0
936	91	0
937	92	0
938	92	0
939	91	0
940	92	0
941	92	0
942	92	0
943	91	0
944	91	0
945	92	0
946	91	0
947	91	0
948	92	0
949	91	0
950	91	0
951	92	0
952	91	0
953	91	0
954	92	0
955	91	0
956	91	0
957	92	0
958	91	0
959	91	0
960	92	0
961	91	0
962	92	0
963	92	0
964	91	0
965	91	0
966	91	0
967	92	0
968	91	0
969	93	0
970	91	0
971	91	0
972	92	0
973	93	0
974	174	0
975	199	0
976	200	0
977	197	0
978	196	0
979	189	0
980	126	0
981	91	0
982	86	0
983	87	0
984	89	0
985	91	0
986	92	0
987	93	0
988	92	0
989	92	0
990	93	0
991	93	0
992	92	0
993	92	0
994	92	0
995	91	0
996	91	0
997	92	0
998	92	0
999	91	0
1000	92	0
1001	91	0
1002	92	0
1003	91	0
1004	93	0
1005	92	0
1006	92	0
1007	92	0
1008	92	0
1009	92	0
1010	91	0
1011	92	0
1012	91	0
1013	91	0
1014	91	0
1015	92	0
1016	92	0
1017	92	0
1018	91	0
1019	91	0
1020	93	0
1021	92	0
1022	91	0
1023	91	0
1024	91	0
1025	92	0
1026	91	0
1027	91	0
1028	91	0
1029	91	0
1030	92	0
1031	92	0
1032	92	0
1033	91	0
1034	91	0
1035	92	0
1036	91	0
1037	91	0
1038	92	0
1039	91	0
1040	92	0
1041	92	0
1042	92	0
1043	91	0
1044	92	0
1045	93	0
1046	92	0
1047	91	0
1048	92	0
1049	92	0
1050	92	0
1051	91	0
1052	91	0
1053	92	0
1054	91	0
1055	91	0
1056	92	0
1057	91	0
1058	92	0
1059	92	0
1060	91	0
1061	92	0
1062	92	0
1063	93	0
1064	91	0
1065	92	0
1066	92	0
1067	91	0
1068	91	0
1069	92	0
1070	92	0
1071	91	0
1072	92	0
1073	91	0
1074	92	0
1075	91	0
1076	92	0
1077	91	0
1078	93	0
1079	91	0
1080	92	0
1081	91	0
1082	92	0
1083	92	0
1084	92	0
1085	91	0
1086	92	0
1087	92	0
1088	92	0
1089	91	0
1090	92	0
1091	92	0
1092	91	0
1093	91	0
1094	92	0
1095	92	0
1096	91	0
1097	92	0
1098	91	0
1099	93	0
1100	91	0
1101	92	0
1102	92	0
1103	92	0
1104	91	0
1105	92	0
1106	92	0
1107	92	0
1108	91	0
1109	92	0
1110	92	0
1111	91	0
1112	91	0
1113	92	0
1114	92	0
1115	91	0
1116	92	0
1117	92	0
1118	93	0
1119	91	0
1120	92	0
1121	92	0
1122	92	0
1123	92	0
1124	92	0
1125	92	0
1126	91	0
1127	91	0
1128	92	0
1129	92	0
1130	91	0
1131	92	0
1132	91	0
1133	92	0
1134	91	0
1135	91	0
1136	92	0
1137	92	0
1138	92	0
1139	92	0
1140	92	0
1141	92	0
1142	92	0
1143	92	0
1144	92	0
1145	91	0
1146	92	0
1147	91	0
1148	91	0
1149	91	0
1150	92	0
1151	93	0
1152	92	0
1153	91	0
1154	91	0
1155	92	0
1156	91	0
1157	92	0
1158	91	0
1159	91	0
1160	91	0
1161	92	0
1162	92	0
1163	93	0
1164	91	0
1165	91	0
1166	92	0
1167	92	0
1168	91	0
1169	91	0
1170	91	0
1171	92	0
1172	91	0
1173	92	0
1174	91	0
1175	91	0
1176	93	0
1177	92	0
1178	92	0
1179	92	0
1180	91	0
1181	92	0
1182	93	0
1183	92	0
1184	91	0
1185	92	0
1186	92	0
1187	91	0
1188	91	0
1189	92	0
1190	93	0
1191	91	0
1192	92	0
1193	92	0
1194	93	0
1195	91	0
1196	91	0
1197	92	0
1198	91	0
1199	92	0
1200	91	0
1201	91	0
1202	92	0
1203	92	0
1204	92	0
1205	91	0
1206	91	0
1207	92	0
1208	91	0
1209	91	0
1210	92	0
1211	91	0
1212	91	0
1213	92	0
1214	91	0
1215	92	0
1216	91	0
1217	91	0
1218	91	0
1219	92	0
1220	91	0
1221	93	0
1222	92	0
1223	91	0
1224	92	0
1225	91	0
1226	92	0
1227	91	0
1228	92	0
1229	91	0
1230	92	0
1231	91	0
1232	92	0
1233	92	0
1234	92	0
1235	91	0
1236	92	0
1237	92	0
1238	92	0
1239	91	0
1240	92	0
1241	93	0
1242	92	0
1243	91	0
1244	92	0
1245	92	0
1246	92	0
1247	91	0
1248	92	0
1249	93	0
1250	92	0
1251	91	0
1252	92	0
1253	92	0
1254	92	0
1255	91	0
1256	93	0
1257	92	0
1258	91	0
1259	92	0
1260	92	0
1261	92	0
1262	91	0
1263	92	0
1264	93	0
1265	92	0
1266	91	0
1267	92	0
1268	92	0
1269	92	0
1270	91	0
1271	91	0
1272	93	0
1273	92	0
1274	91	0
1275	92	0
1276	91	0
1277	93	0
1278	91	0
1279	92	0
1280	92	0
1281	91	0
1282	92	0
1283	92	0
1284	92	0
1285	91	0
1286	93	0
1287	93	0
1288	91	0
1289	91	0
1290	93	0
1291	92	0
1292	92	0
1293	93	0
1294	91	0
1295	92	0
1296	92	0
1297	91	0
1298	92	0
1299	92	0
1300	92	0
1301	91	0
1302	92	0
1303	93	0
1304	92	0
1305	91	0
1306	92	0
1307	92	0
1308	92	0
1309	91	0
1310	92	0
1311	93	0
1312	92	0
1313	91	0
1314	92	0
1315	92	0
1316	92	0
1317	91	0
1318	92	0
1319	93	0
1320	91	0
1321	91	0
1322	92	0
1323	92	0
1324	92	0
1325	92	0
1326	91	0
1327	92	0
1328	92	0
1329	92	0
1330	91	0
1331	92	0
1332	93	0
1333	92	0
1334	91	0
1335	92	0
1336	92	0
1337	92	0
1338	91	0
1339	92	0
1340	92	0
1341	92	0
1342	91	0
1343	93	0
1344	93	0
1345	91	0
1346	91	0
1347	92	0
1348	92	0
1349	92	0
1350	92	0
1351	91	0
1352	93	0
1353	92	0
1354	91	0
1355	91	0
1356	92	0
1357	92	0
1358	91	0
1359	92	0
1360	91	0
1361	92	0
1362	91	0
1363	92	0
1364	91	0
1365	91	0
1366	91	0
1367	92	0
1368	92	0
1369	92	0
1370	92	0
1371	92	0
1372	92	0
1373	91	0
1374	92	0
1375	92	0
1376	92	0
1377	91	0
1378	92	0
1379	92	0
1380	91	0
1381	91	0
1382	92	0
1383	93	0
1384	91	0
1385	93	0
1386	92	0
1387	92	0
1388	91	0
1389	92	0
1390	92	0
1391	92	0
1392	91	0
1393	92	0
1394	92	0
1395	91	0
1396	91	0
1397	93	0
1398	93	0
1399	91	0
1400	92	0
1401	92	0
1402	92	0
1403	91	0
1404	92	0
1405	92	0
1406	91	0
1407	91	0
1408	92	0
1409	93	0
1410	92	0
1411	93	0
1412	91	0
1413	92	0
1414	92	0
1415	91	0
1416	91	0
1417	92	0
1418	93	0
1419	91	0
1420	92	0
1421	92	0
1422	93	0
1423	91	0
1424	92	0
1425	93	0
1426	91	0
1427	91	0
1428	92	0
1429	92	0
1430	91	0
1431	92	0
1432	91	0
1433	92	0
1434	91	0
1435	92	0
1436	91	0
1437	92	0
1438	91	0
1439	92	0
1440	92	0
1441	93	0
1442	93	0
1443	92	0
1444	93	0
1445	92	0
1446	92	0
1447	92	0
1448	91	0
1449	92	0
1450	92	0
1451	92	0
1452	92	0
1453	92	0
1454	93	0
1455	92	0
1456	91	0
1457	92	0
1458	92	0
1459	92	0
1460	91	0
1461	93	0
1462	92	0
1463	92	0
1464	91	0
1465	92	0
1466	92	0
1467	92	0
1468	91	0
1469	92	0
1470	93	0
1471	92	0
1472	91	0
1473	93	0
1474	93	0
1475	92	0
1476	91	0
1477	92	0
1478	92	0
1479	92	0
1480	91	0
1481	92	0
1482	93	0
1483	91	0
1484	91	0
1485	92	0
1486	92	0
1487	92	0
1488	93	0
1489	92	0
1490	93	0
1491	91	0
1492	91	0
1493	92	0
1494	92	0
1495	91	0
1496	92	0
1497	91	0
1498	93	0
1499	91	0
1500	91	0
1501	91	0
1502	91	0
1503	92	0
1504	92	0
1505	92	0
1506	91	0
1507	91	0
1508	92	0
1509	92	0
1510	92	0
1511	92	0
1512	91	0
1513	93	0
1514	92	0
1515	91	0
1516	92	0
1517	92	0
1518	92	0
1519	91	0
1520	92	0
1521	92	0
1522	91	0
1523	91	0
1524	92	0
1525	93	0
1526	92	0
1527	92	0
1528	91	0
1529	91	0
1530	92	0
1531	92	0
1532	92	0
1533	92	0
1534	91	0
1535	92	0
1536	92	0
1537	92	0
1538	91	0
1539	92	0
1540	93	0
1541	91	0
1542	91	0
1543	92	0
1544	92	0
1545	92	0
1546	92	0
1547	92	0
1548	93	0
1549	92	0
1550	91	0
1551	92	0
1552	92	0
1553	91	0
1554	91	0
1555	92	0
1556	92	0
1557	91	0
1558	92	0
1559	91	0
1560	92	0
1561	91	0
1562	93	0
1563	92	0
1564	91	0
1565	92	0
1566	92	0
1567	91	0
1568	92	0
1569	92	0
1570	92	0
1571	91	0
1572	91	0
1573	92	0
1574	92	0
1575	91	0
1576	92	0
1577	91	0
1578	92	0
1579	91	0
1580	92	0
1581	92	0
1582	93	0
1583	92	0
1584	92	0
1585	92	0
1586	92	0
1587	92	0
1588	92	0
1589	92	0
1590	91	0
1591	91	0
1592	91	0
1593	91	0
1594	91	0
1595	93	0
1596	91	0
1597	91	0
1598	91	0
1599	91	0
1600	92	0
1601	91	0
1602	91	0
1603	92	0
1604	91	0
1605	92	0
1606	92	0
1607	91	0
1608	91	0
1609	91	0
1610	92	0
1611	91	0
1612	93	0
1613	91	0
1614	91	0
1615	91	0
1616	92	0
1617	92	0
1618	92	0
1619	91	0
1620	91	0
1621	92	0
1622	91	0
1623	91	0
1624	92	0
1625	91	0
1626	92	0
1627	92	0
1628	91	0
1629	91	0
1630	92	0
1631	91	0
1632	91	0
1633	93	0
1634	91	0
1635	92	0
1636	92	0
1637	91	0
1638	92	0
1639	91	0
1640	92	0
1641	91	0
1642	92	0
1643	91	0
1644	92	0
1645	91	0
1646	92	0
1647	92	0
1648	92	0
1649	91	0
1650	92	0
1651	92	0
1652	91	0
1653	91	0
1654	92	0
1655	92	0
1656	92	0
1657	92	0
1658	91	0
1659	92	0
1660	91	0
1661	91	0
1662	91	0
1663	91	0
1664	92	0
1665	92	0
1666	92	0
1667	91	0
1668	91	0
1669	93	0
1670	91	0
1671	91	0
1672	92	0
1673	91	0
1674	91	0
1675	92	0
1676	91	0
1677	92	0
1678	92	0
1679	91	0
1680	91	0
1681	92	0
1682	92	0
1683	91	0
1684	92	0
1685	91	0
1686	92	0
1687	91	0
1688	91	0
1689	91	0
1690	92	0
1691	92	0
1692	92	0
1693	91	0
1694	92	0
1695	93	0
1696	91	0
1697	91	0
1698	91	0
1699	92	0
1700	92	0
1701	92	0
1702	91	0
1703	91	0
1704	92	0
1705	92	0
1706	91	0
1707	92	0
1708	91	0
1709	92	0
1710	91	0
1711	92	0
1712	91	0
1713	93	0
1714	91	0
1715	92	0
1716	91	0
1717	92	0
1718	91	0
1719	91	0
1720	93	0
1721	92	0
1722	92	0
1723	92	0
1724	91	0
1725	92	0
1726	91	0
1727	91	0
1728	91	0
1729	91	0
1730	92	0
1731	92	0
1732	91	0
1733	92	0
1734	91	0
1735	92	0
1736	91	0
1737	92	0
1738	91	0
1739	92	0
1740	92	0
1741	92	0
1742	91	0
1743	92	0
1744	93	0
1745	91	0
1746	91	0
1747	92	0
1748	91	0
1749	91	0
1750	91	0
1751	91	0
1752	91	0
1753	92	0
1754	92	0
1755	91	0
1756	91	0
1757	91	0
1758	92	0
1759	91	0
1760	92	0
1761	91	0
1762	92	0
1763	91	0
1764	92	0
1765	92	0
1766	92	0
1767	92	0
1768	92	0
1769	93	0
1770	92	0
1771	91	0
1772	92	0
1773	91	0
1774	92	0
1775	91	0
1776	93	0
1777	91	0
1778	91	0
1779	92	0
1780	92	0
1781	91	0
1782	92	0
1783	91	0
1784	93	0
1785	91	0
1786	92	0
1787	91	0
1788	92	0
1789	92	0
1790	92	0
1791	91	0
1792	92	0
1793	92	0
1794	92	0
1795	91	0
1796	92	0
1797	92	0
1798	92	0
1799	91	0
1800	92	0
1801	92	0
1802	91	0
1803	91	0
1804	92	0
1805	92	0
1806	91	0
1807	92	0
1808	92	0
1809	92	0
1810	91	0
1811	92	0
1812	92	0
1813	91	0
1814	91	0
1815	92	0
1816	92	0
1817	91	0
1818	92	0
1819	91	0
1820	92	0
1821	91	0
1822	92	0
1823	92	0
1824	92	0
1825	91	0
1826	92	0
1827	93	0
1828	92	0
1829	91	0
1830	92	0
1831	92	0
1832	91	0
1833	91	0
1834	92	0
1835	92	0
1836	91	0
1837	92	0
1838	91	0
1839	92	0
1840	91	0
1841	92	0
1842	92	0
1843	92	0
1844	92	0
1845	93	0
1846	92	0
1847	92	0
1848	92	0
1849	91	0
1850	91	0
1851	92	0
1852	92	0
1853	91	0
1854	92	0
1855	91	0
1856	93	0
1857	91	0
1858	91	0
1859	91	0
1860	92	0
1861	91	0
1862	92	0
1863	92	0
1864	91	0
1865	91	0
1866	92	0
1867	92	0
1868	91	0
1869	92	0
1870	92	0
1871	93	0
1872	91	0
1873	92	0
1874	92	0
1875	91	0
1876	91	0
1877	92	0
1878	92	0
1879	91	0
1880	92	0
1881	91	0
1882	92	0
1883	91	0
1884	91	0
1885	91	0
1886	92	0
1887	91	0
1888	92	0
1889	91	0
1890	92	0
1891	91	0
1892	92	0
1893	92	0
1894	93	0
1895	91	0
1896	92	0
1897	92	0
1898	91	0
1899	91	0
1900	92	0
1901	92	0
1902	91	0
1903	93	0
1904	92	0
1905	93	0
1906	91	0
1907	91	0
1908	92	0
1909	91	0
1910	92	0
1911	92	0
1912	91	0
1913	92	0
1914	92	0
1915	93	0
1916	91	0
1917	92	0
1918	92	0
1919	91	0
1920	91	0
1921	92	0
1922	93	0
1923	91	0
1924	92	0
1925	92	0
1926	91	0
1927	91	0
1928	92	0
1929	93	0
1930	92	0
1931	92	0
1932	91	0
1933	92	0
1934	92	0
1935	92	0
1936	91	0
1937	93	0
1938	104	0
1939	190	0
1940	199	0
1941	198	0
1942	196	0
1943	197	0
1944	168	0
1945	117	0
1946	97	0
1947	96	0
1948	93	0
1949	93	0
1950	92	0
1951	92	0
1952	91	0
1953	92	0
1954	91	0
1955	92	0
1956	91	0
1957	93	0
1958	92	0
1959	92	0
1960	92	0
1961	92	0
1962	92	0
1963	92	0
1964	93	0
1965	92	0
1966	92	0
1967	92	0
1968	91	0
1969	92	0
1970	92	0
1971	92	0
1972	91	0
1973	92	0
1974	92	0
1975	92	0
1976	91	0
1977	92	0
1978	92	0
1979	92	0
1980	91	0
1981	92	0
1982	93	0
1983	92	0
1984	91	0
1985	92	0
1986	92	0
1987	92	0
1988	91	0
1989	92	0
1990	92	0
1991	91	0
1992	91	0
1993	92	0
1994	93	0
1995	91	0
1996	92	0
1997	91	0
1998	92	0
1999	91	0
2000	92	0
2001	92	0
2002	91	0
2003	92	0
2004	92	0
2005	92	0
2006	91	0
2007	92	0
2008	92	0
2009	92	0
2010	91	0
2011	93	0
2012	93	0
2013	92	0
2014	91	0
2015	92	0
2016	91	0
2017	92	0
2018	91	0
2019	92	0
2020	91	0
2021	92	0
2022	92	0
2023	92	0
2024	92	0
2025	92	0
2026	93	0
2027	91	0
2028	91	0
2029	92	0
2030	91	0
2031	92	0
2032	91	0
2033	91	0
2034	92	0
2035	92	0
2036	92	0
2037	92	0
2038	91	0
2039	92	0
2040	92	0
2041	91	0
2042	91	0
2043	92	0
2044	92	0
2045	92	0
2046	93	0
2047	91	0
2048	92	0
2049	92	0
2050	92	0
2051	91	0
2052	92	0
2053	92	0
2054	91	0
2055	91	0
2056	93	0
2057	92	0
2058	91	0
2059	92	0
2060	92	0
2061	92	0
2062	91	0
2063	92	0
2064	93	0
2065	92	0
2066	91	0
2067	92	0
2068	92	0
2069	91	0
2070	91	0
2071	92	0
2072	93	0
2073	91	0
2074	92	0
2075	92	0
2076	92	0
2077	91	0
2078	92	0
2079	91	0
2080	91	0
2081	91	0
2082	92	0
2083	92	0
2084	92	0
2085	91	0
2086	92	0
2087	92	0
2088	92	0
2089	91	0
2090	92	0
2091	93	0
2092	92	0
2093	91	0
2094	92	0
2095	92	0
2096	91	0
2097	90	0
2098	92	0
2099	92	0
2100	91	0
2101	93	0
2102	92	0
2103	92	0
2104	91	0
2105	92	0
2106	93	0
2107	91	0
2108	91	0
2109	93	0
2110	92	0
2111	91	0
2112	92	0
2113	92	0
2114	92	0
2115	91	0
2116	93	0
2117	93	0
2118	92	0
2119	91	0
2120	92	0
2121	92	0
2122	92	0
2123	91	0
2124	92	0
2125	92	0
2126	92	0
2127	91	0
2128	91	0
2129	93	0
2130	92	0
2131	91	0
2132	92	0
2133	91	0
2134	92	0
2135	92	0
2136	92	0
2137	91	0
2138	92	0
2139	92	0
2140	92	0
2141	91	0
2142	91	0
2143	93	0
2144	91	0
2145	91	0
2146	93	0
2147	91	0
2148	91	0
2149	92	0
2150	91	0
2151	92	0
2152	92	0
2153	91	0
2154	92	0
2155	92	0
2156	92	0
2157	91	0
2158	92	0
2159	92	0
2160	92	0
2161	91	0
2162	93	0
2163	93	0
2164	91	0
2165	91	0
2166	92	0
2167	92	0
2168	91	0
2169	91	0
2170	92	0
2171	92	0
2172	92	0
2173	92	0
2174	92	0
2175	92	0
2176	91	0
2177	91	0
2178	92	0
2179	91	0
2180	91	0
2181	93	0
2182	92	0
2183	92	0
2184	92	0
2185	91	0
2186	93	0
2187	92	0
2188	92	0
2189	92	0
2190	92	0
2191	92	0
2192	92	0
2193	92	0
2194	92	0
2195	92	0
2196	92	0
2197	91	0
2198	92	0
2199	92	0
2200	91	0
2201	91	0
2202	92	0
2203	92	0
2204	91	0
2205	92	0
2206	91	0
2207	92	0
2208	91	0
2209	92	0
2210	92	0
2211	92	0
2212	91	0
2213	92	0
2214	92	0
2215	92	0
2216	91	0
2217	92	0
2218	92	0
2219	92	0
2220	91	0
2221	92	0
2222	93	0
2223	92	0
2224	91	0
2225	92	0
2226	92	0
2227	92	0
2228	91	0
2229	92	0
2230	93	0
2231	91	0
2232	91	0
2233	92	0
2234	92	0
2235	91	0
2236	92	0
2237	91	0
2238	93	0
2239	91	0
2240	92	0
2241	91	0
2242	93	0
2243	91	0
2244	92	0
2245	91	0
2246	91	0
2247	91	0
2248	92	0
2249	92	0
2250	92	0
2251	91	0
2252	91	0
2253	92	0
2254	92	0
2255	91	0
2256	92	0
2257	92	0
2258	92	0
2259	91	0
2260	92	0
2261	93	0
2262	92	0
2263	92	0
2264	92	0
2265	92	0
2266	92	0
2267	92	0
2268	91	0
2269	92	0
2270	91	0
2271	92	0
2272	91	0
2273	92	0
2274	91	0
2275	91	0
2276	91	0
2277	92	0
2278	92	0
2279	92	0
2280	91	0
2281	92	0
2282	92	0
2283	91	0
2284	91	0
2285	92	0
2286	92	0
2287	91	0
2288	92	0
2289	91	0
2290	93	0
2291	91	0
2292	92	0
2293	92	0
2294	92	0
2295	92	0
2296	92	0
2297	92	0
2298	91	0
2299	92	0
2300	92	0
2301	92	0
2302	91	0
2303	91	0
2304	93	0
2305	92	0
2306	91	0
2307	92	0
2308	91	0
2309	92	0
2310	91	0
2311	92	0
2312	91	0
2313	92	0
2314	91	0
2315	93	0
2316	92	0
2317	92	0
2318	91	0
2319	92	0
2320	92	0
2321	92	0
2322	91	0
2323	92	0
2324	92	0
2325	91	0
2326	91	0
2327	93	0
2328	92	0
2329	91	0
2330	92	0
2331	91	0
2332	92	0
2333	92	0
2334	92	0
2335	92	0
2336	92	0
2337	93	0
2338	92	0
2339	92	0
2340	92	0
2341	91	0
2342	92	0
2343	92	0
2344	92	0
2345	91	0
2346	92	0
2347	92	0
2348	91	0
2349	91	0
2350	93	0
2351	93	0
2352	91	0
2353	93	0
2354	91	0
2355	92	0
2356	92	0
2357	92	0
2358	92	0
2359	92	0
2360	92	0
2361	92	0
2362	91	0
2363	91	0
2364	92	0
2365	91	0
2366	91	0
2367	92	0
2368	91	0
2369	92	0
2370	92	0
2371	91	0
2372	91	0
2373	92	0
2374	92	0
2375	91	0
2376	92	0
2377	91	0
2378	93	0
2379	91	0
2380	92	0
2381	92	0
2382	92	0
2383	91	0
2384	92	0
2385	92	0
2386	91	0
2387	91	0
2388	92	0
2389	92	0
2390	92	0
2391	92	0
2392	91	0
2393	92	0
2394	92	0
2395	91	0
2396	91	0
2397	93	0
2398	93	0
2399	91	0
2400	92	0
2401	91	0
2402	92	0
2403	91	0
2404	91	0
2405	91	0
2406	92	0
2407	91	0
2408	92	0
2409	92	0
2410	91	0
2411	91	0
2412	92	0
2413	93	0
2414	91	0
2415	92	0
2416	92	0
2417	92	0
2418	92	0
2419	92	0
2420	93	0
2421	92	0
2422	92	0
2423	92	0
2424	91	0
2425	92	0
2426	92	0
2427	91	0
2428	91	0
2429	92	0
2430	93	0
2431	91	0
2432	92	0
2433	91	0
2434	93	0
2435	92	0
2436	92	0
2437	92	0
2438	92	0
2439	92	0
2440	92	0
2441	92	0
2442	92	0
2443	91	0
2444	92	0
2445	92	0
2446	91	0
2447	91	0
2448	92	0
2449	92	0
2450	91	0
2451	92	0
2452	91	0
2453	93	0
2454	91	0
2455	92	0
2456	92	0
2457	92	0
2458	91	0
2459	92	0
2460	93	0
2461	92	0
2462	91	0
2463	92	0
2464	92	0
2465	92	0
2466	91	0
2467	93	0
2468	92	0
2469	92	0
2470	91	0
2471	92	0
2472	92	0
2473	92	0
2474	91	0
2475	92	0
2476	92	0
2477	91	0
2478	91	0
2479	92	0
2480	92	0
2481	91	0
2482	91	0
2483	91	0
2484	92	0
2485	91	0
2486	92	0
2487	91	0
2488	91	0
2489	91	0
2490	91	0
2491	92	0
2492	93	0
2493	92	0
2494	92	0
2495	91	0
2496	92	0
2497	92	0
2498	91	0
2499	91	0
2500	92	0
2501	93	0
2502	91	0
2503	92	0
2504	91	0
2505	92	0
2506	91	0
2507	91	0
2508	92	0
2509	92	0
2510	92	0
2511	92	0
2512	91	0
2513	93	0
2514	92	0
2515	92	0
2516	91	0
2517	92	0
2518	92	0
2519	91	0
2520	91	0
2521	93	0
2522	92	0
2523	91	0
2524	92	0
2525	91	0
2526	91	0
2527	91	0
2528	92	0
2529	92	0
2530	92	0
2531	91	0
2532	91	0
2533	92	0
2534	92	0
2535	91	0
2536	92	0
2537	91	0
2538	92	0
2539	91	0
2540	91	0
2541	91	0
2542	92	0
2543	92	0
2544	91	0
2545	91	0
2546	91	0
2547	91	0
2548	91	0
2549	92	0
2550	91	0
2551	91	0
2552	91	0
2553	91	0
2554	91	0
2555	92	0
2556	91	0
2557	92	0
2558	92	0
2559	91	0
2560	91	0
2561	91	0
2562	92	0
2563	91	0
2564	91	0
2565	91	0
2566	92	0
2567	92	0
2568	92	0
2569	91	0
2570	92	0
2571	92	0
2572	92	0
2573	91	0
2574	92	0
2575	92	0
2576	92	0
2577	91	0
2578	92	0
2579	92	0
2580	91	0
2581	90	0
2582	92	0
2583	93	0
2584	91	0
2585	92	0
2586	91	0
2587	92	0
2588	91	0
2589	92	0
2590	91	0
2591	92	0
2592	91	0
2593	91	0
2594	91	0
2595	92	0
2596	92	0
2597	92	0
2598	91	0
2599	91	0
2600	92	0
2601	91	0
2602	91	0
2603	92	0
2604	91	0
2605	92	0
2606	92	0
2607	91	0
2608	91	0
2609	92	0
2610	92	0
2611	91	0
2612	91	0
2613	91	0
2614	93	0
2615	91	0
2616	92	0
2617	92	0
2618	91	0
2619	92	0
2620	93	0
2621	92	0
2622	90	0
2623	92	0
2624	91	0
2625	92	0
2626	91	0
2627	92	0
2628	91	0
2629	91	0
2630	91	0
2631	91	0
2632	92	0
2633	92	0
2634	92	0
2635	91	0
2636	91	0
2637	93	0
2638	92	0
2639	91	0
2640	92	0
2641	91	0
2642	92	0
2643	91	0
2644	92	0
2645	91	0
2646	91	0
2647	91	0
2648	92	0
2649	91	0
2650	93	0
2651	91	0
2652	91	0
2653	91	0
2654	92	0
2655	91	0
2656	92	0
2657	91	0
2658	91	0
2659	91	0
2660	91	0
2661	92	0
2662	92	0
2663	92	0
2664	91	0
2665	91	0
2666	92	0
2667	91	0
2668	91	0
2669	92	0
2670	91	0
2671	91	0
2672	92	0
2673	91	0
2674	92	0
2675	92	0
2676	91	0
2677	92	0
2678	92	0
2679	92	0
2680	91	0
2681	92	0
2682	93	0
2683	92	0
2684	91	0
2685	92	0
2686	92	0
2687	91	0
2688	91	0
2689	91	0
2690	92	0
2691	91	0
2692	92	0
2693	92	0
2694	91	0
2695	92	0
2696	92	0
2697	92	0
2698	91	0
2699	92	0
2700	92	0
2701	91	0
2702	91	0
2703	92	0
2704	91	0
2705	91	0
2706	91	0
2707	91	0
2708	92	0
2709	92	0
2710	92	0
2711	92	0
2712	91	0
2713	92	0
2714	91	0
2715	91	0
2716	91	0
2717	92	0
2718	92	0
2719	92	0
2720	91	0
2721	91	0
2722	92	0
2723	91	0
2724	91	0
2725	91	0
2726	91	0
2727	92	0
2728	92	0
2729	91	0
2730	91	0
2731	92	0
2732	91	0
2733	91	0
2734	91	0
2735	91	0
2736	92	0
2737	92	0
2738	92	0
2739	91	0
2740	91	0
2741	92	0
2742	91	0
2743	91	0
2744	92	0
2745	91	0
2746	92	0
2747	92	0
2748	91	0
2749	92	0
2750	92	0
2751	91	0
2752	91	0
2753	92	0
2754	92	0
2755	91	0
2756	92	0
2757	91	0
2758	92	0
2759	91	0
2760	92	0
2761	92	0
2762	92	0
2763	91	0
2764	92	0
2765	92	0
2766	92	0
2767	91	0
2768	91	0
2769	92	0
2770	92	0
2771	91	0
2772	92	0
2773	91	0
2774	92	0
2775	91	0
2776	92	0
2777	91	0
2778	92	0
2779	91	0
2780	92	0
2781	91	0
2782	91	0
2783	91	0
2784	92	0
2785	92	0
2786	92	0
2787	91	0
2788	91	0
2789	93	0
2790	92	0
2791	91	0
2792	92	0
2793	91	0
2794	92	0
2795	91	0
2796	92	0
2797	91	0
2798	92	0
2799	91	0
2800	92	0
2801	91	0
2802	91	0
2803	91	0
2804	92	0
2805	91	0
2806	92	0
2807	91	0
2808	91	0
2809	91	0
2810	92	0
2811	92	0
2812	92	0
2813	91	0
2814	91	0
2815	92	0
2816	91	0
2817	91	0
2818	92	0
2819	91	0
2820	92	0
2821	92	0
2822	91	0
2823	91	0
2824	92	0
2825	92	0
2826	91	0
2827	91	0
2828	91	0
2829	92	0
2830	91	0
2831	92	0
2832	91	0
2833	92	0
2834	91	0
2835	92	0
2836	91	0
2837	91	0
2838	91	0
2839	92	0
2840	92	0
2841	92	0
2842	91	0
2843	91	0
2844	92	0
2845	91	0
2846	91	0
2847	92	0
2848	91	0
2849	92	0
2850	92	0
2851	91	0
2852	91	0
2853	92	0
2854	93	0
2855	91	0
2856	92	0
2857	91	0
2858	92	0
2859	91	0
2860	92	0
2861	92	0
2862	92	0
2863	91	0
2864	92	0
2865	93	0
2866	92	0
2867	91	0
2868	92	0
2869	92	0
2870	92	0
2871	91	0
2872	92	0
2873	93	0
2874	92	0
2875	91	0
2876	93	0
2877	92	0
2878	92	0
2879	91	0
2880	91	0
2881	92	0
2882	92	0
2883	91	0
2884	93	0
2885	91	0
2886	92	0
2887	91	0
2888	91	0
2889	92	0
2890	92	0
2891	92	0
2892	92	0
2893	92	0
2894	99	0
2895	189	0
2896	200	0
2897	198	0
2898	196	0
2899	197	0
2900	176	0
2901	122	0
2902	97	0
2903	93	0
2904	92	0
2905	91	0
2906	91	0
2907	91	0
2908	91	0
2909	92	0
2910	92	0
2911	92	0
2912	91	0
2913	91	0
2914	93	0
2915	92	0
2916	91	0
2917	93	0
2918	92	0
2919	92	0
2920	92	0
2921	91	0
2922	92	0
2923	92	0
2924	91	0
2925	91	0
2926	92	0
2927	92	0
2928	91	0
2929	92	0
2930	92	0
2931	92	0
2932	91	0
2933	92	0
2934	93	0
2935	91	0
2936	91	0
2937	92	0
2938	92	0
2939	92	0
2940	92	0
2941	92	0
2942	93	0
2943	92	0
2944	92	0
2945	91	0
2946	91	0
2947	92	0
2948	92	0
2949	91	0
2950	91	0
2951	92	0
2952	92	0
2953	91	0
2954	92	0
2955	91	0
2956	92	0
2957	91	0
2958	92	0
2959	91	0
2960	92	0
2961	91	0
2962	92	0
2963	91	0
2964	92	0
2965	92	0
2966	92	0
2967	91	0
2968	92	0
2969	93	0
2970	91	0
2971	91	0
2972	91	0
2973	92	0
2974	91	0
2975	92	0
2976	91	0
2977	91	0
2978	91	0
2979	93	0
2980	92	0
2981	92	0
2982	92	0
2983	91	0
2984	92	0
2985	92	0
2986	92	0
2987	91	0
2988	92	0
2989	92	0
2990	92	0
2991	91	0
2992	92	0
2993	92	0
2994	91	0
2995	91	0
2996	92	0
2997	93	0
2998	91	0
2999	92	0
3000	91	0
3001	92	0
3002	91	0
3003	92	0
3004	91	0
3005	93	0
3006	91	0
3007	92	0
3008	91	0
3009	91	0
3010	92	0
3011	93	0
3012	93	0
3013	92	0
3014	92	0
3015	92	0
3016	92	0
3017	91	0
3018	91	0
3019	91	0
3020	91	0
3021	91	0
3022	92	0
3023	91	0
3024	91	0
3025	91	0
3026	91	0
3027	92	0
3028	92	0
3029	91	0
3030	91	0
3031	91	0
3032	93	0
3033	91	0
3034	92	0
3035	92	0
3036	91	0
3037	91	0
3038	93	0
3039	92	0
3040	91	0
3041	92	0
3042	92	0
3043	92	0
3044	91	0
3045	92	0
3046	92	0
3047	92	0
3048	91	0
3049	92	0
3050	93	0
3051	92	0
3052	91	0
3053	92	0
3054	93	0
3055	91	0
3056	91	0
3057	92	0
3058	92	0
3059	91	0
3060	91	0
3061	91	0
3062	92	0
3063	92	0
3064	92	0
3065	92	0
3066	91	0
3067	93	0
3068	92	0
3069	93	0
3070	91	0
3071	92	0
3072	92	0
3073	92	0
3074	92	0
3075	92	0
3076	93	0
3077	92	0
3078	91	0
3079	91	0
3080	91	0
3081	92	0
3082	92	0
3083	93	0
3084	91	0
3085	92	0
3086	93	0
3087	92	0
3088	91	0
3089	92	0
3090	92	0
3091	91	0
3092	91	0
3093	92	0
3094	92	0
3095	91	0
3096	92	0
3097	92	0
3098	92	0
3099	91	0
3100	92	0
3101	92	0
3102	92	0
3103	91	0
3104	91	0
3105	92	0
3106	91	0
3107	91	0
3108	92	0
3109	91	0
3110	92	0
3111	93	0
3112	91	0
3113	92	0
3114	92	0
3115	92	0
3116	91	0
3117	92	0
3118	92	0
3119	92	0
3120	91	0
3121	92	0
3122	93	0
3123	92	0
3124	92	0
3125	92	0
3126	92	0
3127	92	0
3128	92	0
3129	92	0
3130	92	0
3131	91	0
3132	92	0
3133	92	0
3134	91	0
3135	91	0
3136	92	0
3137	92	0
3138	92	0
3139	93	0
3140	91	0
3141	92	0
3142	92	0
3143	92	0
3144	92	0
3145	92	0
3146	93	0
3147	92	0
3148	92	0
3149	91	0
3150	91	0
3151	92	0
3152	92	0
3153	91	0
3154	92	0
3155	91	0
3156	92	0
3157	91	0
3158	92	0
3159	91	0
3160	92	0
3161	91	0
3162	92	0
3163	91	0
3164	92	0
3165	91	0
3166	92	0
3167	91	0
3168	92	0
3169	92	0
3170	92	0
3171	91	0
3172	92	0
3173	92	0
3174	92	0
3175	91	0
3176	92	0
3177	93	0
3178	92	0
3179	91	0
3180	93	0
3181	92	0
3182	91	0
3183	91	0
3184	92	0
3185	91	0
3186	91	0
3187	92	0
3188	91	0
3189	92	0
3190	92	0
3191	91	0
3192	92	0
3193	92	0
3194	93	0
3195	91	0
3196	92	0
3197	92	0
3198	91	0
3199	91	0
3200	91	0
3201	92	0
3202	91	0
3203	92	0
3204	91	0
3205	91	0
3206	91	0
3207	92	0
3208	91	0
3209	92	0
3210	91	0
3211	92	0
3212	92	0
3213	92	0
3214	92	0
3215	92	0
3216	92	0
3217	92	0
3218	92	0
3219	92	0
3220	92	0
3221	91	0
3222	91	0
3223	92	0
3224	91	0
3225	91	0
3226	91	0
3227	91	0
3228	92	0
3229	92	0
3230	92	0
3231	91	0
3232	91	0
3233	93	0
3234	92	0
3235	91	0
3236	93	0
3237	91	0
3238	93	0
3239	91	0
3240	92	0
3241	91	0
3242	91	0
3243	91	0
3244	92	0
3245	92	0
3246	93	0
3247	91	0
3248	91	0
3249	92	0
3250	92	0
3251	91	0
3252	93	0
3253	92	0
3254	92	0
3255	91	0
3256	92	0
3257	92	0
3258	91	0
3259	91	0
3260	92	0
3261	92	0
3262	91	0
3263	92	0
3264	92	0
3265	92	0
3266	91	0
3267	92	0
3268	92	0
3269	92	0
3270	91	0
3271	93	0
3272	92	0
3273	91	0
3274	91	0
3275	92	0
3276	92	0
3277	92	0
3278	92	0
3279	91	0
3280	93	0
3281	92	0
3282	92	0
3283	91	0
3284	92	0
3285	92	0
3286	92	0
3287	91	0
3288	92	0
3289	93	0
3290	92	0
3291	91	0
3292	92	0
3293	92	0
3294	91	0
3295	91	0
3296	92	0
3297	92	0
3298	92	0
3299	91	0
3300	91	0
3301	93	0
3302	91	0
3303	91	0
3304	92	0
3305	92	0
3306	92	0
3307	92	0
3308	91	0
3309	93	0
3310	92	0
3311	92	0
3312	91	0
3313	92	0
3314	92	0
3315	92	0
3316	91	0
3317	92	0
3318	92	0
3319	92	0
3320	91	0
3321	93	0
3322	93	0
3323	92	0
3324	91	0
3325	92	0
3326	92	0
3327	92	0
3328	91	0
3329	92	0
3330	92	0
3331	92	0
3332	91	0
3333	92	0
3334	93	0
3335	92	0
3336	91	0
3337	92	0
3338	92	0
3339	92	0
3340	91	0
3341	92	0
3342	93	0
3343	91	0
3344	91	0
3345	92	0
3346	92	0
3347	92	0
3348	92	0
3349	92	0
3350	92	0
3351	92	0
3352	91	0
3353	92	0
3354	92	0
3355	91	0
3356	91	0
3357	92	0
3358	92	0
3359	91	0
3360	92	0
3361	91	0
3362	93	0
3363	91	0
3364	92	0
3365	92	0
3366	92	0
3367	92	0
3368	92	0
3369	92	0
3370	91	0
3371	92	0
3372	92	0
3373	92	0
3374	91	0
3375	92	0
3376	93	0
3377	91	0
3378	91	0
3379	92	0
3380	92	0
3381	92	0
3382	92	0
3383	91	0
3384	92	0
3385	92	0
3386	92	0
3387	91	0
3388	92	0
3389	93	0
3390	92	0
3391	91	0
3392	93	0
3393	92	0
3394	92	0
3395	91	0
3396	92	0
3397	93	0
3398	92	0
3399	91	0
3400	92	0
3401	92	0
3402	91	0
3403	91	0
3404	92	0
3405	92	0
3406	91	0
3407	92	0
3408	92	0
3409	92	0
3410	91	0
3411	92	0
3412	93	0
3413	92	0
3414	91	0
3415	92	0
3416	92	0
3417	92	0
3418	91	0
3419	92	0
3420	92	0
3421	91	0
3422	91	0
3423	92	0
3424	92	0
3425	91	0
3426	92	0
3427	91	0
3428	92	0
3429	91	0
3430	92	0
3431	92	0
3432	92	0
3433	91	0
3434	91	0
3435	93	0
3436	91	0
3437	91	0
3438	92	0
3439	92	0
3440	92	0
3441	92	0
3442	91	0
3443	92	0
3444	92	0
3445	92	0
3446	91	0
3447	92	0
3448	93	0
3449	92	0
3450	91	0
3451	93	0
3452	92	0
3453	92	0
3454	91	0
3455	91	0
3456	92	0
3457	91	0
3458	92	0
3459	92	0
3460	92	0
3461	91	0
3462	92	0
3463	92	0
3464	92	0
3465	91	0
3466	92	0
3467	92	0
3468	92	0
3469	91	0
3470	92	0
3471	93	0
3472	92	0
3473	91	0
3474	92	0
3475	93	0
3476	92	0
3477	91	0
3478	92	0
3479	92	0
3480	93	0
3481	91	0
3482	92	0
3483	93	0
3484	92	0
3485	91	0
3486	91	0
3487	92	0
3488	92	0
3489	91	0
3490	92	0
3491	91	0
3492	92	0
3493	91	0
3494	92	0
3495	91	0
3496	92	0
3497	92	0
3498	93	0
3499	91	0
3500	92	0
3501	92	0
3502	91	0
3503	91	0
3504	92	0
3505	92	0
3506	91	0
3507	92	0
3508	91	0
3509	93	0
3510	91	0
3511	92	0
3512	92	0
3513	92	0
3514	92	0
3515	92	0
3516	93	0
3517	92	0
3518	91	0
3519	92	0
3520	91	0
3521	92	0
3522	91	0
3523	91	0
3524	92	0
3525	92	0
3526	92	0
3527	92	0
3528	91	0
3529	93	0
3530	92	0
3531	92	0
3532	91	0
3533	92	0
3534	92	0
3535	92	0
3536	91	0
3537	92	0
3538	93	0
3539	92	0
3540	91	0
3541	93	0
3542	92	0
3543	92	0
3544	91	0
3545	92	0
3546	92	0
3547	93	0
3548	91	0
3549	91	0
3550	92	0
3551	92	0
3552	92	0
3553	91	0
3554	91	0
3555	92	0
3556	91	0
3557	91	0
3558	92	0
3559	91	0
3560	91	0
3561	92	0
3562	91	0
3563	91	0
3564	91	0
3565	91	0
3566	92	0
3567	92	0
3568	92	0
3569	92	0
3570	91	0
3571	92	0
3572	91	0
3573	92	0
3574	91	0
3575	91	0
3576	91	0
3577	92	0
3578	92	0
3579	92	0
3580	91	0
3581	91	0
3582	93	0
3583	92	0
3584	91	0
3585	92	0
3586	91	0
3587	92	0
3588	91	0
3589	92	0
3590	91	0
3591	92	0
3592	92	0
3593	92	0
3594	91	0
3595	91	0
3596	92	0
3597	92	0
3598	91	0
3599	91	0
3600	91	0
3601	92	0
3602	91	0
3603	92	0
3604	91	0
3605	91	0
3606	91	0
3607	92	0
3608	92	0
3609	91	0
3610	91	0
3611	92	0
3612	93	0
3613	91	0
3614	92	0
3615	91	0
3616	91	0
3617	91	0
3618	91	0
3619	91	0
3620	92	0
3621	91	0
3622	92	0
3623	91	0
3624	91	0
3625	91	0
3626	92	0
3627	91	0
3628	92	0
3629	91	0
3630	91	0
3631	91	0
3632	91	0
3633	92	0
3634	93	0
3635	91	0
3636	91	0
3637	91	0
3638	91	0
3639	91	0
3640	92	0
3641	91	0
3642	91	0
3643	91	0
3644	91	0
3645	91	0
3646	93	0
3647	92	0
3648	91	0
3649	92	0
3650	91	0
3651	92	0
3652	91	0
3653	92	0
3654	91	0
3655	92	0
3656	92	0
3657	92	0
3658	92	0
3659	92	0
3660	92	0
3661	91	0
3662	91	0
3663	92	0
3664	92	0
3665	91	0
3666	93	0
3667	92	0
3668	93	0
3669	91	0
3670	92	0
3671	92	0
3672	91	0
3673	91	0
3674	92	0
3675	92	0
3676	91	0
3677	92	0
3678	91	0
3679	92	0
3680	92	0
3681	92	0
3682	93	0
3683	91	0
3684	92	0
3685	92	0
3686	91	0
3687	91	0
3688	92	0
3689	92	0
3690	91	0
3691	92	0
3692	91	0
3693	92	0
3694	91	0
3695	92	0
3696	91	0
3697	92	0
3698	91	0
3699	92	0
3700	93	0
3701	92	0
3702	91	0
3703	92	0
3704	92	0
3705	92	0
3706	91	0
3707	92	0
3708	93	0
3709	92	0
3710	91	0
3711	92	0
3712	92	0
3713	91	0
3714	91	0
3715	92	0
3716	92	0
3717	91	0
3718	91	0
3719	92	0
3720	92	0
3721	91	0
3722	91	0
3723	92	0
3724	92	0
3725	91	0
3726	92	0
3727	91	0
3728	93	0
3729	91	0
3730	91	0
3731	91	0
3732	91	0
3733	92	0
3734	92	0
3735	91	0
3736	91	0
3737	91	0
3738	92	0
3739	91	0
3740	92	0
3741	91	0
3742	91	0
3743	91	0
3744	92	0
3745	91	0
3746	93	0
3747	91	0
3748	91	0
3749	91	0
3750	92	0
3751	92	0
3752	92	0
3753	91	0
3754	91	0
3755	93	0
3756	92	0
3757	91	0
3758	92	0
3759	91	0
3760	92	0
3761	91	0
3762	92	0
3763	92	0
3764	92	0
3765	92	0
3766	92	0
3767	92	0
3768	91	0
3769	91	0
3770	92	0
3771	91	0
3772	91	0
3773	92	0
3774	92	0
3775	91	0
3776	92	0
3777	91	0
3778	92	0
3779	91	0
3780	92	0
3781	92	0
3782	92	0
3783	92	0
3784	92	0
3785	92	0
3786	92	0
3787	92	0
3788	91	0
3789	92	0
3790	91	0
3791	91	0
3792	91	0
3793	92	0
3794	92	0
3795	93	0
3796	91	0
3797	91	0
3798	92	0
3799	91	0
3800	92	0
3801	92	0
3802	91	0
3803	91	0
3804	92	0
3805	92	0
3806	91	0
3807	91	0
3808	91	0
3809	92	0
3810	91	0
3811	93	0
3812	92	0
3813	91	0
3814	91	0
3815	92	0
3816	92	0
3817	91	0
3818	92	0
3819	91	0
3820	92	0
3821	91	0
3822	92	0
3823	93	0
3824	92	0
3825	92	0
3826	92	0
3827	92	0
3828	92	0
3829	92	0
3830	91	0
3831	92	0
3832	91	0
3833	92	0
3834	91	0
3835	92	0
3836	91	0
3837	92	0
3838	92	0
3839	92	0
3840	93	0
3841	93	0
3842	93	0
3843	92	0
3844	91	0
3845	92	0
3846	92	0
3847	92	0
3848	91	0
3849	93	0
3850	128	0
3851	192	0
3852	198	0
3853	198	0
3854	196	0
3855	195	0
3856	144	0
3857	100	0
3858	93	0
3859	93	0
3860	94	0
3861	95	0
3862	94	0
3863	93	0
3864	92	0
3865	92	0
3866	91	0
3867	92	0
3868	92	0
3869	92	0
3870	91	0
3871	92	0
3872	93	0
3873	92	0
3874	91	0
3875	92	0
3876	92	0
3877	92	0
3878	91	0
3879	92	0
3880	93	0
3881	92	0
3882	91	0
3883	93	0
3884	92	0
3885	91	0
3886	91	0
3887	92	0
3888	92	0
3889	92	0
3890	92	0
3891	91	0
3892	92	0
3893	92	0
3894	91	0
3895	91	0
3896	92	0
3897	93	0
3898	92	0
3899	91	0
3900	91	0
3901	92	0
3902	92	0
3903	92	0
3904	92	0
3905	91	0
3906	92	0
3907	92	0
3908	91	0
3909	91	0
3910	92	0
3911	93	0
3912	91	0
3913	91	0
3914	91	0
3915	93	0
3916	92	0
3917	92	0
3918	92	0
3919	91	0
3920	92	0
3921	92	0
3922	92	0
3923	91	0
3924	93	0
3925	92	0
3926	91	0
3927	91	0
3928	92	0
3929	91	0
3930	92	0
3931	91	0
3932	91	0
3933	92	0
3934	92	0
3935	93	0
3936	92	0
3937	91	0
3938	93	0
3939	92	0
3940	92	0
3941	91	0
3942	92	0
3943	92	0
3944	91	0
3945	91	0
3946	92	0
3947	93	0
3948	91	0
3949	92	0
3950	92	0
3951	93	0
3952	92	0
3953	92	0
3954	93	0
3955	92	0
3956	92	0
3957	91	0
3958	92	0
3959	92	0
3960	92	0
3961	91	0
3962	92	0
3963	93	0
3964	92	0
3965	91	0
3966	92	0
3967	92	0
3968	93	0
3969	92	0
3970	92	0
3971	92	0
3972	92	0
3973	92	0
3974	92	0
3975	92	0
3976	91	0
3977	92	0
3978	92	0
3979	92	0
3980	91	0
3981	92	0
3982	93	0
3983	92	0
3984	91	0
3985	92	0
3986	92	0
3987	92	0
3988	92	0
3989	92	0
3990	92	0
3991	91	0
3992	92	0
3993	92	0
3994	93	0
3995	91	0
3996	92	0
3997	93	0
3998	92	0
3999	92	0
4000	92	0
4001	93	0
4002	92	0
4003	92	0
4004	92	0
4005	91	0
4006	92	0
4007	92	0
4008	92	0
4009	91	0
4010	92	0
4011	93	0
4012	91	0
4013	91	0
4014	92	0
4015	92	0
4016	92	0
4017	92	0
4018	92	0
4019	92	0
4020	92	0
4021	91	0
4022	91	0
4023	91	0
4024	92	0
4025	91	0
4026	93	0
4027	92	0
4028	92	0
4029	91	0
4030	92	0
4031	92	0
4032	91	0
4033	91	0
4034	93	0
4035	92	0
4036	91	0
4037	92	0
4038	91	0
4039	93	0
4040	91	0
4041	92	0
4042	91	0
4043	92	0
4044	92	0
4045	92	0
4046	91	0
4047	92	0
4048	92	0
4049	91	0
4050	91	0
4051	92	0
4052	93	0
4053	92	0
4054	92	0
4055	92	0
4056	93	0
4057	92	0
4058	92	0
4059	92	0
4060	92	0
4061	91	0
4062	92	0
4063	92	0
4064	92	0
4065	91	0
4066	93	0
4067	93	0
4068	92	0
4069	91	0
4070	92	0
4071	91	0
4072	91	0
4073	91	0
4074	92	0
4075	92	0
4076	93	0
4077	91	0
4078	91	0
4079	93	0
4080	91	0
4081	92	0
4082	92	0
4083	91	0
4084	92	0
4085	92	0
4086	93	0
4087	91	0
4088	93	0
4089	93	0
4090	92	0
4091	91	0
4092	91	0
4093	92	0
4094	91	0
4095	91	0
4096	92	0
4097	92	0
4098	92	0
4099	92	0
4100	91	0
4101	92	0
4102	92	0
4103	91	0
4104	91	0
4105	92	0
4106	92	0
4107	91	0
4108	92	0
4109	91	0
4110	92	0
4111	91	0
4112	92	0
4113	91	0
4114	93	0
4115	93	0
4116	92	0
4117	92	0
4118	92	0
4119	92	0
4120	92	0
4121	92	0
4122	91	0
4123	91	0
4124	92	0
4125	92	0
4126	91	0
4127	92	0
4128	92	0
4129	93	0
4130	92	0
4131	92	0
4132	93	0
4133	91	0
4134	93	0
4135	92	0
4136	91	0
4137	91	0
4138	92	0
4139	93	0
4140	92	0
4141	93	0
4142	92	0
4143	92	0
4144	92	0
4145	92	0
4146	91	0
4147	92	0
4148	92	0
4149	92	0
4150	91	0
4151	93	0
4152	92	0
4153	92	0
4154	91	0
4155	92	0
4156	92	0
4157	92	0
4158	91	0
4159	92	0
4160	92	0
4161	92	0
4162	91	0
4163	92	0
4164	93	0
4165	92	0
4166	91	0
4167	92	0
4168	93	0
4169	92	0
4170	91	0
4171	92	0
4172	92	0
4173	91	0
4174	91	0
4175	92	0
4176	93	0
4177	91	0
4178	93	0
4179	91	0
4180	92	0
4181	92	0
4182	92	0
4183	92	0
4184	92	0
4185	92	0
4186	93	0
4187	92	0
4188	92	0
4189	92	0
4190	92	0
4191	93	0
4192	92	0
4193	92	0
4194	92	0
4195	91	0
4196	92	0
4197	91	0
4198	92	0
4199	92	0
4200	92	0
4201	92	0
4202	92	0
4203	92	0
4204	92	0
4205	92	0
4206	92	0
4207	92	0
4208	93	0
4209	92	0
4210	91	0
4211	93	0
4212	92	0
4213	91	0
4214	91	0
4215	92	0
4216	92	0
4217	91	0
4218	92	0
4219	92	0
4220	93	0
4221	91	0
4222	92	0
4223	93	0
4224	92	0
4225	91	0
4226	92	0
4227	92	0
4228	92	0
4229	91	0
4230	92	0
4231	92	0
4232	92	0
4233	91	0
4234	92	0
4235	93	0
4236	92	0
4237	91	0
4238	92	0
4239	92	0
4240	92	0
4241	91	0
4242	92	0
4243	93	0
4244	92	0
4245	91	0
4246	93	0
4247	92	0
4248	92	0
4249	92	0
4250	92	0
4251	92	0
4252	92	0
4253	92	0
4254	92	0
4255	92	0
4256	92	0
4257	92	0
4258	91	0
4259	92	0
4260	92	0
4261	92	0
4262	91	0
4263	92	0
4264	92	0
4265	92	0
4266	91	0
4267	92	0
4268	93	0
4269	91	0
4270	91	0
4271	92	0
4272	92	0
4273	91	0
4274	92	0
4275	91	0
4276	93	0
4277	91	0
4278	92	0
4279	92	0
4280	92	0
4281	91	0
4282	92	0
4283	92	0
4284	91	0
4285	91	0
4286	92	0
4287	92	0
4288	91	0
4289	92	0
4290	91	0
4291	91	0
4292	91	0
4293	92	0
4294	92	0
4295	92	0
4296	91	0
4297	91	0
4298	93	0
4299	92	0
4300	92	0
4301	92	0
4302	91	0
4303	92	0
4304	92	0
4305	92	0
4306	91	0
4307	92	0
4308	93	0
4309	92	0
4310	91	0
4311	92	0
4312	92	0
4313	92	0
4314	91	0
4315	92	0
4316	93	0
4317	92	0
4318	91	0
4319	92	0
4320	92	0
4321	92	0
4322	91	0
4323	92	0
4324	93	0
4325	92	0
4326	91	0
4327	92	0
4328	92	0
4329	92	0
4330	91	0
4331	91	0
4332	92	0
4333	91	0
4334	91	0
4335	92	0
4336	92	0
4337	92	0
4338	93	0
4339	91	0
4340	92	0
4341	92	0
4342	92	0
4343	91	0
4344	92	0
4345	92	0
4346	92	0
4347	91	0
4348	93	0
4349	93	0
4350	92	0
4351	91	0
4352	92	0
4353	92	0
4354	92	0
4355	91	0
4356	92	0
4357	93	0
4358	92	0
4359	91	0
4360	92	0
4361	93	0
4362	92	0
4363	91	0
4364	92	0
4365	92	0
4366	92	0
4367	91	0
4368	92	0
4369	92	0
4370	91	0
4371	91	0
4372	92	0
4373	92	0
4374	91	0
4375	91	0
4376	92	0
4377	92	0
4378	91	0
4379	92	0
4380	91	0
4381	93	0
4382	91	0
4383	92	0
4384	92	0
4385	92	0
4386	91	0
4387	91	0
4388	93	0
4389	92	0
4390	92	0
4391	91	0
4392	92	0
4393	93	0
4394	92	0
4395	91	0
4396	92	0
4397	93	0
4398	91	0
4399	91	0
4400	92	0
4401	92	0
4402	92	0
4403	91	0
4404	91	0
4405	93	0
4406	91	0
4407	91	0
4408	93	0
4409	91	0
4410	92	0
4411	92	0
4412	91	0
4413	92	0
4414	92	0
4415	92	0
4416	91	0
4417	92	0
4418	92	0
4419	92	0
4420	91	0
4421	92	0
4422	92	0
4423	91	0
4424	91	0
4425	92	0
4426	93	0
4427	92	0
4428	92	0
4429	91	0
4430	91	0
4431	92	0
4432	92	0
4433	91	0
4434	92	0
4435	91	0
4436	92	0
4437	91	0
4438	91	0
4439	91	0
4440	92	0
4441	92	0
4442	91	0
4443	91	0
4444	91	0
4445	92	0
4446	91	0
4447	92	0
4448	91	0
4449	91	0
4450	92	0
4451	92	0
4452	91	0
4453	92	0
4454	91	0
4455	92	0
4456	91	0
4457	92	0
4458	91	0
4459	92	0
4460	92	0
4461	92	0
4462	91	0
4463	92	0
4464	93	0
4465	91	0
4466	91	0
4467	91	0
4468	92	0
4469	91	0
4470	93	0
4471	91	0
4472	91	0
4473	93	0
4474	92	0
4475	92	0
4476	92	0
4477	91	0
4478	92	0
4479	92	0
4480	91	0
4481	91	0
4482	91	0
4483	92	0
4484	91	0
4485	92	0
4486	91	0
4487	92	0
4488	92	0
4489	92	0
4490	91	0
4491	92	0
4492	92	0
4493	91	0
4494	91	0
4495	92	0
4496	92	0
4497	91	0
4498	92	0
4499	91	0
4500	92	0
4501	91	0
4502	92	0
4503	91	0
4504	92	0
4505	91	0
4506	92	0
4507	91	0
4508	92	0
4509	92	0
4510	92	0
4511	91	0
4512	91	0
4513	92	0
4514	91	0
4515	91	0
4516	92	0
4517	92	0
4518	92	0
4519	92	0
4520	91	0
4521	92	0
4522	92	0
4523	92	0
4524	92	0
4525	92	0
4526	93	0
4527	92	0
4528	92	0
4529	92	0
4530	91	0
4531	92	0
4532	92	0
4533	91	0
4534	90	0
4535	92	0
4536	92	0
4537	91	0
4538	92	0
4539	91	0
4540	92	0
4541	91	0
4542	93	0
4543	91	0
4544	92	0
4545	92	0
4546	92	0
4547	91	0
4548	92	0
4549	93	0
4550	92	0
4551	91	0
4552	91	0
4553	91	0
4554	92	0
4555	91	0
4556	92	0
4557	92	0
4558	92	0
4559	91	0
4560	93	0
4561	92	0
4562	91	0
4563	91	0
4564	91	0
4565	92	0
4566	92	0
4567	92	0
4568	91	0
4569	91	0
4570	92	0
4571	91	0
4572	92	0
4573	92	0
4574	91	0
4575	91	0
4576	92	0
4577	92	0
4578	91	0
4579	92	0
4580	91	0
4581	92	0
4582	91	0
4583	92	0
4584	91	0
4585	92	0
4586	92	0
4587	92	0
4588	91	0
4589	92	0
4590	93	0
4591	92	0
4592	91	0
4593	92	0
4594	92	0
4595	92	0
4596	91	0
4597	91	0
4598	92	0
4599	91	0
4600	91	0
4601	91	0
4602	91	0
4603	91	0
4604	92	0
4605	91	0
4606	92	0
4607	92	0
4608	91	0
4609	91	0
4610	92	0
4611	92	0
4612	90	0
4613	91	0
4614	91	0
4615	92	0
4616	92	0
4617	92	0
4618	91	0
4619	91	0
4620	92	0
4621	91	0
4622	91	0
4623	92	0
4624	91	0
4625	91	0
4626	92	0
4627	91	0
4628	92	0
4629	92	0
4630	91	0
4631	91	0
4632	93	0
4633	92	0
4634	91	0
4635	92	0
4636	91	0
4637	92	0
4638	91	0
4639	92	0
4640	91	0
4641	93	0
4642	92	0
4643	91	0
4644	91	0
4645	92	0
4646	92	0
4647	92	0
4648	91	0
4649	92	0
4650	92	0
4651	92	0
4652	91	0
4653	91	0
4654	92	0
4655	91	0
4656	91	0
4657	92	0
4658	92	0
4659	92	0
4660	92	0
4661	91	0
4662	92	0
4663	92	0
4664	91	0
4665	91	0
4666	92	0
4667	92	0
4668	91	0
4669	92	0
4670	92	0
4671	93	0
4672	91	0
4673	92	0
4674	92	0
4675	91	0
4676	91	0
4677	91	0
4678	92	0
4679	91	0
4680	92	0
4681	91	0
4682	91	0
4683	91	0
4684	91	0
4685	91	0
4686	92	0
4687	91	0
4688	92	0
4689	91	0
4690	91	0
4691	91	0
4692	92	0
4693	92	0
4694	93	0
4695	92	0
4696	91	0
4697	92	0
4698	91	0
4699	92	0
4700	91	0
4701	92	0
4702	92	0
4703	92	0
4704	92	0
4705	92	0
4706	92	0
4707	92	0
4708	91	0
4709	92	0
4710	91	0
4711	92	0
4712	91	0
4713	92	0
4714	91	0
4715	92	0
4716	91	0
4717	92	0
4718	92	0
4719	92	0
4720	92	0
4721	92	0
4722	93	0
4723	92	0
4724	92	0
4725	92	0
4726	91	0
4727	93	0
4728	92	0
4729	91	0
4730	91	0
4731	92	0
4732	92	0
4733	91	0
4734	92	0
4735	91	0
4736	93	0
4737	91	0
4738	92	0
4739	91	0
4740	91	0
4741	92	0
4742	92	0
4743	92	0
4744	92	0
4745	91	0
4746	93	0
4747	92	0
4748	92	0
4749	91	0
4750	92	0
4751	92	0
4752	92	0
4753	91	0
4754	92	0
4755	92	0
4756	92	0
4757	91	0
4758	93	0
4759	93	0
4760	91	0
4761	91	0
4762	92	0
4763	92	0
4764	91	0
4765	91	0
4766	91	0
4767	92	0
4768	91	0
4769	92	0
4770	91	0
4771	92	0
4772	92	0
4773	93	0
4774	92	0
4775	93	0
4776	92	0
4777	92	0
4778	92	0
4779	92	0
4780	92	0
4781	92	0
4782	93	0
4783	91	0
4784	92	0
4785	92	0
4786	92	0
4787	91	0
4788	91	0
4789	92	0
4790	92	0
4791	91	0
4792	91	0
4793	91	0
4794	92	0
4795	91	0
4796	92	0
4797	92	0
4798	91	0
4799	92	0
4800	92	0
4801	92	0
4802	91	0
4803	91	0
4804	93	0
4805	93	0
4806	150	0
4807	195	0
4808	198	0
4809	198	0
4810	196	0
4811	193	0
4812	133	0
4813	92	0
4814	87	0
4815	91	0
4816	93	0
4817	94	0
4818	94	0
4819	93	0
4820	93	0
4821	93	0
4822	92	0
4823	91	0
4824	92	0
4825	92	0
4826	91	0
4827	91	0
4828	92	0
4829	91	0
4830	92	0
4831	92	0
4832	91	0
4833	92	0
4834	92	0
4835	93	0
4836	91	0
4837	92	0
4838	93	0
4839	91	0
4840	91	0
4841	92	0
4842	92	0
4843	92	0
4844	92	0
4845	91	0
4846	92	0
4847	92	0
4848	92	0
4849	91	0
4850	92	0
4851	92	0
4852	92	0
4853	91	0
4854	92	0
4855	91	0
4856	91	0
4857	91	0
4858	92	0
4859	91	0
4860	92	0
4861	91	0
4862	92	0
4863	91	0
4864	92	0
4865	91	0
4866	92	0
4867	92	0
4868	92	0
4869	91	0
4870	92	0
4871	92	0
4872	91	0
4873	91	0
4874	92	0
4875	92	0
4876	91	0
4877	92	0
4878	91	0
4879	92	0
4880	91	0
4881	93	0
4882	92	0
4883	92	0
4884	91	0
4885	91	0
4886	93	0
4887	91	0
4888	91	0
4889	92	0
4890	91	0
4891	92	0
4892	92	0
4893	91	0
4894	91	0
4895	93	0
4896	92	0
4897	92	0
4898	92	0
4899	91	0
4900	92	0
4901	93	0
4902	92	0
4903	91	0
4904	92	0
4905	92	0
4906	93	0
4907	91	0
4908	92	0
4909	93	0
4910	91	0
4911	92	0
4912	92	0
4913	92	0
4914	92	0
4915	92	0
4916	92	0
4917	92	0
4918	92	0
4919	92	0
4920	91	0
4921	92	0
4922	92	0
4923	92	0
4924	91	0
4925	92	0
4926	93	0
4927	92	0
4928	91	0
4929	92	0
4930	93	0
4931	92	0
4932	91	0
4933	92	0
4934	92	0
4935	92	0
4936	91	0
4937	92	0
4938	92	0
4939	92	0
4940	92	0
4941	93	0
4942	93	0
4943	92	0
4944	91	0
4945	92	0
4946	91	0
4947	91	0
4948	91	0
4949	92	0
4950	92	0
4951	92	0
4952	91	0
4953	92	0
4954	92	0
4955	91	0
4956	91	0
4957	91	0
4958	92	0
4959	91	0
4960	92	0
4961	91	0
4962	91	0
4963	91	0
4964	92	0
4965	92	0
4966	92	0
4967	91	0
4968	92	0
4969	93	0
4970	92	0
4971	91	0
4972	92	0
4973	92	0
4974	92	0
4975	91	0
4976	92	0
4977	92	0
4978	92	0
4979	91	0
4980	91	0
4981	92	0
4982	92	0
4983	92	0
4984	92	0
4985	91	0
4986	92	0
4987	92	0
4988	91	0
4989	91	0
4990	92	0
4991	92	0
4992	91	0
4993	92	0
4994	92	0
4995	92	0
4996	91	0
4997	92	0
4998	92	0
4999	92	0
5000	91	0
5001	92	0
5002	92	0
5003	91	0
5004	91	0
5005	92	0
5006	92	0
5007	91	0
5008	92	0
5009	92	0
5010	93	0
5011	92	0
5012	92	0
5013	93	0
5014	91	0
5015	92	0
5016	93	0
5017	91	0
5018	92	0
5019	92	0
5020	93	0
5021	92	0
5022	92	0
5023	92	0
5024	92	0
5025	91	0
5026	92	0
5027	92	0
5028	92	0
5029	91	0
5030	92	0
5031	93	0
5032	92	0
5033	91	0
5034	92	0
5035	93	0
5036	92	0
5037	90	0
5038	92	0
5039	93	0
5040	92	0
5041	92	0
5042	92	0
5043	92	0
5044	91	0
5045	92	0
5046	92	0
5047	93	0
5048	91	0
5049	91	0
5050	92	0
5051	91	0
5052	91	0
5053	92	0
5054	91	0
5055	92	0
5056	92	0
5057	91	0
5058	91	0
5059	92	0
5060	92	0
5061	92	0
5062	92	0
5063	91	0
5064	93	0
5065	91	0
5066	91	0
5067	91	0
5068	92	0
5069	92	0
5070	93	0
5071	92	0
5072	92	0
5073	92	0
5074	91	0
5075	92	0
5076	92	0
5077	92	0
5078	91	0
5079	93	0
5080	92	0
5081	92	0
5082	91	0
5083	92	0
5084	92	0
5085	92	0
5086	91	0
5087	93	0
5088	93	0
5089	91	0
5090	91	0
5091	93	0
5092	92	0
5093	92	0
5094	92	0
5095	91	0
5096	92	0
5097	93	0
5098	92	0
5099	91	0
5100	92	0
5101	92	0
5102	92	0
5103	91	0
5104	92	0
5105	92	0
5106	91	0
5107	92	0
5108	92	0
5109	93	0
5110	91	0
5111	93	0
5112	92	0
5113	92	0
5114	92	0
5115	92	0
5116	92	0
5117	91	0
5118	92	0
5119	93	0
5120	92	0
5121	91	0
5122	92	0
5123	92	0
5124	92	0
5125	92	0
5126	92	0
5127	92	0
5128	92	0
5129	92	0
5130	92	0
5131	92	0
5132	91	0
5133	93	0
5134	92	0
5135	92	0
5136	91	0
5137	91	0
5138	92	0
5139	92	0
5140	91	0
5141	92	0
5142	92	0
5143	93	0
5144	91	0
5145	93	0
5146	92	0
5147	92	0
5148	91	0
5149	91	0
5150	92	0
5151	92	0
5152	91	0
5153	92	0
5154	92	0
5155	93	0
5156	91	0
5157	92	0
5158	93	0
5159	91	0
5160	91	0
5161	92	0
5162	92	0
5163	92	0
5164	92	0
5165	92	0
5166	92	0
5167	92	0
5168	91	0
5169	92	0
5170	92	0
5171	92	0
5172	91	0
5173	91	0
5174	93	0
5175	92	0
5176	91	0
5177	93	0
5178	92	0
5179	93	0
5180	92	0
5181	92	0
5182	92	0
5183	91	0
5184	92	0
5185	92	0
5186	92	0
5187	91	0
5188	93	0
5189	93	0
5190	91	0
5191	91	0
5192	92	0
5193	93	0
5194	92	0
5195	92	0
5196	92	0
5197	92	0
5198	92	0
5199	92	0
5200	93	0
5201	91	0
5202	92	0
5203	93	0
5204	91	0
5205	91	0
5206	92	0
5207	92	0
5208	92	0
5209	92	0
5210	92	0
5211	93	0
5212	92	0
5213	92	0
5214	92	0
5215	92	0
5216	92	0
5217	92	0
5218	91	0
5219	92	0
5220	92	0
5221	92	0
5222	91	0
5223	92	0
5224	92	0
5225	92	0
5226	91	0
5227	92	0
5228	92	0
5229	92	0
5230	91	0
5231	92	0
5232	93	0
5233	91	0
5234	91	0
5235	92	0
5236	93	0
5237	92	0
5238	91	0
5239	91	0
5240	92	0
5241	92	0
5242	91	0
5243	93	0
5244	91	0
5245	92	0
5246	91	0
5247	91	0
5248	91	0
5249	92	0
5250	92	0
5251	93	0
5252	91	0
5253	92	0
5254	93	0
5255	92	0
5256	92	0
5257	92	0
5258	92	0
5259	92	0
5260	92	0
5261	91	0
5262	92	0
5263	91	0
5264	92	0
5265	91	0
5266	93	0
5267	91	0
5268	92	0
5269	92	0
5270	91	0
5271	93	0
5272	92	0
5273	92	0
5274	91	0
5275	92	0
5276	92	0
5277	92	0
5278	91	0
5279	92	0
5280	93	0
5281	92	0
5282	91	0
5283	92	0
5284	92	0
5285	92	0
5286	91	0
5287	92	0
5288	93	0
5289	92	0
5290	91	0
5291	93	0
5292	93	0
5293	92	0
5294	92	0
5295	92	0
5296	92	0
5297	91	0
5298	92	0
5299	92	0
5300	92	0
5301	91	0
5302	92	0
5303	92	0
5304	91	0
5305	91	0
5306	92	0
5307	92	0
5308	91	0
5309	92	0
5310	92	0
5311	93	0
5312	91	0
5313	93	0
5314	93	0
5315	92	0
5316	91	0
5317	92	0
5318	92	0
5319	91	0
5320	91	0
5321	91	0
5322	92	0
5323	91	0
5324	92	0
5325	91	0
5326	91	0
5327	91	0
5328	92	0
5329	92	0
5330	92	0
5331	91	0
5332	91	0
5333	92	0
5334	91	0
5335	91	0
5336	92	0
5337	91	0
5338	92	0
5339	92	0
5340	91	0
5341	92	0
5342	92	0
5343	92	0
5344	91	0
5345	92	0
5346	92	0
5347	91	0
5348	91	0
5349	92	0
5350	92	0
5351	91	0
5352	92	0
5353	92	0
5354	92	0
5355	91	0
5356	92	0
5357	93	0
5358	91	0
5359	91	0
5360	92	0
5361	92	0
5362	92	0
5363	91	0
5364	91	0
5365	92	0
5366	91	0
5367	91	0
5368	92	0
5369	91	0
5370	92	0
5371	92	0
5372	92	0
5373	91	0
5374	92	0
5375	93	0
5376	92	0
5377	91	0
5378	92	0
5379	91	0
5380	92	0
5381	91	0
5382	92	0
5383	91	0
5384	92	0
5385	91	0
5386	92	0
5387	91	0
5388	92	0
5389	91	0
5390	92	0
5391	92	0
5392	92	0
5393	92	0
5394	92	0
5395	92	0
5396	91	0
5397	92	0
5398	91	0
5399	91	0
5400	91	0
5401	92	0
5402	92	0
5403	93	0
5404	91	0
5405	91	0
5406	91	0
5407	91	0
5408	92	0
5409	92	0
5410	91	0
5411	91	0
5412	91	0
5413	92	0
5414	91	0
5415	92	0
5416	91	0
5417	91	0
5418	91	0
5419	91	0
5420	91	0
5421	92	0
5422	91	0
5423	91	0
5424	92	0
5425	91	0
5426	91	0
5427	92	0
5428	91	0
5429	92	0
5430	92	0
5431	91	0
5432	92	0
5433	92	0
5434	92	0
5435	91	0
5436	92	0
5437	92	0
5438	92	0
5439	91	0
5440	92	0
5441	93	0
5442	91	0
5443	91	0
5444	91	0
5445	92	0
5446	91	0
5447	92	0
5448	91	0
5449	91	0
5450	92	0
5451	92	0
5452	91	0
5453	92	0
5454	91	0
5455	92	0
5456	91	0
5457	91	0
5458	91	0
5459	91	0
5460	91	0
5461	92	0
5462	91	0
5463	91	0
5464	91	0
5465	91	0
5466	91	0
5467	92	0
5468	91	0
5469	92	0
5470	91	0
5471	91	0
5472	92	0
5473	92	0
5474	91	0
5475	92	0
5476	91	0
5477	92	0
5478	91	0
5479	92	0
5480	91	0
5481	92	0
5482	92	0
5483	92	0
5484	92	0
5485	92	0
5486	93	0
5487	91	0
5488	92	0
5489	91	0
5490	92	0
5491	91	0
5492	91	0
5493	92	0
5494	91	0
5495	91	0
5496	92	0
5497	91	0
5498	91	0
5499	92	0
5500	91	0
5501	92	0
5502	91	0
5503	91	0
5504	93	0
5505	92	0
5506	92	0
5507	93	0
5508	91	0
5509	92	0
5510	92	0
5511	91	0
5512	91	0
5513	91	0
5514	93	0
5515	92	0
5516	92	0
5517	91	0
5518	91	0
5519	92	0
5520	92	0
5521	91	0
5522	93	0
5523	91	0
5524	92	0
5525	91	0
5526	92	0
5527	91	0
5528	91	0
5529	91	0
5530	92	0
5531	92	0
5532	93	0
5533	91	0
5534	91	0
5535	92	0
5536	91	0
5537	92	0
5538	92	0
5539	91	0
5540	91	0
5541	92	0
5542	92	0
5543	92	0
5544	93	0
5545	91	0
5546	93	0
5547	92	0
5548	92	0
5549	91	0
5550	91	0
5551	92	0
5552	91	0
5553	91	0
5554	91	0
5555	92	0
5556	92	0
5557	92	0
5558	91	0
5559	91	0
5560	92	0
5561	92	0
5562	91	0
5563	92	0
5564	91	0
5565	91	0
5566	91	0
5567	92	0
5568	92	0
5569	92	0
5570	91	0
5571	91	0
5572	93	0
5573	91	0
5574	92	0
5575	92	0
5576	91	0
5577	91	0
5578	92	0
5579	92	0
5580	91	0
5581	92	0
5582	91	0
5583	92	0
5584	91	0
5585	92	0
5586	91	0
5587	92	0
5588	92	0
5589	92	0
5590	91	0
5591	92	0
5592	92	0
5593	92	0
5594	91	0
5595	92	0
5596	93	0
5597	92	0
5598	91	0
5599	91	0
5600	91	0
5601	91	0
5602	91	0
5603	92	0
5604	91	0
5605	92	0
5606	91	0
5607	91	0
5608	92	0
5609	91	0
5610	91	0
5611	91	0
5612	91	0
5613	92	0
5614	91	0
5615	91	0
5616	91	0
5617	91	0
5618	91	0
5619	92	0
5620	92	0
5621	91	0
5622	91	0
5623	91	0
5624	92	0
5625	91	0
5626	92	0
5627	91	0
5628	91	0
5629	91	0
5630	92	0
5631	92	0
5632	92	0
5633	91	0
5634	91	0
5635	92	0
5636	91	0
5637	91	0
5638	92	0
5639	91	0
5640	91	0
5641	92	0
5642	91	0
5643	92	0
5644	92	0
5645	91	0
5646	92	0
5647	92	0
5648	92	0
5649	91	0
5650	91	0
5651	92	0
5652	91	0
5653	91	0
5654	92	0
5655	91	0
5656	91	0
5657	92	0
5658	91	0
5659	91	0
5660	92	0
5661	92	0
5662	92	0
5663	92	0
5664	91	0
5665	92	0
5666	92	0
5667	91	0
5668	90	0
5669	92	0
5670	93	0
5671	91	0
5672	92	0
5673	92	0
5674	92	0
5675	91	0
5676	92	0
5677	92	0
5678	92	0
5679	91	0
5680	93	0
5681	92	0
5682	91	0
5683	90	0
5684	91	0
5685	92	0
5686	91	0
5687	92	0
5688	91	0
5689	92	0
5690	91	0
5691	91	0
5692	91	0
5693	92	0
5694	91	0
5695	92	0
5696	92	0
5697	91	0
5698	92	0
5699	92	0
5700	92	0
5701	91	0
5702	91	0
5703	92	0
5704	91	0
5705	91	0
5706	91	0
5707	91	0
5708	92	0
5709	92	0
5710	92	0
5711	92	0
5712	91	0
5713	92	0
5714	92	0
5715	91	0
5716	91	0
5717	92	0
5718	92	0
5719	91	0
5720	92	0
5721	92	0
5722	92	0
5723	91	0
5724	92	0
5725	92	0
5726	91	0
5727	91	0
5728	92	0
5729	92	0
5730	91	0
5731	92	0
5732	91	0
5733	92	0
5734	91	0
5735	92	0
5736	92	0
5737	92	0
5738	91	0
5739	91	0
5740	93	0
5741	92	0
5742	91	0
5743	92	0
5744	91	0
5745	92	0
5746	91	0
5747	92	0
5748	91	0
5749	91	0
5750	91	0
5751	93	0
5752	93	0
5753	93	0
5754	91	0
5755	91	0
5756	92	0
5757	91	0
5758	91	0
5759	91	0
5760	93	0
5761	111	0
5762	191	0
5763	197	0
5764	198	0
5765	196	0
5766	196	0
5767	157	0
5768	110	0
5769	97	0
5770	96	0
5771	94	0
5772	94	0
5773	93	0
5774	93	0
5775	91	0
5776	91	0
5777	91	0
5778	92	0
5779	92	0
5780	92	0
5781	91	0
5782	91	0
5783	92	0
5784	92	0
5785	91	0
5786	91	0
5787	91	0
5788	92	0
5789	91	0
5790	93	0
5791	91	0
5792	93	0
5793	92	0
5794	92	0
5795	92	0
5796	92	0
5797	92	0
5798	92	0
5799	92	0
5800	92	0
5801	92	0
5802	91	0
5803	92	0
5804	92	0
5805	91	0
5806	91	0
5807	92	0
5808	92	0
5809	91	0
5810	91	0
5811	91	0
5812	92	0
5813	91	0
5814	92	0
5815	91	0
5816	91	0
5817	91	0
5818	92	0
5819	92	0
5820	92	0
5821	91	0
5822	91	0
5823	93	0
5824	91	0
5825	91	0
5826	92	0
5827	91	0
5828	92	0
5829	91	0
5830	92	0
5831	91	0
5832	92	0
5833	91	0
5834	92	0
5835	92	0
5836	92	0
5837	91	0
5838	92	0
5839	92	0
5840	92	0
5841	91	0
5842	91	0
5843	92	0
5844	91	0
5845	91	0
5846	92	0
5847	91	0
5848	92	0
5849	92	0
5850	91	0
5851	91	0
5852	92	0
5853	93	0
5854	91	0
5855	92	0
5856	92	0
5857	91	0
5858	91	0
5859	92	0
5860	92	0
5861	91	0
5862	91	0
5863	91	0
5864	92	0
5865	91	0
5866	91	0
5867	91	0
5868	91	0
5869	92	0
5870	92	0
5871	92	0
5872	91	0
5873	92	0
5874	92	0
5875	92	0
5876	91	0
5877	92	0
5878	93	0
5879	92	0
5880	91	0
5881	92	0
5882	92	0
5883	92	0
5884	91	0
5885	92	0
5886	93	0
5887	92	0
5888	91	0
5889	92	0
5890	92	0
5891	92	0
5892	91	0
5893	92	0
5894	92	0
5895	92	0
5896	91	0
5897	92	0
5898	92	0
5899	92	0
5900	91	0
5901	93	0
5902	92	0
5903	91	0
5904	91	0
5905	91	0
5906	91	0
5907	92	0
5908	93	0
5909	92	0
5910	92	0
5911	91	0
5912	91	0
5913	92	0
5914	92	0
5915	91	0
5916	92	0
5917	92	0
5918	93	0
5919	91	0
5920	92	0
5921	92	0
5922	91	0
5923	91	0
5924	92	0
5925	92	0
5926	91	0
5927	91	0
5928	91	0
5929	92	0
5930	91	0
5931	92	0
5932	91	0
5933	92	0
5934	92	0
5935	91	0
5936	91	0
5937	92	0
5938	92	0
5939	91	0
5940	92	0
5941	91	0
5942	92	0
5943	91	0
5944	92	0
5945	92	0
5946	92	0
5947	91	0
5948	92	0
5949	92	0
5950	91	0
5951	91	0
5952	92	0
5953	92	0
5954	92	0
5955	93	0
5956	91	0
5957	92	0
5958	92	0
5959	91	0
5960	91	0
5961	92	0
5962	93	0
5963	91	0
5964	92	0
5965	91	0
5966	92	0
5967	91	0
5968	92	0
5969	92	0
5970	93	0
5971	92	0
5972	92	0
5973	92	0
5974	91	0
5975	93	0
5976	91	0
5977	91	0
5978	91	0
5979	92	0
5980	91	0
5981	92	0
5982	91	0
5983	92	0
5984	92	0
5985	92	0
5986	92	0
5987	92	0
5988	92	0
5989	92	0
5990	91	0
5991	91	0
5992	92	0
5993	91	0
5994	91	0
5995	92	0
5996	92	0
5997	91	0
5998	92	0
5999	91	0
6000	92	0
6001	91	0
6002	92	0
6003	92	0
6004	91	0
6005	91	0
6006	92	0
6007	92	0
6008	91	0
6009	92	0
6010	91	0
6011	92	0
6012	91	0
6013	92	0
6014	91	0
6015	93	0
6016	91	0
6017	92	0
6018	92	0
6019	92	0
6020	91	0
6021	91	0
6022	92	0
6023	91	0
6024	91	0
6025	92	0
6026	91	0
6027	92	0
6028	92	0
6029	91	0
6030	91	0
6031	92	0
6032	92	0
6033	91	0
6034	92	0
6035	91	0
6036	92	0
6037	91	0
6038	92	0
6039	91	0
6040	92	0
6041	92	0
6042	91	0
6043	91	0
6044	92	0
6045	92	0
6046	91	0
6047	92	0
6048	91	0
6049	92	0
6050	91	0
6051	93	0
6052	92	0
6053	92	0
6054	91	0
6055	91	0
6056	92	0
6057	91	0
6058	91	0
6059	92	0
6060	92	0
6061	91	0
6062	91	0
6063	91	0
6064	92	0
6065	91	0
6066	92	0
6067	91	0
6068	91	0
6069	92	0
6070	92	0
6071	93	0
6072	92	0
6073	91	0
6074	93	0
6075	91	0
6076	92	0
6077	91	0
6078	91	0
6079	91	0
6080	92	0
6081	92	0
6082	92	0
6083	91	0
6084	92	0
6085	93	0
6086	91	0
6087	91	0
6088	92	0
6089	92	0
6090	92	0
6091	91	0
6092	91	0
6093	93	0
6094	92	0
6095	91	0
6096	92	0
6097	91	0
6098	92	0
6099	91	0
6100	92	0
6101	91	0
6102	92	0
6103	92	0
6104	92	0
6105	92	0
6106	92	0
6107	92	0
6108	91	0
6109	92	0
6110	91	0
6111	91	0
6112	91	0
6113	92	0
6114	92	0
6115	92	0
6116	91	0
6117	91	0
6118	93	0
6119	91	0
6120	92	0
6121	92	0
6122	91	0
6123	91	0
6124	92	0
6125	92	0
6126	91	0
6127	92	0
6128	91	0
6129	93	0
6130	91	0
6131	92	0
6132	92	0
6133	92	0
6134	91	0
6135	92	0
6136	92	0
6137	91	0
6138	91	0
6139	92	0
6140	92	0
6141	91	0
6142	92	0
6143	91	0
6144	92	0
6145	91	0
6146	92	0
6147	92	0
6148	92	0
6149	92	0
6150	92	0
6151	92	0
6152	92	0
6153	91	0
6154	91	0
6155	92	0
6156	92	0
6157	91	0
6158	91	0
6159	91	0
6160	92	0
6161	91	0
6162	92	0
6163	91	0
6164	92	0
6165	92	0
6166	92	0
6167	92	0
6168	92	0
6169	93	0
6170	92	0
6171	92	0
6172	92	0
6173	91	0
6174	92	0
6175	91	0
6176	92	0
6177	91	0
6178	92	0
6179	92	0
6180	92	0
6181	92	0
6182	92	0
6183	93	0
6184	91	0
6185	91	0
6186	92	0
6187	91	0
6188	92	0
6189	92	0
6190	91	0
6191	91	0
6192	92	0
6193	93	0
6194	91	0
6195	91	0
6196	91	0
6197	92	0
6198	92	0
6199	92	0
6200	92	0
6201	91	0
6202	92	0
6203	92	0
6204	92	0
6205	91	0
6206	92	0
6207	92	0
6208	92	0
6209	91	0
6210	92	0
6211	93	0
6212	92	0
6213	91	0
6214	92	0
6215	92	0
6216	91	0
6217	91	0
6218	91	0
6219	92	0
6220	91	0
6221	93	0
6222	91	0
6223	91	0
6224	92	0
6225	92	0
6226	92	0
6227	92	0
6228	92	0
6229	92	0
6230	92	0
6231	92	0
6232	92	0
6233	92	0
6234	92	0
6235	92	0
6236	92	0
6237	91	0
6238	92	0
6239	92	0
6240	92	0
6241	91	0
6242	92	0
6243	92	0
6244	92	0
6245	91	0
6246	92	0
6247	93	0
6248	92	0
6249	91	0
6250	92	0
6251	91	0
6252	91	0
6253	91	0
6254	92	0
6255	92	0
6256	92	0
6257	91	0
6258	91	0
6259	93	0
6260	91	0
6261	91	0
6262	92	0
6263	91	0
6264	92	0
6265	93	0
6266	91	0
6267	92	0
6268	92	0
6269	92	0
6270	91	0
6271	92	0
6272	93	0
6273	91	0
6274	91	0
6275	92	0
6276	92	0
6277	91	0
6278	91	0
6279	92	0
6280	93	0
6281	92	0
6282	92	0
6283	91	0
6284	91	0
6285	92	0
6286	92	0
6287	91	0
6288	92	0
6289	91	0
6290	92	0
6291	91	0
6292	92	0
6293	91	0
6294	92	0
6295	91	0
6296	93	0
6297	91	0
6298	92	0
6299	92	0
6300	92	0
6301	91	0
6302	91	0
6303	92	0
6304	92	0
6305	91	0
6306	92	0
6307	91	0
6308	92	0
6309	91	0
6310	92	0
6311	92	0
6312	91	0
6313	91	0
6314	92	0
6315	92	0
6316	92	0
6317	92	0
6318	91	0
6319	93	0
6320	91	0
6321	91	0
6322	91	0
6323	92	0
6324	91	0
6325	93	0
6326	92	0
6327	91	0
6328	92	0
6329	92	0
6330	92	0
6331	91	0
6332	92	0
6333	93	0
6334	92	0
6335	91	0
6336	92	0
6337	92	0
6338	91	0
6339	91	0
6340	92	0
6341	92	0
6342	91	0
6343	92	0
6344	91	0
6345	93	0
6346	91	0
6347	92	0
6348	92	0
6349	92	0
6350	92	0
6351	91	0
6352	91	0
6353	91	0
6354	91	0
6355	91	0
6356	93	0
6357	91	0
6358	91	0
6359	92	0
6360	92	0
6361	92	0
6362	92	0
6363	91	0
6364	92	0
6365	91	0
6366	91	0
6367	90	0
6368	91	0
6369	91	0
6370	92	0
6371	91	0
6372	92	0
6373	91	0
6374	91	0
6375	92	0
6376	93	0
6377	91	0
6378	92	0
6379	91	0
6380	92	0
6381	91	0
6382	92	0
6383	92	0
6384	91	0
6385	91	0
6386	92	0
6387	91	0
6388	91	0
6389	91	0
6390	91	0
6391	91	0
6392	92	0
6393	92	0
6394	91	0
6395	91	0
6396	91	0
6397	92	0
6398	91	0
6399	92	0
6400	91	0
6401	91	0
6402	91	0
6403	92	0
6404	91	0
6405	92	0
6406	91	0
6407	92	0
6408	93	0
6409	92	0
6410	91	0
6411	92	0
6412	92	0
6413	91	0
6414	91	0
6415	92	0
6416	92	0
6417	91	0
6418	92	0
6419	91	0
6420	92	0
6421	91	0
6422	92	0
6423	91	0
6424	92	0
6425	91	0
6426	92	0
6427	91	0
6428	91	0
6429	91	0
6430	92	0
6431	91	0
6432	92	0
6433	91	0
6434	91	0
6435	91	0
6436	92	0
6437	91	0
6438	92	0
6439	91	0
6440	91	0
6441	92	0
6442	92	0
6443	92	0
6444	92	0
6445	91	0
6446	92	0
6447	92	0
6448	91	0
6449	90	0
6450	92	0
6451	92	0
6452	91	0
6453	92	0
6454	91	0
6455	92	0
6456	91	0
6457	92	0
6458	91	0
6459	92	0
6460	92	0
6461	92	0
6462	91	0
6463	92	0
6464	92	0
6465	91	0
6466	91	0
6467	92	0
6468	91	0
6469	91	0
6470	91	0
6471	91	0
6472	92	0
6473	93	0
6474	92	0
6475	91	0
6476	91	0
6477	91	0
6478	92	0
6479	92	0
6480	93	0
6481	91	0
6482	91	0
6483	92	0
6484	91	0
6485	92	0
6486	92	0
6487	91	0
6488	91	0
6489	92	0
6490	92	0
6491	91	0
6492	92	0
6493	91	0
6494	92	0
6495	90	0
6496	91	0
6497	91	0
6498	92	0
6499	92	0
6500	92	0
6501	91	0
6502	91	0
6503	93	0
6504	91	0
6505	91	0
6506	91	0
6507	91	0
6508	91	0
6509	91	0
6510	91	0
6511	91	0
6512	91	0
6513	92	0
6514	92	0
6515	92	0
6516	91	0
6517	91	0
6518	93	0
6519	91	0
6520	91	0
6521	92	0
6522	91	0
6523	92	0
6524	91	0
6525	91	0
6526	91	0
6527	92	0
6528	92	0
6529	92	0
6530	92	0
6531	91	0
6532	92	0
6533	92	0
6534	92	0
6535	91	0
6536	92	0
6537	92	0
6538	91	0
6539	91	0
6540	92	0
6541	91	0
6542	91	0
6543	92	0
6544	91	0
6545	91	0
6546	92	0
6547	91	0
6548	92	0
6549	92	0
6550	91	0
6551	91	0
6552	92	0
6553	92	0
6554	91	0
6555	92	0
6556	91	0
6557	92	0
6558	91	0
6559	93	0
6560	91	0
6561	92	0
6562	91	0
6563	91	0
6564	91	0
6565	92	0
6566	92	0
6567	92	0
6568	91	0
6569	91	0
6570	92	0
6571	91	0
6572	91	0
6573	92	0
6574	91	0
6575	92	0
6576	92	0
6577	91	0
6578	91	0
6579	92	0
6580	92	0
6581	91	0
6582	92	0
6583	91	0
6584	93	0
6585	91	0
6586	92	0
6587	91	0
6588	92	0
6589	91	0
6590	91	0
6591	91	0
6592	92	0
6593	91	0
6594	92	0
6595	91	0
6596	91	0
6597	91	0
6598	92	0
6599	92	0
6600	92	0
6601	91	0
6602	91	0
6603	92	0
6604	91	0
6605	91	0
6606	92	0
6607	91	0
6608	92	0
6609	92	0
6610	91	0
6611	92	0
6612	92	0
6613	91	0
6614	90	0
6615	91	0
6616	92	0
6617	91	0
6618	92	0
6619	91	0
6620	91	0
6621	91	0
6622	91	0
6623	92	0
6624	93	0
6625	91	0
6626	91	0
6627	91	0
6628	91	0
6629	92	0
6630	92	0
6631	91	0
6632	91	0
6633	91	0
6634	91	0
6635	91	0
6636	92	0
6637	91	0
6638	92	0
6639	91	0
6640	91	0
6641	91	0
6642	92	0
6643	92	0
6644	93	0
6645	91	0
6646	91	0
6647	92	0
6648	91	0
6649	91	0
6650	91	0
6651	91	0
6652	91	0
6653	92	0
6654	92	0
6655	91	0
6656	91	0
6657	91	0
6658	92	0
6659	91	0
6660	92	0
6661	92	0
6662	91	0
6663	91	0
6664	92	0
6665	92	0
6666	91	0
6667	92	0
6668	91	0
6669	92	0
6670	91	0
6671	91	0
6672	91	0
6673	92	0
6674	91	0
6675	92	0
6676	91	0
6677	91	0
6678	92	0
6679	91	0
6680	92	0
6681	92	0
6682	91	0
6683	91	0
6684	92	0
6685	92	0
6686	92	0
6687	92	0
6688	91	0
6689	92	0
6690	91	0
6691	91	0
6692	91	0
6693	92	0
6694	92	0
6695	92	0
6696	91	0
6697	91	0
6698	92	0
6699	91	0
6700	91	0
6701	92	0
6702	91	0
6703	92	0
6704	92	0
6705	92	0
6706	91	0
6707	92	0
6708	93	0
6709	91	0
6710	91	0
6711	92	0
6712	91	0
6713	91	0
6714	92	0
6715	91	0
6716	92	0
6717	122	0
6718	191	0
6719	198	0
6720	198	0
6721	196	0
6722	195	0
6723	148	0
6724	103	0
6725	94	0
6726	94	0
6727	95	0
6728	94	0
6729	94	0
6730	93	0
6731	92	0
6732	91	0
6733	92	0
6734	91	0
6735	92	0
6736	91	0
6737	91	0
6738	92	0
6739	92	0
6740	91	0
6741	92	0
6742	91	0
6743	92	0
6744	91	0
6745	92	0
6746	91	0
6747	91	0
6748	91	0
6749	92	0
6750	91	0
6751	92	0
6752	91	0
6753	91	0
6754	93	0
6755	92	0
6756	92	0
6757	92	0
6758	91	0
6759	92	0
6760	92	0
6761	92	0
6762	91	0
6763	92	0
6764	92	0
6765	92	0
6766	91	0
6767	92	0
6768	92	0
6769	91	0
6770	91	0
6771	92	0
6772	92	0
6773	91	0
6774	92	0
6775	91	0
6776	92	0
6777	91	0
6778	92	0
6779	92	0
6780	91	0
6781	92	0
6782	92	0
6783	92	0
6784	91	0
6785	92	0
6786	91	0
6787	91	0
6788	91	0
6789	92	0
6790	91	0
6791	92	0
6792	91	0
6793	91	0
6794	91	0
6795	92	0
6796	91	0
6797	92	0
6798	92	0
6799	92	0
6800	92	0
6801	92	0
6802	92	0
6803	91	0
6804	91	0
6805	92	0
6806	91	0
6807	91	0
6808	92	0
6809	91	0
6810	92	0
6811	92	0
6812	91	0
6813	92	0
6814	92	0
6815	92	0
6816	91	0
6817	92	0
6818	92	0
6819	91	0
6820	90	0
6821	92	0
6822	93	0
6823	91	0
6824	93	0
6825	91	0
6826	92	0
6827	91	0
6828	92	0
6829	92	0
6830	92	0
6831	92	0
6832	91	0
6833	93	0
6834	92	0
6835	92	0
6836	92	0
6837	92	0
6838	93	0
6839	92	0
6840	92	0
6841	91	0
6842	91	0
6843	92	0
6844	92	0
6845	91	0
6846	92	0
6847	92	0
6848	93	0
6849	91	0
6850	93	0
6851	92	0
6852	91	0
6853	92	0
6854	92	0
6855	92	0
6856	91	0
6857	92	0
6858	93	0
6859	92	0
6860	91	0
6861	92	0
6862	93	0
6863	92	0
6864	91	0
6865	92	0
6866	92	0
6867	92	0
6868	91	0
6869	92	0
6870	93	0
6871	92	0
6872	91	0
6873	92	0
6874	93	0
6875	92	0
6876	91	0
6877	92	0
6878	92	0
6879	91	0
6880	91	0
6881	92	0
6882	92	0
6883	91	0
6884	92	0
6885	91	0
6886	93	0
6887	91	0
6888	93	0
6889	91	0
6890	92	0
6891	92	0
6892	91	0
6893	92	0
6894	92	0
6895	93	0
6896	91	0
6897	92	0
6898	93	0
6899	91	0
6900	91	0
6901	92	0
6902	93	0
6903	91	0
6904	92	0
6905	91	0
6906	92	0
6907	91	0
6908	92	0
6909	91	0
6910	92	0
6911	91	0
6912	93	0
6913	92	0
6914	92	0
6915	92	0
6916	92	0
6917	92	0
6918	92	0
6919	92	0
6920	92	0
6921	93	0
6922	91	0
6923	92	0
6924	92	0
6925	91	0
6926	91	0
6927	92	0
6928	93	0
6929	91	0
6930	93	0
6931	91	0
6932	92	0
6933	91	0
6934	92	0
6935	92	0
6936	93	0
6937	91	0
6938	92	0
6939	92	0
6940	92	0
6941	92	0
6942	92	0
6943	92	0
6944	91	0
6945	91	0
6946	92	0
6947	91	0
6948	91	0
6949	92	0
6950	91	0
6951	93	0
6952	92	0
6953	91	0
6954	92	0
6955	92	0
6956	92	0
6957	91	0
6958	92	0
6959	92	0
6960	92	0
6961	91	0
6962	92	0
6963	93	0
6964	92	0
6965	91	0
6966	92	0
6967	92	0
6968	92	0
6969	91	0
6970	91	0
6971	92	0
6972	91	0
6973	91	0
6974	92	0
6975	92	0
6976	92	0
6977	91	0
6978	91	0
6979	92	0
6980	92	0
6981	91	0
6982	91	0
6983	91	0
6984	92	0
6985	91	0
6986	93	0
6987	91	0
6988	92	0
6989	92	0
6990	92	0
6991	91	0
6992	91	0
6993	92	0
6994	91	0
6995	91	0
6996	91	0
6997	91	0
6998	93	0
6999	92	0
7000	91	0
7001	91	0
7002	92	0
7003	92	0
7004	91	0
7005	92	0
7006	92	0
7007	93	0
7008	91	0
7009	93	0
7010	93	0
7011	91	0
7012	91	0
7013	92	0
7014	92	0
7015	91	0
7016	91	0
7017	91	0
7018	93	0
7019	92	0
7020	93	0
7021	92	0
7022	91	0
7023	92	0
7024	91	0
7025	91	0
7026	91	0
7027	92	0
7028	92	0
7029	93	0
7030	92	0
7031	92	0
7032	92	0
7033	91	0
7034	92	0
7035	92	0
7036	91	0
7037	91	0
7038	92	0
7039	93	0
7040	91	0
7041	92	0
7042	92	0
7043	92	0
7044	91	0
7045	91	0
7046	92	0
7047	92	0
7048	91	0
7049	92	0
7050	91	0
7051	93	0
7052	91	0
7053	92	0
7054	91	0
7055	92	0
7056	91	0
7057	92	0
7058	91	0
7059	92	0
7060	91	0
7061	92	0
7062	92	0
7063	92	0
7064	91	0
7065	93	0
7066	92	0
7067	91	0
7068	91	0
7069	91	0
7070	92	0
7071	91	0
7072	92	0
7073	91	0
7074	91	0
7075	91	0
7076	91	0
7077	92	0
7078	93	0
7079	91	0
7080	91	0
7081	91	0
7082	92	0
7083	91	0
7084	92	0
7085	91	0
7086	92	0
7087	91	0
7088	92	0
7089	91	0
7090	92	0
7091	91	0
7092	92	0
7093	92	0
7094	92	0
7095	91	0
7096	92	0
7097	92	0
7098	92	0
7099	91	0
7100	92	0
7101	92	0
7102	91	0
7103	92	0
7104	92	0
7105	93	0
7106	91	0
7107	92	0
7108	93	0
7109	92	0
7110	92	0
7111	92	0
7112	91	0
7113	91	0
7114	92	0
7115	91	0
7116	91	0
7117	91	0
7118	92	0
7119	92	0
7120	92	0
7121	91	0
7122	91	0
7123	92	0
7124	91	0
7125	91	0
7126	92	0
7127	91	0
7128	92	0
7129	92	0
7130	91	0
7131	91	0
7132	92	0
7133	92	0
7134	91	0
7135	91	0
7136	92	0
7137	93	0
7138	92	0
7139	92	0
7140	92	0
7141	92	0
7142	92	0
7143	92	0
7144	92	0
7145	92	0
7146	91	0
7147	92	0
7148	91	0
7149	92	0
7150	91	0
7151	92	0
7152	92	0
7153	92	0
7154	91	0
7155	92	0
7156	93	0
7157	91	0
7158	91	0
7159	92	0
7160	92	0
7161	92	0
7162	92	0
7163	92	0
7164	92	0
7165	91	0
7166	91	0
7167	92	0
7168	91	0
7169	91	0
7170	93	0
7171	91	0
7172	92	0
7173	92	0
7174	92	0
7175	91	0
7176	92	0
7177	92	0
7178	91	0
7179	91	0
7180	92	0
7181	93	0
7182	91	0
7183	92	0
7184	92	0
7185	92	0
7186	91	0
7187	92	0
7188	92	0
7189	92	0
7190	91	0
7191	92	0
7192	92	0
7193	92	0
7194	91	0
7195	92	0
7196	93	0
7197	92	0
7198	91	0
7199	92	0
7200	92	0
7201	92	0
7202	91	0
7203	93	0
7204	93	0
7205	91	0
7206	91	0
7207	92	0
7208	93	0
7209	92	0
7210	92	0
7211	91	0
7212	92	0
7213	92	0
7214	92	0
7215	91	0
7216	92	0
7217	92	0
7218	92	0
7219	91	0
7220	92	0
7221	92	0
7222	92	0
7223	91	0
7224	92	0
7225	93	0
7226	91	0
7227	91	0
7228	93	0
7229	92	0
7230	92	0
7231	92	0
7232	91	0
7233	92	0
7234	91	0
7235	91	0
7236	91	0
7237	91	0
7238	92	0
7239	92	0
7240	91	0
7241	91	0
7242	91	0
7243	92	0
7244	91	0
7245	92	0
7246	91	0
7247	91	0
7248	91	0
7249	92	0
7250	91	0
7251	92	0
7252	91	0
7253	92	0
7254	91	0
7255	92	0
7256	91	0
7257	91	0
7258	91	0
7259	91	0
7260	92	0
7261	92	0
7262	91	0
7263	91	0
7264	91	0
7265	92	0
7266	91	0
7267	93	0
7268	92	0
7269	91	0
7270	92	0
7271	92	0
7272	92	0
7273	91	0
7274	92	0
7275	92	0
7276	92	0
7277	91	0
7278	92	0
7279	92	0
7280	92	0
7281	91	0
7282	92	0
7283	92	0
7284	91	0
7285	91	0
7286	92	0
7287	92	0
7288	91	0
7289	92	0
7290	91	0
7291	92	0
7292	91	0
7293	92	0
7294	91	0
7295	92	0
7296	91	0
7297	92	0
7298	92	0
7299	92	0
7300	92	0
7301	93	0
7302	92	0
7303	93	0
7304	92	0
7305	91	0
7306	91	0
7307	92	0
7308	91	0
7309	91	0
7310	92	0
7311	91	0
7312	92	0
7313	92	0
7314	91	0
7315	91	0
7316	92	0
7317	92	0
7318	92	0
7319	92	0
7320	91	0
7321	92	0
7322	91	0
7323	92	0
7324	91	0
7325	91	0
7326	91	0
7327	92	0
7328	91	0
7329	92	0
7330	91	0
7331	91	0
7332	91	0
7333	93	0
7334	92	0
7335	93	0
7336	92	0
7337	91	0
7338	92	0
7339	91	0
7340	92	0
7341	91	0
7342	93	0
7343	91	0
7344	92	0
7345	92	0
7346	92	0
7347	91	0
7348	92	0
7349	93	0
7350	91	0
7351	91	0
7352	92	0
7353	92	0
7354	91	0
7355	92	0
7356	92	0
7357	92	0
7358	91	0
7359	92	0
7360	92	0
7361	92	0
7362	91	0
7363	92	0
7364	92	0
7365	91	0
7366	91	0
7367	92	0
7368	92	0
7369	91	0
7370	92	0
7371	91	0
7372	92	0
7373	91	0
7374	92	0
7375	91	0
7376	92	0
7377	91	0
7378	91	0
7379	91	0
7380	92	0
7381	91	0
7382	92	0
7383	91	0
7384	91	0
7385	92	0
7386	92	0
7387	92	0
7388	91	0
7389	92	0
7390	92	0
7391	91	0
7392	91	0
7393	92	0
7394	92	0
7395	92	0
7396	92	0
7397	91	0
7398	91	0
7399	91	0
7400	91	0
7401	91	0
7402	91	0
7403	91	0
7404	91	0
7405	91	0
7406	91	0
7407	91	0
7408	91	0
7409	91	0
7410	92	0
7411	91	0
7412	91	0
7413	91	0
7414	91	0
7415	92	0
7416	92	0
7417	91	0
7418	91	0
7419	91	0
7420	92	0
7421	91	0
7422	92	0
7423	92	0
7424	91	0
7425	91	0
7426	92	0
7427	92	0
7428	91	0
7429	93	0
7430	92	0
7431	92	0
7432	91	0
7433	92	0
7434	92	0
7435	92	0
7436	91	0
7437	92	0
7438	92	0
7439	91	0
7440	91	0
7441	92	0
7442	92	0
7443	91	0
7444	92	0
7445	91	0
7446	92	0
7447	91	0
7448	91	0
7449	92	0
7450	92	0
7451	92	0
7452	92	0
7453	91	0
7454	92	0
7455	92	0
7456	92	0
7457	91	0
7458	92	0
7459	92	0
7460	92	0
7461	91	0
7462	92	0
7463	92	0
7464	91	0
7465	91	0
7466	92	0
7467	93	0
7468	91	0
7469	92	0
7470	91	0
7471	92	0
7472	91	0
7473	92	0
7474	92	0
7475	92	0
7476	91	0
7477	92	0
7478	93	0
7479	92	0
7480	91	0
7481	92	0
7482	92	0
7483	91	0
7484	91	0
7485	92	0
7486	92	0
7487	91	0
7488	91	0
7489	91	0
7490	92	0
7491	91	0
7492	92	0
7493	91	0
7494	92	0
7495	91	0
7496	92	0
7497	91	0
7498	93	0
7499	91	0
7500	92	0
7501	92	0
7502	92	0
7503	91	0
7504	92	0
7505	92	0
7506	92	0
7507	91	0
7508	92	0
7509	92	0
7510	91	0
7511	91	0
7512	92	0
7513	91	0
7514	91	0
7515	92	0
7516	91	0
7517	92	0
7518	92	0
7519	91	0
7520	91	0
7521	92	0
7522	93	0
7523	91	0
7524	92	0
7525	91	0
7526	92	0
7527	91	0
7528	92	0
7529	92	0
7530	93	0
7531	92	0
7532	92	0
7533	92	0
7534	92	0
7535	92	0
7536	92	0
7537	92	0
7538	91	0
7539	91	0
7540	92	0
7541	91	0
7542	91	0
7543	92	0
7544	91	0
7545	91	0
7546	91	0
7547	91	0
7548	92	0
7549	92	0
7550	91	0
7551	91	0
7552	91	0
7553	92	0
7554	91	0
7555	92	0
7556	91	0
7557	91	0
7558	91	0
7559	91	0
7560	91	0
7561	92	0
7562	92	0
7563	92	0
7564	91	0
7565	91	0
7566	92	0
7567	91	0
7568	91	0
7569	93	0
7570	91	0
7571	92	0
7572	92	0
7573	92	0
7574	91	0
7575	92	0
7576	93	0
7577	92	0
7578	91	0
7579	92	0
7580	92	0
7581	91	0
7582	91	0
7583	92	0
7584	92	0
7585	91	0
7586	92	0
7587	92	0
7588	92	0
7589	91	0
7590	92	0
7591	91	0
7592	92	0
7593	90	0
7594	91	0
7595	91	0
7596	91	0
7597	92	0
7598	92	0
7599	92	0
7600	91	0
7601	91	0
7602	93	0
7603	91	0
7604	91	0
7605	92	0
7606	91	0
7607	92	0
7608	92	0
7609	91	0
7610	92	0
7611	92	0
7612	92	0
7613	91	0
7614	92	0
7615	92	0
7616	92	0
7617	91	0
7618	92	0
7619	93	0
7620	92	0
7621	91	0
7622	92	0
7623	92	0
7624	91	0
7625	91	0
7626	92	0
7627	92	0
7628	91	0
7629	92	0
7630	92	0
7631	92	0
7632	91	0
7633	92	0
7634	92	0
7635	92	0
7636	91	0
7637	93	0
7638	92	0
7639	92	0
7640	91	0
7641	92	0
7642	93	0
7643	92	0
7644	91	0
7645	92	0
7646	92	0
7647	92	0
7648	91	0
7649	92	0
7650	92	0
7651	92	0
7652	91	0
7653	92	0
7654	92	0
7655	92	0
7656	91	0
7657	92	0
7658	92	0
7659	92	0
7660	91	0
7661	92	0
7662	93	0
7663	92	0
7664	91	0
7665	91	0
7666	91	0
7667	91	0
7668	92	0
7669	92	0
7670	92	0
7671	93	0
7672	97	0
7673	189	0
7674	200	0
7675	200	0
7676	195	0
7677	197	0
7678	177	0
7679	121	0
7680	96	0
7681	93	0
7682	91	0
7683	91	0
7684	91	0
7685	90	0
7686	92	0
7687	91	0
7688	92	0
7689	92	0
7690	91	0
7691	91	0
7692	92	0
7693	92	0
7694	91	0
7695	92	0
7696	92	0
7697	92	0
7698	91	0
7699	92	0
7700	92	0
7701	91	0
7702	91	0
7703	92	0
7704	92	0
7705	92	0
7706	91	0
7707	91	0
7708	93	0
7709	91	0
7710	91	0
7711	93	0
7712	91	0
7713	92	0
7714	92	0
7715	91	0
7716	92	0
7717	91	0
7718	92	0
7719	91	0
7720	92	0
7721	91	0
7722	93	0
7723	91	0
7724	92	0
7725	92	0
7726	92	0
7727	91	0
7728	93	0
7729	92	0
7730	92	0
7731	91	0
7732	92	0
7733	92	0
7734	92	0
7735	91	0
7736	92	0
7737	92	0
7738	91	0
7739	91	0
7740	91	0
7741	92	0
7742	91	0
7743	92	0
7744	91	0
7745	91	0
7746	92	0
7747	91	0
7748	91	0
7749	92	0
7750	91	0
7751	92	0
7752	92	0
7753	92	0
7754	92	0
7755	92	0
7756	92	0
7757	92	0
7758	91	0
7759	91	0
7760	91	0
7761	91	0
7762	91	0
7763	92	0
7764	92	0
7765	92	0
7766	91	0
7767	91	0
7768	92	0
7769	91	0
7770	91	0
7771	91	0
7772	92	0
7773	92	0
7774	93	0
7775	92	0
7776	92	0
7777	92	0
7778	91	0
7779	92	0
7780	93	0
7781	92	0
7782	91	0
7783	92	0
7784	92	0
7785	91	0
7786	91	0
7787	92	0
7788	92	0
7789	91	0
7790	93	0
7791	92	0
7792	92	0
7793	91	0
7794	91	0
7795	92	0
7796	92	0
7797	91	0
7798	92	0
7799	91	0
7800	92	0
7801	91	0
7802	92	0
7803	91	0
7804	92	0
7805	91	0
7806	92	0
7807	92	0
7808	92	0
7809	91	0
7810	92	0
7811	92	0
7812	92	0
7813	91	0
7814	92	0
7815	92	0
7816	92	0
7817	91	0
7818	92	0
7819	92	0
7820	91	0
7821	90	0
7822	91	0
7823	92	0
7824	91	0
7825	92	0
7826	91	0
7827	91	0
7828	92	0
7829	92	0
7830	91	0
7831	93	0
7832	91	0
7833	93	0
7834	91	0
7835	92	0
7836	92	0
7837	92	0
7838	91	0
7839	92	0
7840	93	0
7841	91	0
7842	91	0
7843	93	0
7844	92	0
7845	91	0
7846	92	0
7847	91	0
7848	92	0
7849	91	0
7850	92	0
7851	91	0
7852	92	0
7853	91	0
7854	91	0
7855	91	0
7856	92	0
7857	92	0
7858	92	0
7859	91	0
7860	91	0
7861	92	0
7862	91	0
7863	91	0
7864	92	0
7865	91	0
7866	92	0
7867	92	0
7868	92	0
7869	92	0
7870	92	0
7871	93	0
7872	91	0
7873	92	0
7874	92	0
7875	91	0
7876	91	0
7877	92	0
7878	92	0
7879	91	0
7880	92	0
7881	92	0
7882	92	0
7883	91	0
7884	92	0
7885	92	0
7886	91	0
7887	91	0
7888	92	0
7889	92	0
7890	91	0
7891	92	0
7892	92	0
7893	92	0
7894	91	0
7895	92	0
7896	93	0
7897	92	0
7898	91	0
7899	92	0
7900	92	0
7901	92	0
7902	92	0
7903	92	0
7904	93	0
7905	91	0
7906	92	0
7907	92	0
7908	92	0
7909	91	0
7910	92	0
7911	93	0
7912	91	0
7913	91	0
7914	92	0
7915	93	0
7916	91	0
7917	92	0
7918	92	0
7919	92	0
7920	91	0
7921	92	0
7922	93	0
7923	92	0
7924	91	0
7925	92	0
7926	92	0
7927	92	0
7928	91	0
7929	92	0
7930	93	0
7931	92	0
7932	91	0
7933	92	0
7934	92	0
7935	92	0
7936	91	0
7937	92	0
7938	92	0
7939	92	0
7940	91	0
7941	92	0
7942	92	0
7943	92	0
7944	91	0
7945	92	0
7946	93	0
7947	91	0
7948	91	0
7949	93	0
7950	92	0
7951	91	0
7952	92	0
7953	91	0
7954	92	0
7955	92	0
7956	92	0
7957	92	0
7958	92	0
7959	92	0
7960	92	0
7961	92	0
7962	92	0
7963	92	0
7964	92	0
7965	92	0
7966	91	0
7967	92	0
7968	92	0
7969	92	0
7970	91	0
7971	91	0
7972	93	0
7973	91	0
7974	91	0
7975	92	0
7976	91	0
7977	92	0
7978	92	0
7979	91	0
7980	91	0
7981	92	0
7982	92	0
7983	91	0
7984	92	0
7985	91	0
7986	93	0
7987	91	0
7988	92	0
7989	91	0
7990	92	0
7991	92	0
7992	92	0
7993	92	0
7994	92	0
7995	92	0
7996	91	0
7997	92	0
7998	92	0
7999	92	0
