Oscilloscope data. 
Time step = 10,00 nS
Voltage step = 3,125 mV
Zero level = 80

N 	Smpl.	Trig

0	96	0
1	113	0
2	130	0
3	144	0
4	155	0
5	164	0
6	163	0
7	153	0
8	138	0
9	126	0
10	116	0
11	108	0
12	102	0
13	98	0
14	94	0
15	93	0
16	92	0
17	92	0
18	93	0
19	94	0
20	97	0
21	97	0
22	98	0
23	99	0
24	98	0
25	98	0
26	96	0
27	94	0
28	92	0
29	90	0
30	88	0
31	86	0
32	87	0
33	86	0
34	89	0
35	89	0
36	92	0
37	94	0
38	96	0
39	98	0
40	98	0
41	98	0
42	97	0
43	97	0
44	94	0
45	91	0
46	89	0
47	88	0
48	86	0
49	87	0
50	88	0
51	89	0
52	91	0
53	93	0
54	94	0
55	96	0
56	97	0
57	97	0
58	97	0
59	94	0
60	94	0
61	91	0
62	89	0
63	86	0
64	87	0
65	86	0
66	87	0
67	89	0
68	91	0
69	93	0
70	95	0
71	96	0
72	97	0
73	97	0
74	94	0
75	93	0
76	92	0
77	89	0
78	86	0
79	86	0
80	86	0
81	86	0
82	89	0
83	91	0
84	93	0
85	94	0
86	96	0
87	97	0
88	96	0
89	96	0
90	94	0
91	93	0
92	90	0
93	89	0
94	86	0
95	86	0
96	86	0
97	87	0
98	89	0
99	92	0
100	93	0
101	94	0
102	97	0
103	97	0
104	96	0
105	94	0
106	92	0
107	91	0
108	88	0
109	86	0
110	87	0
111	86	0
112	88	0
113	89	0
114	92	0
115	93	0
116	95	0
117	96	0
118	97	0
119	97	0
120	94	0
121	93	0
122	92	0
123	89	0
124	86	0
125	86	0
126	86	0
127	87	0
128	89	0
129	91	0
130	93	0
131	94	0
132	96	0
133	97	0
134	96	0
135	94	0
136	93	0
137	91	0
138	89	0
139	86	0
140	86	0
141	86	0
142	87	0
143	89	0
144	91	0
145	92	0
146	94	0
147	96	0
148	97	0
149	97	0
150	97	0
151	94	0
152	92	0
153	90	0
154	88	0
155	86	0
156	86	0
157	86	0
158	89	0
159	89	0
160	92	0
161	93	0
162	94	0
163	97	0
164	97	0
165	97	0
166	94	0
167	93	0
168	92	0
169	88	0
170	86	0
171	86	0
172	86	0
173	87	0
174	89	0
175	91	0
176	93	0
177	94	0
178	96	0
179	96	0
180	97	0
181	96	0
182	94	0
183	93	0
184	89	0
185	88	0
186	86	0
187	86	0
188	87	0
189	88	0
190	90	0
191	93	0
192	94	0
193	96	0
194	97	0
195	97	0
196	96	0
197	94	0
198	93	0
199	90	0
200	89	0
201	86	0
202	86	0
203	86	0
204	87	0
205	89	0
206	93	0
207	93	0
208	95	0
209	96	0
210	97	0
211	97	0
212	94	0
213	93	0
214	92	0
215	89	0
216	86	0
217	87	0
218	86	0
219	86	0
220	88	0
221	91	0
222	93	0
223	94	0
224	96	0
225	97	0
226	96	0
227	96	0
228	94	0
229	92	0
230	90	0
231	88	0
232	86	0
233	86	0
234	86	0
235	88	0
236	90	0
237	92	0
238	94	0
239	95	0
240	96	0
241	97	0
242	96	0
243	94	0
244	92	0
245	91	0
246	88	0
247	86	0
248	86	0
249	86	0
250	88	0
251	89	0
252	92	0
253	93	0
254	94	0
255	96	0
256	97	0
257	97	0
258	95	0
259	93	0
260	91	0
261	89	0
262	86	0
263	86	0
264	86	0
265	87	0
266	89	0
267	91	0
268	93	0
269	94	0
270	96	0
271	97	0
272	96	0
273	95	0
274	94	0
275	92	0
276	90	0
277	86	0
278	86	0
279	86	0
280	86	0
281	89	0
282	90	0
283	93	0
284	94	0
285	95	0
286	96	0
287	96	0
288	96	0
289	94	0
290	92	0
291	91	0
292	88	0
293	86	0
294	86	0
295	86	0
296	87	0
297	89	0
298	92	0
299	94	0
300	95	0
301	97	0
302	97	0
303	96	0
304	94	0
305	93	0
306	92	0
307	89	0
308	86	0
309	86	0
310	86	0
311	86	0
312	89	0
313	91	0
314	93	0
315	94	0
316	95	0
317	97	0
318	97	0
319	95	0
320	93	0
321	91	0
322	91	0
323	86	0
324	86	0
325	86	0
326	87	0
327	89	0
328	90	0
329	93	0
330	94	0
331	94	0
332	96	0
333	96	0
334	96	0
335	94	0
336	92	0
337	91	0
338	88	0
339	86	0
340	86	0
341	86	0
342	88	0
343	89	0
344	92	0
345	93	0
346	94	0
347	97	0
348	97	0
349	96	0
350	94	0
351	93	0
352	91	0
353	88	0
354	86	0
355	86	0
356	86	0
357	87	0
358	88	0
359	91	0
360	93	0
361	94	0
362	96	0
363	97	0
364	97	0
365	94	0
366	93	0
367	92	0
368	89	0
369	86	0
370	86	0
371	86	0
372	86	0
373	88	0
374	91	0
375	92	0
376	94	0
377	95	0
378	97	0
379	97	0
380	96	0
381	94	0
382	93	0
383	91	0
384	88	0
385	86	0
386	86	0
387	87	0
388	88	0
389	89	0
390	93	0
391	94	0
392	95	0
393	96	0
394	97	0
395	96	0
396	94	0
397	93	0
398	91	0
399	89	0
400	86	0
401	86	0
402	86	0
403	87	0
404	88	0
405	91	0
406	93	0
407	95	0
408	96	0
409	97	0
410	97	0
411	96	0
412	93	0
413	92	0
414	89	0
415	87	0
416	86	0
417	87	0
418	86	0
419	88	0
420	91	0
421	93	0
422	94	0
423	97	0
424	97	0
425	97	0
426	97	0
427	94	0
428	93	0
429	90	0
430	89	0
431	86	0
432	87	0
433	86	0
434	88	0
435	90	0
436	92	0
437	93	0
438	95	0
439	96	0
440	97	0
441	96	0
442	94	0
443	92	0
444	91	0
445	88	0
446	86	0
447	87	0
448	86	0
449	88	0
450	89	0
451	92	0
452	94	0
453	95	0
454	97	0
455	97	0
456	97	0
457	94	0
458	93	0
459	93	0
460	89	0
461	86	0
462	86	0
463	86	0
464	86	0
465	89	0
466	91	0
467	93	0
468	94	0
469	95	0
470	97	0
471	97	0
472	96	0
473	94	0
474	91	0
475	91	0
476	87	0
477	86	0
478	86	0
479	86	0
480	88	0
481	90	0
482	92	0
483	93	0
484	95	0
485	96	0
486	97	0
487	97	0
488	94	0
489	93	0
490	92	0
491	89	0
492	86	0
493	87	0
494	86	0
495	87	0
496	89	0
497	91	0
498	93	0
499	94	0
500	96	0
501	97	0
502	97	0
503	95	0
504	94	0
505	93	0
506	90	0
507	87	0
508	87	0
509	86	0
510	86	0
511	88	0
512	89	0
513	91	0
514	93	0
515	94	0
516	97	0
517	97	0
518	97	0
519	96	0
520	94	0
521	93	0
522	89	0
523	87	0
524	86	0
525	86	0
526	87	0
527	88	0
528	90	0
529	92	0
530	94	0
531	95	0
532	97	0
533	96	0
534	96	0
535	93	0
536	92	0
537	91	0
538	88	0
539	86	0
540	86	0
541	86	0
542	88	0
543	89	0
544	92	0
545	93	0
546	94	0
547	97	0
548	96	0
549	96	0
550	94	0
551	93	0
552	92	0
553	89	0
554	86	0
555	87	0
556	86	0
557	87	0
558	88	0
559	91	0
560	93	0
561	94	0
562	96	0
563	97	0
564	97	0
565	95	0
566	94	0
567	93	0
568	90	0
569	86	0
570	86	0
571	86	0
572	87	0
573	88	0
574	91	0
575	92	0
576	94	0
577	96	0
578	97	0
579	97	0
580	96	0
581	94	0
582	93	0
583	90	0
584	88	0
585	86	0
586	86	0
587	86	0
588	89	0
589	89	0
590	93	0
591	94	0
592	95	0
593	96	0
594	97	0
595	95	0
596	94	0
597	92	0
598	91	0
599	87	0
600	87	0
601	86	0
602	86	0
603	88	0
604	89	0
605	91	0
606	93	0
607	94	0
608	97	0
609	97	0
610	96	0
611	94	0
612	93	0
613	92	0
614	89	0
615	86	0
616	86	0
617	86	0
618	86	0
619	89	0
620	91	0
621	93	0
622	94	0
623	95	0
624	97	0
625	97	0
626	95	0
627	93	0
628	91	0
629	91	0
630	87	0
631	86	0
632	86	0
633	86	0
634	87	0
635	90	0
636	92	0
637	94	0
638	95	0
639	96	0
640	96	0
641	96	0
642	94	0
643	91	0
644	91	0
645	88	0
646	86	0
647	86	0
648	86	0
649	87	0
650	89	0
651	92	0
652	94	0
653	95	0
654	96	0
655	97	0
656	96	0
657	94	0
658	92	0
659	91	0
660	88	0
661	86	0
662	86	0
663	86	0
664	88	0
665	89	0
666	91	0
667	93	0
668	94	0
669	97	0
670	96	0
671	96	0
672	95	0
673	93	0
674	93	0
675	89	0
676	86	0
677	87	0
678	86	0
679	86	0
680	88	0
681	90	0
682	93	0
683	94	0
684	95	0
685	97	0
686	96	0
687	95	0
688	93	0
689	91	0
690	90	0
691	86	0
692	86	0
693	86	0
694	87	0
695	88	0
696	90	0
697	92	0
698	94	0
699	94	0
700	97	0
701	96	0
702	94	0
703	94	0
704	91	0
705	91	0
706	87	0
707	86	0
708	86	0
709	86	0
710	87	0
711	90	0
712	92	0
713	93	0
714	95	0
715	97	0
716	96	0
717	96	0
718	94	0
719	93	0
720	92	0
721	88	0
722	86	0
723	86	0
724	86	0
725	87	0
726	89	0
727	91	0
728	93	0
729	94	0
730	96	0
731	96	0
732	97	0
733	94	0
734	93	0
735	92	0
736	88	0
737	86	0
738	86	0
739	86	0
740	87	0
741	89	0
742	91	0
743	93	0
744	94	0
745	95	0
746	96	0
747	96	0
748	95	0
749	93	0
750	91	0
751	91	0
752	86	0
753	87	0
754	86	0
755	86	0
756	87	0
757	90	0
758	91	0
759	94	0
760	95	0
761	97	0
762	97	0
763	95	0
764	94	0
765	92	0
766	90	0
767	86	0
768	87	0
769	86	0
770	86	0
771	88	0
772	89	0
773	91	0
774	94	0
775	94	0
776	97	0
777	96	0
778	95	0
779	94	0
780	91	0
781	91	0
782	87	0
783	87	0
784	86	0
785	86	0
786	87	0
787	89	0
788	91	0
789	94	0
790	94	0
791	96	0
792	97	0
793	96	0
794	94	0
795	93	0
796	91	0
797	89	0
798	86	0
799	87	0
800	86	0
801	86	0
802	88	0
803	91	0
804	93	0
805	94	0
806	96	0
807	97	0
808	97	0
809	94	0
810	93	0
811	92	0
812	89	0
813	86	0
814	87	0
815	86	0
816	86	0
817	88	0
818	90	0
819	92	0
820	94	0
821	95	0
822	97	0
823	96	0
824	95	0
825	93	0
826	91	0
827	90	0
828	87	0
829	87	0
830	86	0
831	87	0
832	88	0
833	90	0
834	92	0
835	93	0
836	96	0
837	97	0
838	97	0
839	96	0
840	94	0
841	93	0
842	90	0
843	88	0
844	86	0
845	86	0
846	86	0
847	88	0
848	89	0
849	92	0
850	93	0
851	94	0
852	97	0
853	97	0
854	96	0
855	94	0
856	93	0
857	91	0
858	88	0
859	86	0
860	86	0
861	86	0
862	87	0
863	89	0
864	91	0
865	93	0
866	94	0
867	96	0
868	96	0
869	96	0
870	96	0
871	94	0
872	92	0
873	89	0
874	87	0
875	86	0
876	86	0
877	86	0
878	88	0
879	90	0
880	93	0
881	94	0
882	95	0
883	96	0
884	97	0
885	95	0
886	94	0
887	92	0
888	91	0
889	86	0
890	87	0
891	86	0
892	86	0
893	88	0
894	89	0
895	91	0
896	93	0
897	94	0
898	97	0
899	97	0
900	97	0
901	94	0
902	93	0
903	92	0
904	89	0
905	86	0
906	87	0
907	86	0
908	86	0
909	89	0
910	91	0
911	93	0
912	94	0
913	95	0
914	97	0
915	97	0
916	96	0
917	94	0
918	92	0
919	91	0
920	88	0
921	86	0
922	87	0
923	86	0
924	88	0
925	89	0
926	92	0
927	94	0
928	95	0
929	97	0
930	96	0
931	96	0
932	94	0
933	93	0
934	92	0
935	89	0
936	86	0
937	86	0
938	86	0
939	86	0
940	89	0
941	91	0
942	93	0
943	94	0
944	95	0
945	97	0
946	96	0
947	96	0
948	94	0
949	91	0
950	91	0
951	88	0
952	86	0
953	86	0
954	86	0
955	89	0
956	108	0
957	129	0
958	144	0
959	154	0
960	161	0
961	158	0
962	145	0
963	134	0
964	124	0
965	117	0
966	113	0
967	110	0
968	109	0
969	108	0
970	106	0
971	105	0
972	103	0
973	101	0
974	98	0
975	96	0
976	93	0
977	91	0
978	89	0
979	87	0
980	86	0
981	87	0
982	88	0
983	89	0
984	91	0
985	93	0
986	94	0
987	96	0
988	98	0
989	98	0
990	98	0
991	97	0
992	96	0
993	93	0
994	90	0
995	88	0
996	86	0
997	86	0
998	87	0
999	89	0
1000	89	0
1001	92	0
1002	93	0
1003	94	0
1004	97	0
1005	97	0
1006	98	0
1007	97	0
1008	94	0
1009	94	0
1010	91	0
1011	89	0
1012	86	0
1013	87	0
1014	86	0
1015	88	0
1016	89	0
1017	92	0
1018	94	0
1019	95	0
1020	96	0
1021	97	0
1022	97	0
1023	97	0
1024	94	0
1025	93	0
1026	90	0
1027	87	0
1028	86	0
1029	87	0
1030	86	0
1031	89	0
1032	90	0
1033	92	0
1034	94	0
1035	95	0
1036	97	0
1037	96	0
1038	96	0
1039	94	0
1040	92	0
1041	91	0
1042	88	0
1043	86	0
1044	86	0
1045	86	0
1046	88	0
1047	89	0
1048	92	0
1049	94	0
1050	95	0
1051	97	0
1052	96	0
1053	96	0
1054	94	0
1055	93	0
1056	91	0
1057	89	0
1058	86	0
1059	86	0
1060	86	0
1061	87	0
1062	88	0
1063	91	0
1064	93	0
1065	95	0
1066	96	0
1067	96	0
1068	96	0
1069	94	0
1070	93	0
1071	92	0
1072	89	0
1073	86	0
1074	86	0
1075	86	0
1076	88	0
1077	89	0
1078	91	0
1079	93	0
1080	94	0
1081	97	0
1082	97	0
1083	96	0
1084	94	0
1085	93	0
1086	93	0
1087	90	0
1088	87	0
1089	87	0
1090	86	0
1091	86	0
1092	88	0
1093	91	0
1094	93	0
1095	94	0
1096	95	0
1097	97	0
1098	96	0
1099	96	0
1100	94	0
1101	92	0
1102	91	0
1103	89	0
1104	86	0
1105	86	0
1106	86	0
1107	88	0
1108	88	0
1109	92	0
1110	94	0
1111	94	0
1112	97	0
1113	97	0
1114	96	0
1115	94	0
1116	93	0
1117	91	0
1118	89	0
1119	86	0
1120	86	0
1121	86	0
1122	88	0
1123	89	0
1124	91	0
1125	92	0
1126	94	0
1127	96	0
1128	97	0
1129	97	0
1130	97	0
1131	94	0
1132	93	0
1133	89	0
1134	88	0
1135	86	0
1136	87	0
1137	86	0
1138	88	0
1139	89	0
1140	93	0
1141	94	0
1142	95	0
1143	96	0
1144	97	0
1145	96	0
1146	96	0
1147	93	0
1148	92	0
1149	89	0
1150	87	0
1151	86	0
1152	87	0
1153	86	0
1154	88	0
1155	91	0
1156	93	0
1157	94	0
1158	96	0
1159	97	0
1160	97	0
1161	96	0
1162	94	0
1163	93	0
1164	89	0
1165	87	0
1166	86	0
1167	86	0
1168	86	0
1169	88	0
1170	90	0
1171	93	0
1172	94	0
1173	96	0
1174	96	0
1175	97	0
1176	96	0
1177	94	0
1178	93	0
1179	90	0
1180	88	0
1181	86	0
1182	86	0
1183	86	0
1184	88	0
1185	89	0
1186	91	0
1187	93	0
1188	94	0
1189	96	0
1190	96	0
1191	97	0
1192	94	0
1193	93	0
1194	91	0
1195	88	0
1196	86	0
1197	86	0
1198	86	0
1199	86	0
1200	89	0
1201	91	0
1202	93	0
1203	94	0
1204	96	0
1205	96	0
1206	96	0
1207	95	0
1208	94	0
1209	92	0
1210	89	0
1211	86	0
1212	87	0
1213	86	0
1214	86	0
1215	89	0
1216	91	0
1217	93	0
1218	94	0
1219	96	0
1220	97	0
1221	97	0
1222	97	0
1223	94	0
1224	93	0
1225	89	0
1226	88	0
1227	86	0
1228	86	0
1229	87	0
1230	87	0
1231	89	0
1232	92	0
1233	94	0
1234	96	0
1235	97	0
1236	96	0
1237	97	0
1238	94	0
1239	93	0
1240	91	0
1241	88	0
1242	86	0
1243	86	0
1244	86	0
1245	88	0
1246	89	0
1247	91	0
1248	93	0
1249	95	0
1250	97	0
1251	97	0
1252	96	0
1253	96	0
1254	93	0
1255	92	0
1256	89	0
1257	87	0
1258	86	0
1259	86	0
1260	86	0
1261	89	0
1262	90	0
1263	92	0
1264	94	0
1265	96	0
1266	96	0
1267	96	0
1268	96	0
1269	93	0
1270	93	0
1271	90	0
1272	88	0
1273	86	0
1274	86	0
1275	86	0
1276	89	0
1277	90	0
1278	93	0
1279	94	0
1280	96	0
1281	97	0
1282	97	0
1283	97	0
1284	94	0
1285	94	0
1286	91	0
1287	88	0
1288	86	0
1289	86	0
1290	86	0
1291	88	0
1292	89	0
1293	91	0
1294	93	0
1295	94	0
1296	97	0
1297	97	0
1298	96	0
1299	94	0
1300	93	0
1301	91	0
1302	88	0
1303	86	0
1304	86	0
1305	86	0
1306	87	0
1307	88	0
1308	91	0
1309	93	0
1310	94	0
1311	95	0
1312	97	0
1313	97	0
1314	95	0
1315	93	0
1316	91	0
1317	90	0
1318	87	0
1319	87	0
1320	86	0
1321	86	0
1322	88	0
1323	90	0
1324	91	0
1325	94	0
1326	95	0
1327	97	0
1328	97	0
1329	95	0
1330	94	0
1331	93	0
1332	91	0
1333	87	0
1334	88	0
1335	86	0
1336	86	0
1337	87	0
1338	89	0
1339	92	0
1340	94	0
1341	94	0
1342	95	0
1343	97	0
1344	96	0
1345	94	0
1346	92	0
1347	91	0
1348	90	0
1349	87	0
1350	86	0
1351	86	0
1352	88	0
1353	89	0
1354	91	0
1355	93	0
1356	94	0
1357	96	0
1358	96	0
1359	97	0
1360	96	0
1361	94	0
1362	93	0
1363	89	0
1364	88	0
1365	86	0
1366	87	0
1367	87	0
1368	88	0
1369	90	0
1370	93	0
1371	94	0
1372	96	0
1373	97	0
1374	97	0
1375	97	0
1376	94	0
1377	93	0
1378	90	0
1379	88	0
1380	86	0
1381	87	0
1382	86	0
1383	88	0
1384	89	0
1385	92	0
1386	94	0
1387	95	0
1388	96	0
1389	97	0
1390	96	0
1391	95	0
1392	93	0
1393	91	0
1394	89	0
1395	86	0
1396	86	0
1397	86	0
1398	87	0
1399	89	0
1400	91	0
1401	93	0
1402	95	0
1403	97	0
1404	97	0
1405	96	0
1406	95	0
1407	93	0
1408	92	0
1409	89	0
1410	86	0
1411	87	0
1412	86	0
1413	86	0
1414	88	0
1415	91	0
1416	93	0
1417	94	0
1418	95	0
1419	96	0
1420	97	0
1421	94	0
1422	93	0
1423	92	0
1424	91	0
1425	86	0
1426	87	0
1427	86	0
1428	86	0
1429	88	0
1430	90	0
1431	92	0
1432	94	0
1433	95	0
1434	96	0
1435	97	0
1436	96	0
1437	93	0
1438	93	0
1439	91	0
1440	88	0
1441	87	0
1442	87	0
1443	86	0
1444	87	0
1445	89	0
1446	91	0
1447	92	0
1448	95	0
1449	97	0
1450	97	0
1451	97	0
1452	97	0
1453	94	0
1454	93	0
1455	90	0
1456	88	0
1457	86	0
1458	86	0
1459	86	0
1460	88	0
1461	89	0
1462	92	0
1463	93	0
1464	95	0
1465	96	0
1466	97	0
1467	97	0
1468	96	0
1469	94	0
1470	93	0
1471	89	0
1472	87	0
1473	86	0
1474	86	0
1475	86	0
1476	89	0
1477	91	0
1478	93	0
1479	94	0
1480	94	0
1481	97	0
1482	97	0
1483	96	0
1484	94	0
1485	91	0
1486	91	0
1487	89	0
1488	86	0
1489	86	0
1490	86	0
1491	86	0
1492	88	0
1493	92	0
1494	93	0
1495	94	0
1496	96	0
1497	97	0
1498	97	0
1499	96	0
1500	93	0
1501	92	0
1502	89	0
1503	87	0
1504	86	0
1505	87	0
1506	86	0
1507	88	0
1508	91	0
1509	93	0
1510	94	0
1511	96	0
1512	96	0
1513	97	0
1514	96	0
1515	93	0
1516	93	0
1517	89	0
1518	88	0
1519	86	0
1520	86	0
1521	86	0
1522	88	0
1523	89	0
1524	93	0
1525	94	0
1526	94	0
1527	97	0
1528	97	0
1529	96	0
1530	94	0
1531	92	0
1532	91	0
1533	88	0
1534	86	0
1535	87	0
1536	86	0
1537	88	0
1538	89	0
1539	92	0
1540	93	0
1541	94	0
1542	96	0
1543	96	0
1544	96	0
1545	94	0
1546	94	0
1547	92	0
1548	89	0
1549	86	0
1550	86	0
1551	86	0
1552	86	0
1553	89	0
1554	91	0
1555	93	0
1556	94	0
1557	96	0
1558	97	0
1559	96	0
1560	94	0
1561	93	0
1562	91	0
1563	89	0
1564	86	0
1565	86	0
1566	86	0
1567	86	0
1568	88	0
1569	90	0
1570	92	0
1571	93	0
1572	95	0
1573	97	0
1574	97	0
1575	96	0
1576	93	0
1577	91	0
1578	91	0
1579	87	0
1580	86	0
1581	86	0
1582	86	0
1583	88	0
1584	90	0
1585	92	0
1586	93	0
1587	94	0
1588	97	0
1589	97	0
1590	97	0
1591	94	0
1592	93	0
1593	91	0
1594	89	0
1595	86	0
1596	86	0
1597	86	0
1598	87	0
1599	88	0
1600	92	0
1601	93	0
1602	94	0
1603	97	0
1604	96	0
1605	96	0
1606	94	0
1607	93	0
1608	92	0
1609	89	0
1610	86	0
1611	86	0
1612	86	0
1613	86	0
1614	89	0
1615	91	0
1616	93	0
1617	94	0
1618	95	0
1619	97	0
1620	97	0
1621	95	0
1622	94	0
1623	91	0
1624	90	0
1625	86	0
1626	86	0
1627	86	0
1628	86	0
1629	88	0
1630	90	0
1631	92	0
1632	94	0
1633	94	0
1634	97	0
1635	96	0
1636	95	0
1637	94	0
1638	91	0
1639	91	0
1640	88	0
1641	87	0
1642	86	0
1643	86	0
1644	87	0
1645	88	0
1646	92	0
1647	93	0
1648	94	0
1649	95	0
1650	97	0
1651	96	0
1652	94	0
1653	92	0
1654	91	0
1655	90	0
1656	87	0
1657	86	0
1658	86	0
1659	88	0
1660	89	0
1661	91	0
1662	93	0
1663	94	0
1664	96	0
1665	97	0
1666	96	0
1667	94	0
1668	93	0
1669	92	0
1670	88	0
1671	87	0
1672	86	0
1673	86	0
1674	86	0
1675	87	0
1676	90	0
1677	92	0
1678	94	0
1679	95	0
1680	97	0
1681	97	0
1682	95	0
1683	94	0
1684	92	0
1685	91	0
1686	87	0
1687	86	0
1688	86	0
1689	86	0
1690	89	0
1691	90	0
1692	92	0
1693	93	0
1694	94	0
1695	97	0
1696	96	0
1697	96	0
1698	94	0
1699	92	0
1700	91	0
1701	88	0
1702	86	0
1703	86	0
1704	86	0
1705	87	0
1706	89	0
1707	91	0
1708	93	0
1709	94	0
1710	96	0
1711	97	0
1712	95	0
1713	94	0
1714	93	0
1715	91	0
1716	89	0
1717	87	0
1718	86	0
1719	86	0
1720	87	0
1721	88	0
1722	90	0
1723	93	0
1724	94	0
1725	95	0
1726	97	0
1727	97	0
1728	95	0
1729	93	0
1730	91	0
1731	90	0
1732	86	0
1733	86	0
1734	86	0
1735	86	0
1736	88	0
1737	90	0
1738	91	0
1739	94	0
1740	95	0
1741	97	0
1742	97	0
1743	95	0
1744	93	0
1745	92	0
1746	91	0
1747	86	0
1748	87	0
1749	86	0
1750	86	0
1751	88	0
1752	89	0
1753	91	0
1754	93	0
1755	94	0
1756	96	0
1757	97	0
1758	95	0
1759	94	0
1760	92	0
1761	91	0
1762	88	0
1763	87	0
1764	86	0
1765	86	0
1766	88	0
1767	89	0
1768	91	0
1769	94	0
1770	94	0
1771	96	0
1772	97	0
1773	96	0
1774	94	0
1775	93	0
1776	91	0
1777	89	0
1778	86	0
1779	86	0
1780	86	0
1781	86	0
1782	88	0
1783	91	0
1784	93	0
1785	94	0
1786	96	0
1787	97	0
1788	96	0
1789	94	0
1790	93	0
1791	92	0
1792	89	0
1793	86	0
1794	86	0
1795	86	0
1796	86	0
1797	88	0
1798	90	0
1799	92	0
1800	93	0
1801	95	0
1802	97	0
1803	96	0
1804	94	0
1805	93	0
1806	91	0
1807	91	0
1808	88	0
1809	87	0
1810	86	0
1811	86	0
1812	87	0
1813	89	0
1814	91	0
1815	94	0
1816	94	0
1817	96	0
1818	97	0
1819	96	0
1820	94	0
1821	92	0
1822	91	0
1823	88	0
1824	86	0
1825	86	0
1826	86	0
1827	88	0
1828	89	0
1829	91	0
1830	93	0
1831	94	0
1832	97	0
1833	97	0
1834	96	0
1835	94	0
1836	93	0
1837	92	0
1838	89	0
1839	86	0
1840	86	0
1841	86	0
1842	86	0
1843	88	0
1844	91	0
1845	92	0
1846	94	0
1847	95	0
1848	97	0
1849	97	0
1850	96	0
1851	94	0
1852	92	0
1853	91	0
1854	89	0
1855	86	0
1856	86	0
1857	86	0
1858	88	0
1859	88	0
1860	91	0
1861	93	0
1862	94	0
1863	97	0
1864	96	0
1865	97	0
1866	94	0
1867	93	0
1868	92	0
1869	89	0
1870	86	0
1871	87	0
1872	86	0
1873	86	0
1874	88	0
1875	91	0
1876	93	0
1877	94	0
1878	96	0
1879	97	0
1880	96	0
1881	97	0
1882	94	0
1883	93	0
1884	90	0
1885	88	0
1886	86	0
1887	86	0
1888	86	0
1889	88	0
1890	89	0
1891	92	0
1892	93	0
1893	95	0
1894	97	0
1895	96	0
1896	96	0
1897	96	0
1898	93	0
1899	92	0
1900	89	0
1901	86	0
1902	86	0
1903	87	0
1904	86	0
1905	87	0
1906	90	0
1907	92	0
1908	94	0
1909	95	0
1910	96	0
1911	97	0
1912	112	0
1913	133	0
1914	149	0
1915	162	0
1916	172	0
1917	177	0
1918	169	0
1919	154	0
1920	141	0
1921	130	0
1922	121	0
1923	113	0
1924	107	0
1925	102	0
1926	97	0
1927	94	0
1928	90	0
1929	89	0
1930	88	0
1931	89	0
1932	90	0
1933	91	0
1934	93	0
1935	95	0
1936	97	0
1937	98	0
1938	98	0
1939	98	0
1940	97	0
1941	96	0
1942	94	0
1943	91	0
1944	89	0
1945	89	0
1946	86	0
1947	86	0
1948	87	0
1949	89	0
1950	90	0
1951	93	0
1952	94	0
1953	97	0
1954	97	0
1955	98	0
1956	98	0
1957	96	0
1958	95	0
1959	92	0
1960	91	0
1961	88	0
1962	86	0
1963	86	0
1964	86	0
1965	88	0
1966	89	0
1967	92	0
1968	94	0
1969	95	0
1970	97	0
1971	97	0
1972	96	0
1973	97	0
1974	93	0
1975	92	0
1976	89	0
1977	88	0
1978	86	0
1979	86	0
1980	86	0
1981	88	0
1982	89	0
1983	93	0
1984	94	0
1985	95	0
1986	97	0
1987	97	0
1988	96	0
1989	94	0
1990	92	0
1991	91	0
1992	89	0
1993	86	0
1994	86	0
1995	86	0
1996	87	0
1997	89	0
1998	92	0
1999	94	0
2000	94	0
2001	96	0
2002	97	0
2003	96	0
2004	94	0
2005	93	0
2006	91	0
2007	88	0
2008	86	0
2009	86	0
2010	86	0
2011	87	0
2012	89	0
2013	91	0
2014	93	0
2015	94	0
2016	96	0
2017	97	0
2018	96	0
2019	94	0
2020	93	0
2021	91	0
2022	89	0
2023	87	0
2024	86	0
2025	86	0
2026	87	0
2027	89	0
2028	91	0
2029	93	0
2030	94	0
2031	96	0
2032	96	0
2033	96	0
2034	96	0
2035	94	0
2036	92	0
2037	89	0
2038	87	0
2039	86	0
2040	86	0
2041	86	0
2042	88	0
2043	90	0
2044	92	0
2045	94	0
2046	95	0
2047	97	0
2048	97	0
2049	96	0
2050	94	0
2051	91	0
2052	90	0
2053	88	0
2054	86	0
2055	86	0
2056	86	0
2057	88	0
2058	89	0
2059	91	0
2060	93	0
2061	94	0
2062	96	0
2063	96	0
2064	97	0
2065	95	0
2066	93	0
2067	92	0
2068	89	0
2069	86	0
2070	86	0
2071	86	0
2072	86	0
2073	89	0
2074	91	0
2075	93	0
2076	94	0
2077	96	0
2078	97	0
2079	97	0
2080	96	0
2081	94	0
2082	92	0
2083	90	0
2084	87	0
2085	86	0
2086	86	0
2087	86	0
2088	88	0
2089	90	0
2090	93	0
2091	94	0
2092	95	0
2093	97	0
2094	97	0
2095	97	0
2096	94	0
2097	93	0
2098	91	0
2099	88	0
2100	86	0
2101	86	0
2102	86	0
2103	88	0
2104	89	0
2105	92	0
2106	93	0
2107	94	0
2108	97	0
2109	96	0
2110	96	0
2111	95	0
2112	93	0
2113	92	0
2114	89	0
2115	86	0
2116	86	0
2117	86	0
2118	86	0
2119	89	0
2120	91	0
2121	92	0
2122	94	0
2123	96	0
2124	97	0
2125	97	0
2126	97	0
2127	94	0
2128	92	0
2129	90	0
2130	87	0
2131	86	0
2132	86	0
2133	86	0
2134	88	0
2135	90	0
2136	92	0
2137	94	0
2138	94	0
2139	97	0
2140	97	0
2141	96	0
2142	94	0
2143	92	0
2144	91	0
2145	89	0
2146	86	0
2147	86	0
2148	86	0
2149	88	0
2150	88	0
2151	91	0
2152	93	0
2153	94	0
2154	97	0
2155	97	0
2156	96	0
2157	95	0
2158	93	0
2159	92	0
2160	88	0
2161	86	0
2162	86	0
2163	86	0
2164	86	0
2165	88	0
2166	91	0
2167	93	0
2168	94	0
2169	95	0
2170	97	0
2171	97	0
2172	95	0
2173	93	0
2174	92	0
2175	90	0
2176	87	0
2177	87	0
2178	86	0
2179	86	0
2180	88	0
2181	90	0
2182	92	0
2183	94	0
2184	94	0
2185	96	0
2186	97	0
2187	96	0
2188	94	0
2189	91	0
2190	91	0
2191	88	0
2192	86	0
2193	86	0
2194	86	0
2195	87	0
2196	90	0
2197	92	0
2198	93	0
2199	95	0
2200	97	0
2201	97	0
2202	96	0
2203	94	0
2204	93	0
2205	91	0
2206	88	0
2207	86	0
2208	86	0
2209	86	0
2210	87	0
2211	89	0
2212	91	0
2213	93	0
2214	94	0
2215	95	0
2216	97	0
2217	97	0
2218	94	0
2219	93	0
2220	92	0
2221	90	0
2222	86	0
2223	86	0
2224	86	0
2225	86	0
2226	88	0
2227	90	0
2228	91	0
2229	94	0
2230	95	0
2231	97	0
2232	96	0
2233	96	0
2234	94	0
2235	92	0
2236	91	0
2237	88	0
2238	86	0
2239	86	0
2240	86	0
2241	88	0
2242	89	0
2243	91	0
2244	93	0
2245	94	0
2246	97	0
2247	97	0
2248	96	0
2249	94	0
2250	93	0
2251	92	0
2252	89	0
2253	86	0
2254	86	0
2255	86	0
2256	87	0
2257	88	0
2258	91	0
2259	93	0
2260	94	0
2261	96	0
2262	97	0
2263	96	0
2264	94	0
2265	94	0
2266	93	0
2267	90	0
2268	88	0
2269	87	0
2270	86	0
2271	86	0
2272	88	0
2273	90	0
2274	92	0
2275	94	0
2276	95	0
2277	97	0
2278	96	0
2279	97	0
2280	94	0
2281	92	0
2282	91	0
2283	88	0
2284	86	0
2285	87	0
2286	86	0
2287	88	0
2288	89	0
2289	91	0
2290	93	0
2291	94	0
2292	96	0
2293	96	0
2294	96	0
2295	96	0
2296	93	0
2297	92	0
2298	89	0
2299	87	0
2300	86	0
2301	87	0
2302	87	0
2303	88	0
2304	91	0
2305	93	0
2306	94	0
2307	95	0
2308	97	0
2309	97	0
2310	95	0
2311	94	0
2312	91	0
2313	90	0
2314	87	0
2315	87	0
2316	86	0
2317	86	0
2318	88	0
2319	90	0
2320	92	0
2321	94	0
2322	94	0
2323	96	0
2324	97	0
2325	96	0
2326	94	0
2327	92	0
2328	91	0
2329	88	0
2330	86	0
2331	86	0
2332	86	0
2333	88	0
2334	90	0
2335	92	0
2336	93	0
2337	94	0
2338	96	0
2339	96	0
2340	96	0
2341	94	0
2342	93	0
2343	92	0
2344	88	0
2345	86	0
2346	86	0
2347	86	0
2348	87	0
2349	88	0
2350	91	0
2351	93	0
2352	94	0
2353	95	0
2354	97	0
2355	97	0
2356	96	0
2357	93	0
2358	91	0
2359	90	0
2360	87	0
2361	86	0
2362	86	0
2363	86	0
2364	88	0
2365	90	0
2366	92	0
2367	94	0
2368	94	0
2369	96	0
2370	96	0
2371	95	0
2372	94	0
2373	92	0
2374	91	0
2375	87	0
2376	87	0
2377	86	0
2378	86	0
2379	87	0
2380	89	0
2381	91	0
2382	93	0
2383	95	0
2384	96	0
2385	96	0
2386	96	0
2387	94	0
2388	93	0
2389	92	0
2390	88	0
2391	86	0
2392	86	0
2393	86	0
2394	86	0
2395	88	0
2396	90	0
2397	92	0
2398	94	0
2399	95	0
2400	97	0
2401	97	0
2402	96	0
2403	93	0
2404	92	0
2405	91	0
2406	88	0
2407	86	0
2408	86	0
2409	86	0
2410	88	0
2411	89	0
2412	92	0
2413	93	0
2414	94	0
2415	97	0
2416	97	0
2417	97	0
2418	96	0
2419	94	0
2420	93	0
2421	89	0
2422	88	0
2423	86	0
2424	86	0
2425	86	0
2426	88	0
2427	89	0
2428	92	0
2429	94	0
2430	95	0
2431	96	0
2432	97	0
2433	96	0
2434	95	0
2435	93	0
2436	92	0
2437	89	0
2438	86	0
2439	86	0
2440	86	0
2441	86	0
2442	88	0
2443	91	0
2444	93	0
2445	94	0
2446	96	0
2447	96	0
2448	97	0
2449	96	0
2450	94	0
2451	92	0
2452	89	0
2453	87	0
2454	86	0
2455	86	0
2456	86	0
2457	88	0
2458	90	0
2459	92	0
2460	93	0
2461	94	0
2462	97	0
2463	97	0
2464	96	0
2465	94	0
2466	93	0
2467	91	0
2468	89	0
2469	86	0
2470	86	0
2471	86	0
2472	87	0
2473	88	0
2474	92	0
2475	93	0
2476	94	0
2477	97	0
2478	96	0
2479	97	0
2480	94	0
2481	93	0
2482	92	0
2483	89	0
2484	86	0
2485	87	0
2486	86	0
2487	86	0
2488	88	0
2489	91	0
2490	93	0
2491	94	0
2492	95	0
2493	97	0
2494	96	0
2495	95	0
2496	93	0
2497	91	0
2498	89	0
2499	86	0
2500	86	0
2501	86	0
2502	86	0
2503	88	0
2504	90	0
2505	92	0
2506	94	0
2507	95	0
2508	96	0
2509	96	0
2510	95	0
2511	94	0
2512	91	0
2513	91	0
2514	87	0
2515	87	0
2516	86	0
2517	86	0
2518	87	0
2519	90	0
2520	92	0
2521	94	0
2522	95	0
2523	96	0
2524	97	0
2525	96	0
2526	94	0
2527	93	0
2528	91	0
2529	88	0
2530	86	0
2531	86	0
2532	86	0
2533	88	0
2534	88	0
2535	91	0
2536	93	0
2537	94	0
2538	96	0
2539	97	0
2540	96	0
2541	95	0
2542	93	0
2543	92	0
2544	89	0
2545	86	0
2546	87	0
2547	86	0
2548	87	0
2549	88	0
2550	91	0
2551	93	0
2552	94	0
2553	96	0
2554	97	0
2555	97	0
2556	94	0
2557	94	0
2558	93	0
2559	90	0
2560	86	0
2561	88	0
2562	86	0
2563	86	0
2564	87	0
2565	90	0
2566	91	0
2567	94	0
2568	94	0
2569	96	0
2570	97	0
2571	96	0
2572	94	0
2573	92	0
2574	91	0
2575	88	0
2576	86	0
2577	86	0
2578	86	0
2579	87	0
2580	88	0
2581	91	0
2582	93	0
2583	94	0
2584	96	0
2585	97	0
2586	97	0
2587	95	0
2588	94	0
2589	92	0
2590	89	0
2591	86	0
2592	86	0
2593	86	0
2594	86	0
2595	89	0
2596	91	0
2597	93	0
2598	94	0
2599	95	0
2600	97	0
2601	96	0
2602	94	0
2603	93	0
2604	92	0
2605	90	0
2606	86	0
2607	86	0
2608	86	0
2609	86	0
2610	87	0
2611	90	0
2612	91	0
2613	93	0
2614	94	0
2615	96	0
2616	96	0
2617	95	0
2618	93	0
2619	91	0
2620	91	0
2621	87	0
2622	87	0
2623	86	0
2624	86	0
2625	87	0
2626	89	0
2627	91	0
2628	93	0
2629	94	0
2630	96	0
2631	96	0
2632	95	0
2633	94	0
2634	92	0
2635	91	0
2636	88	0
2637	88	0
2638	86	0
2639	86	0
2640	87	0
2641	89	0
2642	91	0
2643	93	0
2644	94	0
2645	95	0
2646	96	0
2647	96	0
2648	94	0
2649	92	0
2650	91	0
2651	90	0
2652	87	0
2653	86	0
2654	86	0
2655	87	0
2656	88	0
2657	91	0
2658	93	0
2659	94	0
2660	95	0
2661	97	0
2662	96	0
2663	95	0
2664	94	0
2665	91	0
2666	91	0
2667	86	0
2668	87	0
2669	86	0
2670	86	0
2671	88	0
2672	90	0
2673	92	0
2674	94	0
2675	94	0
2676	97	0
2677	96	0
2678	96	0
2679	94	0
2680	91	0
2681	90	0
2682	88	0
2683	86	0
2684	86	0
2685	86	0
2686	87	0
2687	89	0
2688	91	0
2689	93	0
2690	95	0
2691	96	0
2692	97	0
2693	95	0
2694	94	0
2695	93	0
2696	91	0
2697	88	0
2698	87	0
2699	86	0
2700	86	0
2701	87	0
2702	89	0
2703	91	0
2704	93	0
2705	94	0
2706	95	0
2707	96	0
2708	97	0
2709	94	0
2710	93	0
2711	91	0
2712	89	0
2713	86	0
2714	86	0
2715	86	0
2716	86	0
2717	89	0
2718	90	0
2719	92	0
2720	94	0
2721	95	0
2722	96	0
2723	97	0
2724	95	0
2725	93	0
2726	91	0
2727	90	0
2728	87	0
2729	86	0
2730	86	0
2731	87	0
2732	88	0
2733	90	0
2734	92	0
2735	94	0
2736	95	0
2737	96	0
2738	97	0
2739	96	0
2740	93	0
2741	92	0
2742	91	0
2743	89	0
2744	86	0
2745	86	0
2746	86	0
2747	88	0
2748	89	0
2749	92	0
2750	93	0
2751	95	0
2752	97	0
2753	96	0
2754	96	0
2755	94	0
2756	93	0
2757	91	0
2758	89	0
2759	86	0
2760	86	0
2761	86	0
2762	86	0
2763	89	0
2764	91	0
2765	93	0
2766	94	0
2767	95	0
2768	97	0
2769	96	0
2770	95	0
2771	93	0
2772	91	0
2773	90	0
2774	86	0
2775	86	0
2776	86	0
2777	86	0
2778	89	0
2779	91	0
2780	92	0
2781	94	0
2782	95	0
2783	97	0
2784	97	0
2785	95	0
2786	93	0
2787	91	0
2788	90	0
2789	86	0
2790	87	0
2791	86	0
2792	86	0
2793	88	0
2794	90	0
2795	92	0
2796	94	0
2797	95	0
2798	97	0
2799	97	0
2800	97	0
2801	94	0
2802	92	0
2803	92	0
2804	88	0
2805	86	0
2806	86	0
2807	86	0
2808	86	0
2809	88	0
2810	91	0
2811	93	0
2812	94	0
2813	96	0
2814	96	0
2815	97	0
2816	94	0
2817	94	0
2818	93	0
2819	89	0
2820	87	0
2821	87	0
2822	86	0
2823	86	0
2824	88	0
2825	90	0
2826	92	0
2827	94	0
2828	96	0
2829	96	0
2830	97	0
2831	97	0
2832	94	0
2833	93	0
2834	90	0
2835	88	0
2836	86	0
2837	87	0
2838	86	0
2839	88	0
2840	89	0
2841	91	0
2842	93	0
2843	94	0
2844	97	0
2845	96	0
2846	96	0
2847	97	0
2848	94	0
2849	93	0
2850	90	0
2851	88	0
2852	86	0
2853	86	0
2854	86	0
2855	89	0
2856	89	0
2857	93	0
2858	93	0
2859	94	0
2860	97	0
2861	97	0
2862	96	0
2863	95	0
2864	93	0
2865	92	0
2866	89	0
2867	86	0
2868	87	0
2869	97	0
2870	117	0
2871	133	0
2872	145	0
2873	153	0
2874	157	0
2875	147	0
2876	134	0
2877	123	0
2878	114	0
2879	109	0
2880	105	0
2881	103	0
2882	102	0
2883	102	0
2884	102	0
2885	102	0
2886	102	0
2887	101	0
2888	100	0
2889	98	0
2890	97	0
2891	94	0
2892	92	0
2893	90	0
2894	88	0
2895	86	0
2896	87	0
2897	86	0
2898	88	0
2899	89	0
2900	92	0
2901	94	0
2902	95	0
2903	97	0
2904	98	0
2905	98	0
2906	98	0
2907	95	0
2908	94	0
2909	92	0
2910	89	0
2911	86	0
2912	87	0
2913	86	0
2914	86	0
2915	89	0
2916	91	0
2917	93	0
2918	94	0
2919	96	0
2920	98	0
2921	97	0
2922	97	0
2923	96	0
2924	94	0
2925	92	0
2926	90	0
2927	87	0
2928	86	0
2929	87	0
2930	86	0
2931	88	0
2932	91	0
2933	93	0
2934	94	0
2935	97	0
2936	97	0
2937	97	0
2938	97	0
2939	94	0
2940	93	0
2941	90	0
2942	88	0
2943	86	0
2944	87	0
2945	86	0
2946	88	0
2947	88	0
2948	91	0
2949	93	0
2950	94	0
2951	97	0
2952	97	0
2953	97	0
2954	94	0
2955	93	0
2956	93	0
2957	88	0
2958	86	0
2959	86	0
2960	86	0
2961	87	0
2962	88	0
2963	91	0
2964	93	0
2965	94	0
2966	95	0
2967	97	0
2968	97	0
2969	94	0
2970	93	0
2971	91	0
2972	90	0
2973	86	0
2974	86	0
2975	86	0
2976	87	0
2977	88	0
2978	91	0
2979	93	0
2980	94	0
2981	95	0
2982	96	0
2983	96	0
2984	94	0
2985	93	0
2986	91	0
2987	91	0
2988	86	0
2989	86	0
2990	86	0
2991	87	0
2992	88	0
2993	91	0
2994	92	0
2995	93	0
2996	94	0
2997	96	0
2998	97	0
2999	97	0
3000	94	0
3001	92	0
3002	91	0
3003	88	0
3004	86	0
3005	86	0
3006	86	0
3007	88	0
3008	89	0
3009	91	0
3010	93	0
3011	95	0
3012	97	0
3013	97	0
3014	97	0
3015	94	0
3016	94	0
3017	92	0
3018	89	0
3019	86	0
3020	88	0
3021	87	0
3022	86	0
3023	88	0
3024	91	0
3025	92	0
3026	94	0
3027	96	0
3028	97	0
3029	97	0
3030	95	0
3031	94	0
3032	93	0
3033	90	0
3034	88	0
3035	88	0
3036	86	0
3037	86	0
3038	88	0
3039	90	0
3040	91	0
3041	94	0
3042	94	0
3043	96	0
3044	97	0
3045	96	0
3046	94	0
3047	93	0
3048	91	0
3049	89	0
3050	86	0
3051	86	0
3052	86	0
3053	87	0
3054	89	0
3055	91	0
3056	93	0
3057	94	0
3058	96	0
3059	96	0
3060	97	0
3061	96	0
3062	94	0
3063	93	0
3064	89	0
3065	89	0
3066	86	0
3067	86	0
3068	86	0
3069	88	0
3070	89	0
3071	92	0
3072	93	0
3073	94	0
3074	96	0
3075	97	0
3076	97	0
3077	94	0
3078	93	0
3079	91	0
3080	88	0
3081	86	0
3082	86	0
3083	86	0
3084	88	0
3085	89	0
3086	92	0
3087	93	0
3088	94	0
3089	97	0
3090	97	0
3091	97	0
3092	94	0
3093	93	0
3094	92	0
3095	89	0
3096	86	0
3097	87	0
3098	87	0
3099	86	0
3100	88	0
3101	91	0
3102	92	0
3103	94	0
3104	95	0
3105	97	0
3106	97	0
3107	96	0
3108	94	0
3109	92	0
3110	90	0
3111	87	0
3112	86	0
3113	86	0
3114	86	0
3115	88	0
3116	90	0
3117	92	0
3118	94	0
3119	94	0
3120	97	0
3121	97	0
3122	96	0
3123	94	0
3124	92	0
3125	91	0
3126	88	0
3127	86	0
3128	87	0
3129	86	0
3130	88	0
3131	89	0
3132	91	0
3133	93	0
3134	94	0
3135	97	0
3136	96	0
3137	97	0
3138	95	0
3139	93	0
3140	92	0
3141	89	0
3142	86	0
3143	86	0
3144	86	0
3145	86	0
3146	89	0
3147	90	0
3148	93	0
3149	94	0
3150	95	0
3151	96	0
3152	96	0
3153	95	0
3154	94	0
3155	92	0
3156	91	0
3157	86	0
3158	87	0
3159	86	0
3160	86	0
3161	88	0
3162	90	0
3163	92	0
3164	94	0
3165	95	0
3166	97	0
3167	97	0
3168	96	0
3169	94	0
3170	93	0
3171	91	0
3172	89	0
3173	86	0
3174	86	0
3175	86	0
3176	87	0
3177	88	0
3178	91	0
3179	93	0
3180	94	0
3181	96	0
3182	97	0
3183	97	0
3184	94	0
3185	93	0
3186	93	0
3187	89	0
3188	86	0
3189	87	0
3190	86	0
3191	86	0
3192	88	0
3193	90	0
3194	93	0
3195	94	0
3196	95	0
3197	96	0
3198	96	0
3199	96	0
3200	94	0
3201	92	0
3202	91	0
3203	88	0
3204	86	0
3205	86	0
3206	86	0
3207	88	0
3208	89	0
3209	92	0
3210	93	0
3211	95	0
3212	97	0
3213	97	0
3214	97	0
3215	94	0
3216	93	0
3217	92	0
3218	89	0
3219	86	0
3220	86	0
3221	86	0
3222	87	0
3223	89	0
3224	91	0
3225	93	0
3226	94	0
3227	95	0
3228	96	0
3229	96	0
3230	95	0
3231	93	0
3232	92	0
3233	91	0
3234	87	0
3235	87	0
3236	86	0
3237	86	0
3238	88	0
3239	90	0
3240	92	0
3241	94	0
3242	96	0
3243	96	0
3244	97	0
3245	97	0
3246	94	0
3247	93	0
3248	90	0
3249	88	0
3250	86	0
3251	87	0
3252	86	0
3253	88	0
3254	89	0
3255	92	0
3256	94	0
3257	95	0
3258	96	0
3259	97	0
3260	96	0
3261	95	0
3262	93	0
3263	92	0
3264	89	0
3265	86	0
3266	86	0
3267	86	0
3268	86	0
3269	89	0
3270	91	0
3271	93	0
3272	94	0
3273	96	0
3274	97	0
3275	96	0
3276	94	0
3277	94	0
3278	92	0
3279	89	0
3280	87	0
3281	86	0
3282	86	0
3283	86	0
3284	88	0
3285	91	0
3286	93	0
3287	94	0
3288	95	0
3289	97	0
3290	96	0
3291	95	0
3292	94	0
3293	92	0
3294	90	0
3295	87	0
3296	87	0
3297	86	0
3298	86	0
3299	88	0
3300	90	0
3301	91	0
3302	93	0
3303	95	0
3304	97	0
3305	96	0
3306	96	0
3307	94	0
3308	92	0
3309	91	0
3310	89	0
3311	86	0
3312	86	0
3313	86	0
3314	87	0
3315	89	0
3316	91	0
3317	93	0
3318	95	0
3319	96	0
3320	97	0
3321	96	0
3322	95	0
3323	93	0
3324	92	0
3325	89	0
3326	86	0
3327	86	0
3328	86	0
3329	86	0
3330	89	0
3331	91	0
3332	92	0
3333	94	0
3334	95	0
3335	96	0
3336	97	0
3337	96	0
3338	93	0
3339	91	0
3340	90	0
3341	87	0
3342	86	0
3343	86	0
3344	86	0
3345	87	0
3346	90	0
3347	92	0
3348	94	0
3349	94	0
3350	96	0
3351	97	0
3352	97	0
3353	95	0
3354	93	0
3355	92	0
3356	89	0
3357	86	0
3358	86	0
3359	86	0
3360	86	0
3361	88	0
3362	90	0
3363	92	0
3364	94	0
3365	96	0
3366	97	0
3367	96	0
3368	97	0
3369	94	0
3370	93	0
3371	90	0
3372	88	0
3373	86	0
3374	86	0
3375	86	0
3376	88	0
3377	89	0
3378	92	0
3379	93	0
3380	94	0
3381	96	0
3382	97	0
3383	97	0
3384	94	0
3385	94	0
3386	93	0
3387	90	0
3388	88	0
3389	87	0
3390	86	0
3391	86	0
3392	88	0
3393	89	0
3394	93	0
3395	93	0
3396	95	0
3397	96	0
3398	96	0
3399	96	0
3400	94	0
3401	92	0
3402	92	0
3403	88	0
3404	86	0
3405	86	0
3406	86	0
3407	88	0
3408	89	0
3409	91	0
3410	93	0
3411	94	0
3412	96	0
3413	97	0
3414	96	0
3415	95	0
3416	93	0
3417	92	0
3418	89	0
3419	87	0
3420	87	0
3421	86	0
3422	87	0
3423	88	0
3424	91	0
3425	92	0
3426	94	0
3427	95	0
3428	96	0
3429	97	0
3430	96	0
3431	94	0
3432	91	0
3433	91	0
3434	88	0
3435	86	0
3436	86	0
3437	86	0
3438	88	0
3439	89	0
3440	92	0
3441	93	0
3442	95	0
3443	96	0
3444	96	0
3445	96	0
3446	94	0
3447	93	0
3448	91	0
3449	88	0
3450	86	0
3451	86	0
3452	86	0
3453	88	0
3454	89	0
3455	91	0
3456	93	0
3457	94	0
3458	97	0
3459	97	0
3460	96	0
3461	94	0
3462	93	0
3463	91	0
3464	89	0
3465	86	0
3466	86	0
3467	86	0
3468	86	0
3469	89	0
3470	91	0
3471	93	0
3472	94	0
3473	96	0
3474	97	0
3475	97	0
3476	94	0
3477	93	0
3478	92	0
3479	90	0
3480	87	0
3481	87	0
3482	86	0
3483	86	0
3484	88	0
3485	90	0
3486	92	0
3487	94	0
3488	95	0
3489	96	0
3490	96	0
3491	95	0
3492	94	0
3493	92	0
3494	91	0
3495	87	0
3496	87	0
3497	86	0
3498	86	0
3499	88	0
3500	89	0
3501	92	0
3502	93	0
3503	94	0
3504	97	0
3505	96	0
3506	96	0
3507	94	0
3508	93	0
3509	92	0
3510	89	0
3511	86	0
3512	86	0
3513	86	0
3514	86	0
3515	88	0
3516	91	0
3517	93	0
3518	94	0
3519	96	0
3520	96	0
3521	97	0
3522	94	0
3523	93	0
3524	93	0
3525	88	0
3526	87	0
3527	87	0
3528	86	0
3529	86	0
3530	89	0
3531	91	0
3532	92	0
3533	94	0
3534	94	0
3535	97	0
3536	96	0
3537	96	0
3538	94	0
3539	91	0
3540	91	0
3541	88	0
3542	86	0
3543	86	0
3544	86	0
3545	87	0
3546	90	0
3547	92	0
3548	93	0
3549	95	0
3550	96	0
3551	96	0
3552	96	0
3553	94	0
3554	92	0
3555	92	0
3556	88	0
3557	86	0
3558	86	0
3559	86	0
3560	86	0
3561	89	0
3562	91	0
3563	93	0
3564	94	0
3565	96	0
3566	96	0
3567	97	0
3568	94	0
3569	93	0
3570	93	0
3571	89	0
3572	86	0
3573	86	0
3574	86	0
3575	86	0
3576	88	0
3577	91	0
3578	92	0
3579	94	0
3580	95	0
3581	97	0
3582	97	0
3583	96	0
3584	93	0
3585	91	0
3586	90	0
3587	88	0
3588	86	0
3589	86	0
3590	86	0
3591	88	0
3592	89	0
3593	92	0
3594	93	0
3595	95	0
3596	96	0
3597	96	0
3598	96	0
3599	93	0
3600	92	0
3601	91	0
3602	88	0
3603	86	0
3604	86	0
3605	86	0
3606	88	0
3607	89	0
3608	92	0
3609	93	0
3610	94	0
3611	97	0
3612	97	0
3613	96	0
3614	94	0
3615	93	0
3616	91	0
3617	88	0
3618	86	0
3619	86	0
3620	86	0
3621	87	0
3622	89	0
3623	91	0
3624	93	0
3625	94	0
3626	96	0
3627	97	0
3628	97	0
3629	94	0
3630	93	0
3631	92	0
3632	89	0
3633	86	0
3634	87	0
3635	86	0
3636	86	0
3637	88	0
3638	91	0
3639	92	0
3640	94	0
3641	96	0
3642	96	0
3643	96	0
3644	97	0
3645	93	0
3646	93	0
3647	89	0
3648	87	0
3649	86	0
3650	86	0
3651	86	0
3652	87	0
3653	90	0
3654	92	0
3655	94	0
3656	95	0
3657	96	0
3658	97	0
3659	96	0
3660	94	0
3661	92	0
3662	90	0
3663	88	0
3664	86	0
3665	86	0
3666	86	0
3667	89	0
3668	89	0
3669	93	0
3670	94	0
3671	94	0
3672	97	0
3673	97	0
3674	96	0
3675	94	0
3676	92	0
3677	91	0
3678	88	0
3679	86	0
3680	86	0
3681	86	0
3682	87	0
3683	89	0
3684	91	0
3685	93	0
3686	95	0
3687	96	0
3688	96	0
3689	96	0
3690	94	0
3691	93	0
3692	92	0
3693	89	0
3694	86	0
3695	86	0
3696	86	0
3697	86	0
3698	88	0
3699	91	0
3700	92	0
3701	94	0
3702	95	0
3703	97	0
3704	96	0
3705	94	0
3706	93	0
3707	91	0
3708	90	0
3709	87	0
3710	86	0
3711	86	0
3712	87	0
3713	88	0
3714	91	0
3715	92	0
3716	93	0
3717	95	0
3718	97	0
3719	97	0
3720	95	0
3721	93	0
3722	92	0
3723	91	0
3724	88	0
3725	87	0
3726	86	0
3727	86	0
3728	88	0
3729	89	0
3730	93	0
3731	93	0
3732	94	0
3733	97	0
3734	97	0
3735	97	0
3736	94	0
3737	93	0
3738	91	0
3739	88	0
3740	86	0
3741	86	0
3742	86	0
3743	87	0
3744	89	0
3745	91	0
3746	93	0
3747	94	0
3748	95	0
3749	97	0
3750	97	0
3751	95	0
3752	93	0
3753	91	0
3754	90	0
3755	87	0
3756	86	0
3757	86	0
3758	86	0
3759	88	0
3760	90	0
3761	92	0
3762	94	0
3763	94	0
3764	97	0
3765	97	0
3766	96	0
3767	94	0
3768	92	0
3769	91	0
3770	88	0
3771	86	0
3772	86	0
3773	86	0
3774	88	0
3775	88	0
3776	91	0
3777	93	0
3778	94	0
3779	97	0
3780	97	0
3781	97	0
3782	96	0
3783	93	0
3784	93	0
3785	89	0
3786	87	0
3787	86	0
3788	86	0
3789	86	0
3790	88	0
3791	90	0
3792	93	0
3793	94	0
3794	95	0
3795	97	0
3796	96	0
3797	97	0
3798	95	0
3799	93	0
3800	92	0
3801	88	0
3802	86	0
3803	87	0
3804	86	0
3805	88	0
3806	89	0
3807	91	0
3808	93	0
3809	95	0
3810	97	0
3811	97	0
3812	97	0
3813	97	0
3814	93	0
3815	93	0
3816	90	0
3817	88	0
3818	86	0
3819	86	0
3820	86	0
3821	87	0
3822	89	0
3823	91	0
3824	93	0
3825	105	0
3826	126	0
3827	147	0
3828	161	0
3829	171	0
3830	177	0
3831	168	0
3832	155	0
3833	143	0
3834	134	0
3835	126	0
3836	120	0
3837	115	0
3838	110	0
3839	107	0
3840	102	0
3841	99	0
3842	94	0
3843	93	0
3844	90	0
3845	88	0
3846	86	0
3847	88	0
3848	89	0
3849	90	0
3850	91	0
3851	94	0
3852	96	0
3853	97	0
3854	98	0
3855	98	0
3856	97	0
3857	96	0
3858	94	0
3859	93	0
3860	90	0
3861	89	0
3862	86	0
3863	86	0
3864	86	0
3865	88	0
3866	89	0
3867	92	0
3868	93	0
3869	95	0
3870	98	0
3871	98	0
3872	98	0
3873	97	0
3874	94	0
3875	94	0
3876	91	0
3877	89	0
3878	88	0
3879	87	0
3880	86	0
3881	87	0
3882	89	0
3883	90	0
3884	93	0
3885	95	0
3886	97	0
3887	97	0
3888	97	0
3889	97	0
3890	94	0
3891	94	0
3892	91	0
3893	88	0
3894	86	0
3895	86	0
3896	86	0
3897	89	0
3898	89	0
3899	92	0
3900	93	0
3901	94	0
3902	97	0
3903	96	0
3904	97	0
3905	94	0
3906	93	0
3907	92	0
3908	88	0
3909	86	0
3910	86	0
3911	86	0
3912	87	0
3913	89	0
3914	91	0
3915	93	0
3916	94	0
3917	95	0
3918	97	0
3919	96	0
3920	95	0
3921	93	0
3922	91	0
3923	90	0
3924	87	0
3925	87	0
3926	86	0
3927	87	0
3928	88	0
3929	91	0
3930	93	0
3931	94	0
3932	96	0
3933	97	0
3934	97	0
3935	96	0
3936	94	0
3937	92	0
3938	89	0
3939	87	0
3940	86	0
3941	86	0
3942	86	0
3943	88	0
3944	91	0
3945	92	0
3946	94	0
3947	95	0
3948	97	0
3949	97	0
3950	97	0
3951	94	0
3952	92	0
3953	91	0
3954	88	0
3955	86	0
3956	87	0
3957	86	0
3958	88	0
3959	89	0
3960	91	0
3961	93	0
3962	94	0
3963	97	0
3964	96	0
3965	97	0
3966	94	0
3967	93	0
3968	92	0
3969	89	0
3970	86	0
3971	86	0
3972	86	0
3973	86	0
3974	88	0
3975	91	0
3976	93	0
3977	94	0
3978	96	0
3979	97	0
3980	96	0
3981	97	0
3982	94	0
3983	93	0
3984	90	0
3985	87	0
3986	86	0
3987	86	0
3988	86	0
3989	88	0
3990	90	0
3991	92	0
3992	93	0
3993	96	0
3994	97	0
3995	96	0
3996	97	0
3997	94	0
3998	93	0
3999	91	0
4000	89	0
4001	86	0
4002	86	0
4003	86	0
4004	87	0
4005	88	0
4006	91	0
4007	93	0
4008	94	0
4009	96	0
4010	97	0
4011	97	0
4012	97	0
4013	93	0
4014	93	0
4015	89	0
4016	87	0
4017	86	0
4018	87	0
4019	87	0
4020	88	0
4021	90	0
4022	93	0
4023	94	0
4024	95	0
4025	97	0
4026	97	0
4027	96	0
4028	94	0
4029	92	0
4030	91	0
4031	88	0
4032	86	0
4033	86	0
4034	86	0
4035	88	0
4036	89	0
4037	92	0
4038	94	0
4039	94	0
4040	97	0
4041	97	0
4042	97	0
4043	95	0
4044	93	0
4045	92	0
4046	89	0
4047	86	0
4048	87	0
4049	86	0
4050	86	0
4051	89	0
4052	90	0
4053	93	0
4054	94	0
4055	96	0
4056	97	0
4057	97	0
4058	97	0
4059	94	0
4060	93	0
4061	90	0
4062	88	0
4063	86	0
4064	86	0
4065	86	0
4066	88	0
4067	90	0
4068	92	0
4069	94	0
4070	95	0
4071	97	0
4072	96	0
4073	96	0
4074	94	0
4075	93	0
4076	91	0
4077	89	0
4078	86	0
4079	86	0
4080	86	0
4081	87	0
4082	89	0
4083	91	0
4084	93	0
4085	94	0
4086	96	0
4087	97	0
4088	97	0
4089	94	0
4090	93	0
4091	92	0
4092	89	0
4093	86	0
4094	86	0
4095	86	0
4096	87	0
4097	88	0
4098	91	0
4099	92	0
4100	93	0
4101	95	0
4102	97	0
4103	97	0
4104	97	0
4105	94	0
4106	92	0
4107	91	0
4108	88	0
4109	86	0
4110	87	0
4111	86	0
4112	88	0
4113	89	0
4114	91	0
4115	93	0
4116	95	0
4117	97	0
4118	97	0
4119	96	0
4120	94	0
4121	93	0
4122	92	0
4123	88	0
4124	86	0
4125	86	0
4126	86	0
4127	87	0
4128	89	0
4129	92	0
4130	93	0
4131	94	0
4132	96	0
4133	97	0
4134	97	0
4135	94	0
4136	94	0
4137	93	0
4138	89	0
4139	88	0
4140	88	0
4141	86	0
4142	86	0
4143	88	0
4144	91	0
4145	92	0
4146	94	0
4147	95	0
4148	96	0
4149	97	0
4150	96	0
4151	94	0
4152	91	0
4153	91	0
4154	88	0
4155	86	0
4156	86	0
4157	87	0
4158	87	0
4159	89	0
4160	91	0
4161	93	0
4162	95	0
4163	96	0
4164	96	0
4165	96	0
4166	95	0
4167	93	0
4168	92	0
4169	88	0
4170	86	0
4171	87	0
4172	86	0
4173	88	0
4174	89	0
4175	91	0
4176	93	0
4177	94	0
4178	97	0
4179	97	0
4180	96	0
4181	95	0
4182	94	0
4183	93	0
4184	89	0
4185	87	0
4186	87	0
4187	86	0
4188	87	0
4189	89	0
4190	90	0
4191	92	0
4192	94	0
4193	96	0
4194	97	0
4195	97	0
4196	96	0
4197	94	0
4198	93	0
4199	90	0
4200	88	0
4201	86	0
4202	86	0
4203	86	0
4204	88	0
4205	89	0
4206	92	0
4207	93	0
4208	94	0
4209	96	0
4210	97	0
4211	96	0
4212	94	0
4213	93	0
4214	91	0
4215	88	0
4216	86	0
4217	87	0
4218	86	0
4219	88	0
4220	89	0
4221	91	0
4222	93	0
4223	94	0
4224	96	0
4225	97	0
4226	97	0
4227	96	0
4228	93	0
4229	92	0
4230	89	0
4231	87	0
4232	86	0
4233	87	0
4234	86	0
4235	88	0
4236	91	0
4237	93	0
4238	94	0
4239	96	0
4240	97	0
4241	97	0
4242	96	0
4243	94	0
4244	93	0
4245	90	0
4246	88	0
4247	86	0
4248	86	0
4249	86	0
4250	88	0
4251	90	0
4252	93	0
4253	94	0
4254	95	0
4255	96	0
4256	97	0
4257	96	0
4258	94	0
4259	92	0
4260	91	0
4261	89	0
4262	86	0
4263	86	0
4264	86	0
4265	88	0
4266	89	0
4267	92	0
4268	93	0
4269	94	0
4270	97	0
4271	97	0
4272	97	0
4273	96	0
4274	93	0
4275	92	0
4276	89	0
4277	86	0
4278	86	0
4279	87	0
4280	87	0
4281	88	0
4282	91	0
4283	93	0
4284	94	0
4285	95	0
4286	97	0
4287	97	0
4288	95	0
4289	93	0
4290	91	0
4291	90	0
4292	86	0
4293	86	0
4294	86	0
4295	87	0
4296	88	0
4297	90	0
4298	92	0
4299	94	0
4300	95	0
4301	97	0
4302	96	0
4303	97	0
4304	94	0
4305	93	0
4306	91	0
4307	89	0
4308	86	0
4309	86	0
4310	86	0
4311	87	0
4312	88	0
4313	91	0
4314	93	0
4315	94	0
4316	96	0
4317	97	0
4318	96	0
4319	96	0
4320	94	0
4321	93	0
4322	90	0
4323	88	0
4324	86	0
4325	86	0
4326	86	0
4327	88	0
4328	89	0
4329	92	0
4330	93	0
4331	94	0
4332	97	0
4333	97	0
4334	97	0
4335	96	0
4336	93	0
4337	92	0
4338	89	0
4339	88	0
4340	86	0
4341	86	0
4342	86	0
4343	89	0
4344	90	0
4345	93	0
4346	94	0
4347	96	0
4348	97	0
4349	97	0
4350	96	0
4351	94	0
4352	93	0
4353	90	0
4354	88	0
4355	86	0
4356	86	0
4357	86	0
4358	88	0
4359	89	0
4360	92	0
4361	93	0
4362	94	0
4363	97	0
4364	96	0
4365	97	0
4366	96	0
4367	93	0
4368	93	0
4369	89	0
4370	87	0
4371	86	0
4372	87	0
4373	86	0
4374	89	0
4375	91	0
4376	93	0
4377	94	0
4378	96	0
4379	97	0
4380	96	0
4381	94	0
4382	94	0
4383	93	0
4384	89	0
4385	87	0
4386	86	0
4387	86	0
4388	86	0
4389	88	0
4390	90	0
4391	92	0
4392	94	0
4393	94	0
4394	96	0
4395	97	0
4396	96	0
4397	94	0
4398	93	0
4399	91	0
4400	88	0
4401	86	0
4402	86	0
4403	86	0
4404	88	0
4405	89	0
4406	92	0
4407	93	0
4408	95	0
4409	97	0
4410	97	0
4411	96	0
4412	94	0
4413	93	0
4414	91	0
4415	89	0
4416	86	0
4417	86	0
4418	86	0
4419	87	0
4420	89	0
4421	91	0
4422	93	0
4423	94	0
4424	96	0
4425	97	0
4426	97	0
4427	96	0
4428	94	0
4429	92	0
4430	89	0
4431	88	0
4432	86	0
4433	87	0
4434	86	0
4435	88	0
4436	90	0
4437	93	0
4438	94	0
4439	96	0
4440	96	0
4441	97	0
4442	97	0
4443	94	0
4444	93	0
4445	90	0
4446	89	0
4447	86	0
4448	86	0
4449	86	0
4450	87	0
4451	89	0
4452	92	0
4453	93	0
4454	95	0
4455	97	0
4456	96	0
4457	96	0
4458	95	0
4459	93	0
4460	91	0
4461	88	0
4462	86	0
4463	86	0
4464	86	0
4465	87	0
4466	89	0
4467	91	0
4468	92	0
4469	94	0
4470	95	0
4471	97	0
4472	97	0
4473	95	0
4474	93	0
4475	91	0
4476	90	0
4477	86	0
4478	86	0
4479	86	0
4480	87	0
4481	88	0
4482	90	0
4483	92	0
4484	93	0
4485	94	0
4486	97	0
4487	97	0
4488	95	0
4489	94	0
4490	93	0
4491	91	0
4492	88	0
4493	88	0
4494	86	0
4495	86	0
4496	88	0
4497	89	0
4498	91	0
4499	94	0
4500	94	0
4501	97	0
4502	97	0
4503	96	0
4504	94	0
4505	92	0
4506	91	0
4507	88	0
4508	86	0
4509	86	0
4510	86	0
4511	87	0
4512	89	0
4513	91	0
4514	93	0
4515	94	0
4516	95	0
4517	96	0
4518	96	0
4519	94	0
4520	93	0
4521	91	0
4522	90	0
4523	87	0
4524	86	0
4525	86	0
4526	87	0
4527	88	0
4528	91	0
4529	92	0
4530	94	0
4531	95	0
4532	97	0
4533	96	0
4534	96	0
4535	94	0
4536	91	0
4537	90	0
4538	89	0
4539	86	0
4540	86	0
4541	86	0
4542	88	0
4543	90	0
4544	92	0
4545	93	0
4546	94	0
4547	96	0
4548	97	0
4549	96	0
4550	94	0
4551	92	0
4552	91	0
4553	88	0
4554	86	0
4555	86	0
4556	86	0
4557	86	0
4558	89	0
4559	91	0
4560	93	0
4561	94	0
4562	96	0
4563	97	0
4564	96	0
4565	94	0
4566	93	0
4567	91	0
4568	88	0
4569	86	0
4570	86	0
4571	86	0
4572	87	0
4573	88	0
4574	91	0
4575	93	0
4576	94	0
4577	95	0
4578	96	0
4579	97	0
4580	94	0
4581	93	0
4582	91	0
4583	90	0
4584	87	0
4585	87	0
4586	86	0
4587	86	0
4588	88	0
4589	90	0
4590	93	0
4591	94	0
4592	95	0
4593	96	0
4594	97	0
4595	96	0
4596	94	0
4597	92	0
4598	91	0
4599	89	0
4600	86	0
4601	86	0
4602	86	0
4603	88	0
4604	89	0
4605	92	0
4606	93	0
4607	95	0
4608	97	0
4609	96	0
4610	96	0
4611	94	0
4612	93	0
4613	92	0
4614	88	0
4615	86	0
4616	86	0
4617	86	0
4618	86	0
4619	89	0
4620	91	0
4621	93	0
4622	94	0
4623	96	0
4624	96	0
4625	96	0
4626	94	0
4627	93	0
4628	91	0
4629	89	0
4630	86	0
4631	86	0
4632	86	0
4633	87	0
4634	89	0
4635	91	0
4636	93	0
4637	94	0
4638	96	0
4639	97	0
4640	97	0
4641	94	0
4642	93	0
4643	92	0
4644	89	0
4645	86	0
4646	86	0
4647	86	0
4648	86	0
4649	88	0
4650	90	0
4651	92	0
4652	94	0
4653	95	0
4654	96	0
4655	97	0
4656	96	0
4657	94	0
4658	92	0
4659	91	0
4660	88	0
4661	86	0
4662	86	0
4663	86	0
4664	88	0
4665	89	0
4666	91	0
4667	93	0
4668	94	0
4669	96	0
4670	97	0
4671	96	0
4672	94	0
4673	93	0
4674	91	0
4675	88	0
4676	86	0
4677	86	0
4678	86	0
4679	86	0
4680	88	0
4681	91	0
4682	93	0
4683	94	0
4684	95	0
4685	97	0
4686	96	0
4687	94	0
4688	93	0
4689	90	0
4690	90	0
4691	86	0
4692	86	0
4693	86	0
4694	87	0
4695	88	0
4696	90	0
4697	93	0
4698	93	0
4699	95	0
4700	96	0
4701	97	0
4702	96	0
4703	94	0
4704	92	0
4705	91	0
4706	88	0
4707	86	0
4708	86	0
4709	86	0
4710	88	0
4711	89	0
4712	92	0
4713	93	0
4714	94	0
4715	96	0
4716	97	0
4717	96	0
4718	94	0
4719	93	0
4720	91	0
4721	89	0
4722	86	0
4723	86	0
4724	86	0
4725	86	0
4726	88	0
4727	91	0
4728	93	0
4729	94	0
4730	95	0
4731	97	0
4732	96	0
4733	96	0
4734	94	0
4735	92	0
4736	91	0
4737	88	0
4738	86	0
4739	86	0
4740	86	0
4741	88	0
4742	89	0
4743	92	0
4744	93	0
4745	94	0
4746	96	0
4747	97	0
4748	96	0
4749	94	0
4750	94	0
4751	92	0
4752	89	0
4753	87	0
4754	87	0
4755	86	0
4756	86	0
4757	88	0
4758	90	0
4759	92	0
4760	94	0
4761	96	0
4762	97	0
4763	97	0
4764	97	0
4765	94	0
4766	94	0
4767	90	0
4768	88	0
4769	86	0
4770	87	0
4771	86	0
4772	88	0
4773	89	0
4774	91	0
4775	93	0
4776	94	0
4777	96	0
4778	96	0
4779	97	0
4780	96	0
4781	102	0
4782	123	0
4783	138	0
4784	150	0
4785	161	0
4786	170	0
4787	163	0
4788	151	0
4789	136	0
4790	125	0
4791	115	0
4792	108	0
4793	102	0
4794	98	0
4795	94	0
4796	92	0
4797	91	0
4798	91	0
4799	91	0
4800	93	0
4801	94	0
4802	96	0
4803	97	0
4804	98	0
4805	99	0
4806	98	0
4807	97	0
4808	95	0
4809	93	0
4810	91	0
4811	90	0
4812	87	0
4813	87	0
4814	86	0
4815	88	0
4816	88	0
4817	91	0
4818	93	0
4819	94	0
4820	97	0
4821	98	0
4822	98	0
4823	98	0
4824	97	0
4825	96	0
4826	93	0
4827	90	0
4828	89	0
4829	88	0
4830	86	0
4831	87	0
4832	89	0
4833	89	0
4834	91	0
4835	94	0
4836	95	0
4837	97	0
4838	97	0
4839	97	0
4840	97	0
4841	94	0
4842	93	0
4843	90	0
4844	88	0
4845	86	0
4846	86	0
4847	86	0
4848	88	0
4849	90	0
4850	93	0
4851	94	0
4852	96	0
4853	97	0
4854	96	0
4855	97	0
4856	94	0
4857	94	0
4858	91	0
4859	88	0
4860	87	0
4861	87	0
4862	86	0
4863	87	0
4864	89	0
4865	91	0
4866	93	0
4867	94	0
4868	96	0
4869	97	0
4870	97	0
4871	94	0
4872	93	0
4873	92	0
4874	88	0
4875	86	0
4876	86	0
4877	86	0
4878	87	0
4879	88	0
4880	91	0
4881	93	0
4882	94	0
4883	96	0
4884	96	0
4885	96	0
4886	94	0
4887	93	0
4888	92	0
4889	89	0
4890	86	0
4891	87	0
4892	86	0
4893	86	0
4894	89	0
4895	90	0
4896	93	0
4897	94	0
4898	96	0
4899	97	0
4900	96	0
4901	96	0
4902	94	0
4903	93	0
4904	90	0
4905	89	0
4906	86	0
4907	86	0
4908	86	0
4909	88	0
4910	89	0
4911	92	0
4912	94	0
4913	95	0
4914	96	0
4915	97	0
4916	96	0
4917	94	0
4918	93	0
4919	91	0
4920	89	0
4921	86	0
4922	86	0
4923	86	0
4924	88	0
4925	89	0
4926	92	0
4927	93	0
4928	94	0
4929	97	0
4930	97	0
4931	97	0
4932	94	0
4933	93	0
4934	93	0
4935	89	0
4936	87	0
4937	88	0
4938	86	0
4939	86	0
4940	88	0
4941	90	0
4942	93	0
4943	94	0
4944	95	0
4945	96	0
4946	97	0
4947	96	0
4948	94	0
4949	92	0
4950	91	0
4951	88	0
4952	86	0
4953	86	0
4954	86	0
4955	88	0
4956	89	0
4957	91	0
4958	93	0
4959	94	0
4960	97	0
4961	97	0
4962	97	0
4963	94	0
4964	93	0
4965	93	0
4966	89	0
4967	86	0
4968	87	0
4969	86	0
4970	86	0
4971	88	0
4972	91	0
4973	93	0
4974	94	0
4975	95	0
4976	97	0
4977	97	0
4978	96	0
4979	93	0
4980	92	0
4981	91	0
4982	88	0
4983	86	0
4984	87	0
4985	86	0
4986	88	0
4987	89	0
4988	92	0
4989	94	0
4990	95	0
4991	96	0
4992	97	0
4993	97	0
4994	94	0
4995	92	0
4996	92	0
4997	89	0
4998	86	0
4999	86	0
5000	86	0
5001	87	0
5002	88	0
5003	91	0
5004	93	0
5005	95	0
5006	96	0
5007	97	0
5008	96	0
5009	96	0
5010	93	0
5011	93	0
5012	89	0
5013	88	0
5014	86	0
5015	87	0
5016	86	0
5017	88	0
5018	89	0
5019	93	0
5020	94	0
5021	95	0
5022	96	0
5023	97	0
5024	96	0
5025	94	0
5026	92	0
5027	91	0
5028	89	0
5029	86	0
5030	86	0
5031	86	0
5032	88	0
5033	89	0
5034	92	0
5035	94	0
5036	94	0
5037	97	0
5038	96	0
5039	97	0
5040	94	0
5041	92	0
5042	92	0
5043	89	0
5044	86	0
5045	87	0
5046	86	0
5047	86	0
5048	89	0
5049	91	0
5050	93	0
5051	94	0
5052	96	0
5053	97	0
5054	96	0
5055	96	0
5056	94	0
5057	92	0
5058	90	0
5059	87	0
5060	86	0
5061	87	0
5062	86	0
5063	88	0
5064	91	0
5065	93	0
5066	94	0
5067	95	0
5068	97	0
5069	96	0
5070	97	0
5071	94	0
5072	92	0
5073	91	0
5074	88	0
5075	86	0
5076	86	0
5077	86	0
5078	89	0
5079	90	0
5080	91	0
5081	93	0
5082	94	0
5083	97	0
5084	97	0
5085	97	0
5086	94	0
5087	92	0
5088	92	0
5089	88	0
5090	86	0
5091	87	0
5092	86	0
5093	87	0
5094	89	0
5095	91	0
5096	93	0
5097	94	0
5098	95	0
5099	97	0
5100	96	0
5101	96	0
5102	93	0
5103	91	0
5104	91	0
5105	88	0
5106	86	0
5107	86	0
5108	86	0
5109	89	0
5110	90	0
5111	93	0
5112	94	0
5113	96	0
5114	97	0
5115	96	0
5116	97	0
5117	94	0
5118	93	0
5119	90	0
5120	89	0
5121	86	0
5122	86	0
5123	86	0
5124	88	0
5125	89	0
5126	93	0
5127	93	0
5128	95	0
5129	97	0
5130	97	0
5131	97	0
5132	94	0
5133	93	0
5134	91	0
5135	89	0
5136	86	0
5137	87	0
5138	86	0
5139	87	0
5140	88	0
5141	91	0
5142	93	0
5143	94	0
5144	96	0
5145	97	0
5146	96	0
5147	95	0
5148	94	0
5149	92	0
5150	89	0
5151	86	0
5152	86	0
5153	86	0
5154	86	0
5155	88	0
5156	90	0
5157	92	0
5158	94	0
5159	95	0
5160	96	0
5161	97	0
5162	96	0
5163	94	0
5164	91	0
5165	91	0
5166	89	0
5167	86	0
5168	86	0
5169	86	0
5170	87	0
5171	89	0
5172	92	0
5173	93	0
5174	95	0
5175	97	0
5176	96	0
5177	97	0
5178	94	0
5179	93	0
5180	91	0
5181	89	0
5182	86	0
5183	86	0
5184	86	0
5185	87	0
5186	88	0
5187	91	0
5188	93	0
5189	94	0
5190	96	0
5191	97	0
5192	96	0
5193	97	0
5194	94	0
5195	92	0
5196	89	0
5197	88	0
5198	86	0
5199	87	0
5200	86	0
5201	88	0
5202	89	0
5203	92	0
5204	94	0
5205	95	0
5206	97	0
5207	97	0
5208	96	0
5209	94	0
5210	92	0
5211	91	0
5212	88	0
5213	86	0
5214	87	0
5215	86	0
5216	87	0
5217	89	0
5218	91	0
5219	93	0
5220	95	0
5221	97	0
5222	96	0
5223	96	0
5224	95	0
5225	93	0
5226	92	0
5227	89	0
5228	86	0
5229	87	0
5230	86	0
5231	87	0
5232	89	0
5233	91	0
5234	93	0
5235	94	0
5236	96	0
5237	97	0
5238	97	0
5239	94	0
5240	94	0
5241	93	0
5242	89	0
5243	87	0
5244	88	0
5245	86	0
5246	86	0
5247	88	0
5248	90	0
5249	93	0
5250	94	0
5251	95	0
5252	96	0
5253	96	0
5254	96	0
5255	94	0
5256	92	0
5257	92	0
5258	88	0
5259	86	0
5260	87	0
5261	86	0
5262	87	0
5263	89	0
5264	91	0
5265	93	0
5266	94	0
5267	96	0
5268	97	0
5269	97	0
5270	96	0
5271	94	0
5272	92	0
5273	89	0
5274	87	0
5275	86	0
5276	87	0
5277	87	0
5278	89	0
5279	90	0
5280	92	0
5281	94	0
5282	94	0
5283	97	0
5284	97	0
5285	97	0
5286	94	0
5287	93	0
5288	92	0
5289	89	0
5290	86	0
5291	87	0
5292	86	0
5293	86	0
5294	88	0
5295	91	0
5296	93	0
5297	94	0
5298	95	0
5299	97	0
5300	97	0
5301	96	0
5302	94	0
5303	92	0
5304	91	0
5305	88	0
5306	86	0
5307	86	0
5308	86	0
5309	88	0
5310	88	0
5311	92	0
5312	93	0
5313	94	0
5314	97	0
5315	97	0
5316	97	0
5317	94	0
5318	93	0
5319	92	0
5320	89	0
5321	86	0
5322	86	0
5323	86	0
5324	86	0
5325	88	0
5326	91	0
5327	93	0
5328	94	0
5329	95	0
5330	97	0
5331	96	0
5332	96	0
5333	94	0
5334	91	0
5335	91	0
5336	89	0
5337	86	0
5338	86	0
5339	86	0
5340	88	0
5341	90	0
5342	93	0
5343	94	0
5344	95	0
5345	97	0
5346	96	0
5347	96	0
5348	95	0
5349	92	0
5350	91	0
5351	89	0
5352	86	0
5353	87	0
5354	86	0
5355	88	0
5356	88	0
5357	92	0
5358	93	0
5359	94	0
5360	97	0
5361	96	0
5362	97	0
5363	94	0
5364	93	0
5365	91	0
5366	89	0
5367	86	0
5368	86	0
5369	86	0
5370	87	0
5371	89	0
5372	91	0
5373	93	0
5374	94	0
5375	95	0
5376	97	0
5377	96	0
5378	95	0
5379	93	0
5380	91	0
5381	90	0
5382	87	0
5383	87	0
5384	86	0
5385	86	0
5386	88	0
5387	89	0
5388	92	0
5389	94	0
5390	96	0
5391	96	0
5392	97	0
5393	94	0
5394	94	0
5395	93	0
5396	89	0
5397	87	0
5398	87	0
5399	86	0
5400	86	0
5401	87	0
5402	89	0
5403	91	0
5404	93	0
5405	94	0
5406	96	0
5407	96	0
5408	97	0
5409	95	0
5410	93	0
5411	92	0
5412	88	0
5413	86	0
5414	87	0
5415	86	0
5416	86	0
5417	89	0
5418	91	0
5419	93	0
5420	94	0
5421	96	0
5422	97	0
5423	97	0
5424	96	0
5425	93	0
5426	92	0
5427	89	0
5428	87	0
5429	86	0
5430	87	0
5431	86	0
5432	87	0
5433	90	0
5434	92	0
5435	94	0
5436	96	0
5437	97	0
5438	97	0
5439	97	0
5440	94	0
5441	93	0
5442	90	0
5443	87	0
5444	86	0
5445	86	0
5446	86	0
5447	87	0
5448	90	0
5449	92	0
5450	93	0
5451	95	0
5452	97	0
5453	97	0
5454	95	0
5455	94	0
5456	92	0
5457	92	0
5458	88	0
5459	88	0
5460	86	0
5461	86	0
5462	87	0
5463	89	0
5464	90	0
5465	93	0
5466	94	0
5467	96	0
5468	97	0
5469	97	0
5470	94	0
5471	93	0
5472	92	0
5473	89	0
5474	86	0
5475	86	0
5476	86	0
5477	86	0
5478	88	0
5479	90	0
5480	92	0
5481	94	0
5482	95	0
5483	97	0
5484	97	0
5485	96	0
5486	94	0
5487	91	0
5488	90	0
5489	88	0
5490	86	0
5491	86	0
5492	86	0
5493	88	0
5494	89	0
5495	92	0
5496	93	0
5497	95	0
5498	96	0
5499	97	0
5500	96	0
5501	94	0
5502	93	0
5503	91	0
5504	88	0
5505	86	0
5506	86	0
5507	86	0
5508	87	0
5509	88	0
5510	91	0
5511	93	0
5512	94	0
5513	96	0
5514	97	0
5515	97	0
5516	94	0
5517	93	0
5518	91	0
5519	88	0
5520	86	0
5521	86	0
5522	86	0
5523	87	0
5524	88	0
5525	91	0
5526	93	0
5527	94	0
5528	95	0
5529	96	0
5530	97	0
5531	95	0
5532	93	0
5533	91	0
5534	90	0
5535	86	0
5536	86	0
5537	86	0
5538	86	0
5539	88	0
5540	91	0
5541	93	0
5542	94	0
5543	95	0
5544	96	0
5545	97	0
5546	95	0
5547	93	0
5548	92	0
5549	91	0
5550	87	0
5551	87	0
5552	86	0
5553	86	0
5554	88	0
5555	90	0
5556	91	0
5557	94	0
5558	95	0
5559	97	0
5560	96	0
5561	96	0
5562	95	0
5563	92	0
5564	91	0
5565	89	0
5566	86	0
5567	86	0
5568	86	0
5569	87	0
5570	88	0
5571	91	0
5572	93	0
5573	94	0
5574	96	0
5575	96	0
5576	96	0
5577	94	0
5578	93	0
5579	92	0
5580	89	0
5581	86	0
5582	86	0
5583	86	0
5584	86	0
5585	88	0
5586	91	0
5587	93	0
5588	94	0
5589	95	0
5590	97	0
5591	97	0
5592	95	0
5593	93	0
5594	91	0
5595	90	0
5596	86	0
5597	86	0
5598	86	0
5599	86	0
5600	88	0
5601	90	0
5602	92	0
5603	94	0
5604	96	0
5605	97	0
5606	97	0
5607	96	0
5608	94	0
5609	93	0
5610	90	0
5611	88	0
5612	86	0
5613	86	0
5614	86	0
5615	89	0
5616	89	0
5617	92	0
5618	93	0
5619	94	0
5620	96	0
5621	96	0
5622	96	0
5623	94	0
5624	92	0
5625	91	0
5626	88	0
5627	86	0
5628	86	0
5629	86	0
5630	87	0
5631	88	0
5632	91	0
5633	93	0
5634	94	0
5635	96	0
5636	97	0
5637	96	0
5638	94	0
5639	93	0
5640	91	0
5641	89	0
5642	86	0
5643	86	0
5644	86	0
5645	86	0
5646	88	0
5647	90	0
5648	93	0
5649	94	0
5650	95	0
5651	97	0
5652	97	0
5653	96	0
5654	93	0
5655	91	0
5656	90	0
5657	88	0
5658	86	0
5659	86	0
5660	86	0
5661	88	0
5662	89	0
5663	91	0
5664	93	0
5665	94	0
5666	97	0
5667	97	0
5668	96	0
5669	94	0
5670	93	0
5671	91	0
5672	88	0
5673	86	0
5674	86	0
5675	86	0
5676	86	0
5677	89	0
5678	91	0
5679	93	0
5680	94	0
5681	94	0
5682	97	0
5683	97	0
5684	95	0
5685	94	0
5686	91	0
5687	90	0
5688	87	0
5689	86	0
5690	86	0
5691	86	0
5692	88	0
5693	90	0
5694	92	0
5695	94	0
5696	95	0
5697	97	0
5698	97	0
5699	96	0
5700	94	0
5701	92	0
5702	91	0
5703	88	0
5704	86	0
5705	86	0
5706	86	0
5707	87	0
5708	88	0
5709	91	0
5710	93	0
5711	94	0
5712	95	0
5713	97	0
5714	97	0
5715	96	0
5716	94	0
5717	92	0
5718	91	0
5719	88	0
5720	86	0
5721	86	0
5722	86	0
5723	88	0
5724	89	0
5725	91	0
5726	93	0
5727	94	0
5728	97	0
5729	96	0
5730	96	0
5731	95	0
5732	93	0
5733	93	0
5734	90	0
5735	86	0
5736	90	0
5737	106	0
5738	125	0
5739	138	0
5740	147	0
5741	154	0
5742	153	0
5743	141	0
5744	128	0
5745	118	0
5746	110	0
5747	105	0
5748	102	0
5749	100	0
5750	100	0
5751	99	0
5752	100	0
5753	101	0
5754	101	0
5755	100	0
5756	100	0
5757	99	0
5758	97	0
5759	94	0
5760	93	0
5761	91	0
5762	89	0
5763	87	0
5764	87	0
5765	86	0
5766	87	0
5767	88	0
5768	90	0
5769	93	0
5770	94	0
5771	96	0
5772	98	0
5773	98	0
5774	98	0
5775	97	0
5776	96	0
5777	93	0
5778	90	0
5779	89	0
5780	87	0
5781	86	0
5782	88	0
5783	88	0
5784	89	0
5785	92	0
5786	94	0
5787	96	0
5788	96	0
5789	97	0
5790	98	0
5791	96	0
5792	96	0
5793	93	0
5794	91	0
5795	89	0
5796	86	0
5797	86	0
5798	86	0
5799	88	0
5800	89	0
5801	92	0
5802	93	0
5803	95	0
5804	96	0
5805	96	0
5806	96	0
5807	94	0
5808	94	0
5809	93	0
5810	89	0
5811	87	0
5812	86	0
5813	86	0
5814	87	0
5815	88	0
5816	90	0
5817	93	0
5818	94	0
5819	96	0
5820	96	0
5821	97	0
5822	97	0
5823	94	0
5824	93	0
5825	90	0
5826	88	0
5827	86	0
5828	86	0
5829	86	0
5830	89	0
5831	89	0
5832	92	0
5833	94	0
5834	94	0
5835	97	0
5836	97	0
5837	96	0
5838	94	0
5839	91	0
5840	90	0
5841	88	0
5842	86	0
5843	86	0
5844	86	0
5845	87	0
5846	89	0
5847	92	0
5848	94	0
5849	94	0
5850	96	0
5851	96	0
5852	95	0
5853	94	0
5854	93	0
5855	92	0
5856	88	0
5857	87	0
5858	86	0
5859	86	0
5860	88	0
5861	88	0
5862	92	0
5863	93	0
5864	94	0
5865	97	0
5866	96	0
5867	96	0
5868	94	0
5869	93	0
5870	92	0
5871	89	0
5872	87	0
5873	86	0
5874	86	0
5875	86	0
5876	89	0
5877	90	0
5878	93	0
5879	94	0
5880	96	0
5881	97	0
5882	96	0
5883	96	0
5884	94	0
5885	93	0
5886	90	0
5887	88	0
5888	86	0
5889	86	0
5890	86	0
5891	88	0
5892	89	0
5893	92	0
5894	93	0
5895	94	0
5896	96	0
5897	96	0
5898	96	0
5899	95	0
5900	93	0
5901	91	0
5902	89	0
5903	86	0
5904	86	0
5905	86	0
5906	87	0
5907	88	0
5908	91	0
5909	93	0
5910	94	0
5911	95	0
5912	97	0
5913	97	0
5914	95	0
5915	94	0
5916	91	0
5917	90	0
5918	87	0
5919	87	0
5920	86	0
5921	86	0
5922	87	0
5923	90	0
5924	91	0
5925	94	0
5926	95	0
5927	96	0
5928	97	0
5929	96	0
5930	94	0
5931	93	0
5932	91	0
5933	89	0
5934	86	0
5935	86	0
5936	86	0
5937	87	0
5938	89	0
5939	92	0
5940	93	0
5941	94	0
5942	96	0
5943	97	0
5944	96	0
5945	94	0
5946	94	0
5947	92	0
5948	89	0
5949	87	0
5950	87	0
5951	86	0
5952	86	0
5953	88	0
5954	90	0
5955	93	0
5956	94	0
5957	95	0
5958	96	0
5959	97	0
5960	96	0
5961	94	0
5962	92	0
5963	91	0
5964	89	0
5965	86	0
5966	86	0
5967	86	0
5968	88	0
5969	89	0
5970	92	0
5971	94	0
5972	94	0
5973	97	0
5974	96	0
5975	97	0
5976	95	0
5977	92	0
5978	91	0
5979	88	0
5980	86	0
5981	86	0
5982	86	0
5983	88	0
5984	88	0
5985	91	0
5986	92	0
5987	94	0
5988	96	0
5989	97	0
5990	97	0
5991	94	0
5992	93	0
5993	92	0
5994	90	0
5995	87	0
5996	87	0
5997	86	0
5998	86	0
5999	88	0
6000	90	0
6001	92	0
6002	94	0
6003	96	0
6004	96	0
6005	97	0
6006	97	0
6007	94	0
6008	94	0
6009	89	0
6010	88	0
6011	86	0
6012	86	0
6013	86	0
6014	88	0
6015	89	0
6016	92	0
6017	93	0
6018	94	0
6019	97	0
6020	97	0
6021	97	0
6022	95	0
6023	93	0
6024	92	0
6025	89	0
6026	86	0
6027	86	0
6028	86	0
6029	87	0
6030	89	0
6031	91	0
6032	93	0
6033	94	0
6034	96	0
6035	97	0
6036	97	0
6037	94	0
6038	93	0
6039	92	0
6040	89	0
6041	87	0
6042	88	0
6043	87	0
6044	86	0
6045	89	0
6046	90	0
6047	92	0
6048	94	0
6049	95	0
6050	96	0
6051	97	0
6052	96	0
6053	94	0
6054	92	0
6055	91	0
6056	88	0
6057	86	0
6058	86	0
6059	86	0
6060	87	0
6061	89	0
6062	92	0
6063	94	0
6064	94	0
6065	95	0
6066	96	0
6067	97	0
6068	94	0
6069	93	0
6070	91	0
6071	90	0
6072	86	0
6073	87	0
6074	86	0
6075	87	0
6076	89	0
6077	91	0
6078	93	0
6079	94	0
6080	96	0
6081	97	0
6082	97	0
6083	96	0
6084	94	0
6085	93	0
6086	90	0
6087	88	0
6088	86	0
6089	86	0
6090	86	0
6091	88	0
6092	90	0
6093	93	0
6094	94	0
6095	95	0
6096	97	0
6097	97	0
6098	96	0
6099	94	0
6100	93	0
6101	91	0
6102	88	0
6103	86	0
6104	86	0
6105	86	0
6106	88	0
6107	89	0
6108	91	0
6109	93	0
6110	94	0
6111	97	0
6112	97	0
6113	96	0
6114	94	0
6115	93	0
6116	92	0
6117	89	0
6118	86	0
6119	86	0
6120	86	0
6121	87	0
6122	88	0
6123	91	0
6124	93	0
6125	94	0
6126	96	0
6127	97	0
6128	96	0
6129	96	0
6130	94	0
6131	93	0
6132	90	0
6133	87	0
6134	86	0
6135	86	0
6136	86	0
6137	88	0
6138	90	0
6139	92	0
6140	94	0
6141	95	0
6142	96	0
6143	97	0
6144	96	0
6145	94	0
6146	93	0
6147	91	0
6148	88	0
6149	86	0
6150	86	0
6151	86	0
6152	88	0
6153	89	0
6154	91	0
6155	93	0
6156	94	0
6157	97	0
6158	97	0
6159	96	0
6160	94	0
6161	93	0
6162	92	0
6163	89	0
6164	86	0
6165	86	0
6166	86	0
6167	87	0
6168	89	0
6169	91	0
6170	93	0
6171	94	0
6172	95	0
6173	96	0
6174	97	0
6175	94	0
6176	93	0
6177	91	0
6178	90	0
6179	86	0
6180	87	0
6181	86	0
6182	87	0
6183	88	0
6184	90	0
6185	92	0
6186	94	0
6187	95	0
6188	97	0
6189	97	0
6190	96	0
6191	94	0
6192	92	0
6193	91	0
6194	88	0
6195	86	0
6196	86	0
6197	86	0
6198	88	0
6199	89	0
6200	92	0
6201	93	0
6202	94	0
6203	97	0
6204	97	0
6205	96	0
6206	94	0
6207	93	0
6208	91	0
6209	89	0
6210	86	0
6211	86	0
6212	86	0
6213	87	0
6214	89	0
6215	92	0
6216	93	0
6217	94	0
6218	96	0
6219	97	0
6220	97	0
6221	97	0
6222	94	0
6223	94	0
6224	90	0
6225	88	0
6226	86	0
6227	87	0
6228	86	0
6229	88	0
6230	89	0
6231	92	0
6232	93	0
6233	95	0
6234	97	0
6235	96	0
6236	96	0
6237	94	0
6238	93	0
6239	93	0
6240	90	0
6241	86	0
6242	87	0
6243	86	0
6244	86	0
6245	88	0
6246	89	0
6247	92	0
6248	94	0
6249	95	0
6250	97	0
6251	97	0
6252	97	0
6253	95	0
6254	93	0
6255	92	0
6256	89	0
6257	86	0
6258	86	0
6259	86	0
6260	86	0
6261	88	0
6262	91	0
6263	93	0
6264	94	0
6265	96	0
6266	97	0
6267	97	0
6268	97	0
6269	94	0
6270	92	0
6271	90	0
6272	88	0
6273	86	0
6274	87	0
6275	86	0
6276	88	0
6277	90	0
6278	91	0
6279	94	0
6280	95	0
6281	97	0
6282	97	0
6283	97	0
6284	94	0
6285	93	0
6286	92	0
6287	89	0
6288	86	0
6289	86	0
6290	86	0
6291	87	0
6292	89	0
6293	91	0
6294	93	0
6295	94	0
6296	96	0
6297	97	0
6298	96	0
6299	94	0
6300	93	0
6301	92	0
6302	89	0
6303	86	0
6304	87	0
6305	86	0
6306	86	0
6307	89	0
6308	91	0
6309	93	0
6310	94	0
6311	96	0
6312	97	0
6313	96	0
6314	96	0
6315	94	0
6316	92	0
6317	89	0
6318	88	0
6319	86	0
6320	86	0
6321	87	0
6322	88	0
6323	89	0
6324	93	0
6325	93	0
6326	95	0
6327	96	0
6328	97	0
6329	95	0
6330	93	0
6331	92	0
6332	91	0
6333	87	0
6334	87	0
6335	86	0
6336	86	0
6337	87	0
6338	89	0
6339	91	0
6340	94	0
6341	95	0
6342	96	0
6343	97	0
6344	96	0
6345	94	0
6346	92	0
6347	91	0
6348	88	0
6349	86	0
6350	87	0
6351	86	0
6352	87	0
6353	89	0
6354	91	0
6355	93	0
6356	95	0
6357	96	0
6358	97	0
6359	97	0
6360	96	0
6361	94	0
6362	93	0
6363	89	0
6364	88	0
6365	86	0
6366	86	0
6367	87	0
6368	89	0
6369	90	0
6370	93	0
6371	94	0
6372	96	0
6373	97	0
6374	97	0
6375	96	0
6376	94	0
6377	93	0
6378	89	0
6379	87	0
6380	86	0
6381	86	0
6382	86	0
6383	87	0
6384	90	0
6385	91	0
6386	94	0
6387	95	0
6388	97	0
6389	96	0
6390	95	0
6391	94	0
6392	93	0
6393	91	0
6394	88	0
6395	87	0
6396	86	0
6397	86	0
6398	88	0
6399	89	0
6400	91	0
6401	93	0
6402	94	0
6403	96	0
6404	97	0
6405	96	0
6406	95	0
6407	93	0
6408	92	0
6409	89	0
6410	87	0
6411	87	0
6412	86	0
6413	86	0
6414	89	0
6415	91	0
6416	93	0
6417	94	0
6418	96	0
6419	96	0
6420	96	0
6421	95	0
6422	94	0
6423	93	0
6424	89	0
6425	86	0
6426	87	0
6427	86	0
6428	86	0
6429	88	0
6430	90	0
6431	92	0
6432	94	0
6433	95	0
6434	97	0
6435	97	0
6436	95	0
6437	94	0
6438	92	0
6439	91	0
6440	87	0
6441	87	0
6442	86	0
6443	86	0
6444	87	0
6445	89	0
6446	91	0
6447	94	0
6448	94	0
6449	95	0
6450	97	0
6451	95	0
6452	94	0
6453	92	0
6454	91	0
6455	89	0
6456	88	0
6457	86	0
6458	86	0
6459	87	0
6460	88	0
6461	90	0
6462	93	0
6463	94	0
6464	95	0
6465	96	0
6466	97	0
6467	94	0
6468	93	0
6469	91	0
6470	90	0
6471	86	0
6472	87	0
6473	86	0
6474	86	0
6475	88	0
6476	90	0
6477	92	0
6478	94	0
6479	95	0
6480	96	0
6481	97	0
6482	95	0
6483	94	0
6484	91	0
6485	90	0
6486	87	0
6487	87	0
6488	86	0
6489	86	0
6490	88	0
6491	90	0
6492	92	0
6493	94	0
6494	94	0
6495	97	0
6496	97	0
6497	95	0
6498	94	0
6499	92	0
6500	91	0
6501	87	0
6502	87	0
6503	86	0
6504	86	0
6505	88	0
6506	89	0
6507	91	0
6508	93	0
6509	94	0
6510	96	0
6511	96	0
6512	96	0
6513	94	0
6514	93	0
6515	92	0
6516	89	0
6517	86	0
6518	86	0
6519	86	0
6520	86	0
6521	89	0
6522	91	0
6523	93	0
6524	94	0
6525	95	0
6526	97	0
6527	97	0
6528	95	0
6529	93	0
6530	91	0
6531	90	0
6532	86	0
6533	86	0
6534	86	0
6535	87	0
6536	89	0
6537	91	0
6538	93	0
6539	94	0
6540	95	0
6541	97	0
6542	97	0
6543	95	0
6544	94	0
6545	91	0
6546	91	0
6547	87	0
6548	87	0
6549	86	0
6550	86	0
6551	88	0
6552	89	0
6553	91	0
6554	93	0
6555	94	0
6556	97	0
6557	97	0
6558	95	0
6559	94	0
6560	92	0
6561	91	0
6562	88	0
6563	87	0
6564	86	0
6565	86	0
6566	87	0
6567	88	0
6568	91	0
6569	94	0
6570	94	0
6571	95	0
6572	97	0
6573	97	0
6574	94	0
6575	92	0
6576	91	0
6577	90	0
6578	86	0
6579	86	0
6580	86	0
6581	87	0
6582	89	0
6583	91	0
6584	92	0
6585	94	0
6586	95	0
6587	97	0
6588	96	0
6589	95	0
6590	93	0
6591	91	0
6592	90	0
6593	87	0
6594	87	0
6595	86	0
6596	86	0
6597	88	0
6598	90	0
6599	92	0
6600	93	0
6601	95	0
6602	97	0
6603	97	0
6604	96	0
6605	94	0
6606	92	0
6607	91	0
6608	88	0
6609	86	0
6610	87	0
6611	86	0
6612	88	0
6613	89	0
6614	91	0
6615	93	0
6616	94	0
6617	97	0
6618	96	0
6619	97	0
6620	94	0
6621	93	0
6622	93	0
6623	89	0
6624	86	0
6625	86	0
6626	86	0
6627	86	0
6628	88	0
6629	91	0
6630	93	0
6631	94	0
6632	95	0
6633	96	0
6634	97	0
6635	96	0
6636	93	0
6637	91	0
6638	90	0
6639	88	0
6640	86	0
6641	86	0
6642	86	0
6643	87	0
6644	88	0
6645	92	0
6646	93	0
6647	96	0
6648	96	0
6649	96	0
6650	97	0
6651	94	0
6652	94	0
6653	90	0
6654	88	0
6655	86	0
6656	86	0
6657	86	0
6658	86	0
6659	88	0
6660	91	0
6661	93	0
6662	94	0
6663	96	0
6664	96	0
6665	96	0
6666	96	0
6667	94	0
6668	93	0
6669	89	0
6670	88	0
6671	86	0
6672	86	0
6673	86	0
6674	88	0
6675	90	0
6676	92	0
6677	93	0
6678	95	0
6679	96	0
6680	96	0
6681	96	0
6682	94	0
6683	93	0
6684	93	0
6685	89	0
6686	86	0
6687	86	0
6688	86	0
6689	86	0
6690	89	0
6691	108	0
6692	129	0
6693	144	0
6694	155	0
6695	162	0
6696	160	0
6697	148	0
6698	135	0
6699	126	0
6700	118	0
6701	115	0
6702	112	0
6703	110	0
6704	109	0
6705	106	0
6706	105	0
6707	102	0
6708	101	0
6709	98	0
6710	95	0
6711	92	0
6712	90	0
6713	88	0
6714	86	0
6715	87	0
6716	87	0
6717	89	0
6718	89	0
6719	92	0
6720	94	0
6721	96	0
6722	97	0
6723	98	0
6724	98	0
6725	97	0
6726	97	0
6727	94	0
6728	92	0
6729	89	0
6730	88	0
6731	86	0
6732	88	0
6733	87	0
6734	88	0
6735	90	0
6736	93	0
6737	94	0
6738	96	0
6739	98	0
6740	98	0
6741	98	0
6742	96	0
6743	95	0
6744	92	0
6745	90	0
6746	88	0
6747	86	0
6748	87	0
6749	86	0
6750	89	0
6751	90	0
6752	93	0
6753	94	0
6754	96	0
6755	97	0
6756	97	0
6757	97	0
6758	96	0
6759	94	0
6760	91	0
6761	89	0
6762	87	0
6763	86	0
6764	86	0
6765	87	0
6766	89	0
6767	91	0
6768	93	0
6769	94	0
6770	96	0
6771	97	0
6772	96	0
6773	96	0
6774	94	0
6775	92	0
6776	89	0
6777	88	0
6778	86	0
6779	86	0
6780	86	0
6781	88	0
6782	90	0
6783	93	0
6784	94	0
6785	94	0
6786	96	0
6787	97	0
6788	96	0
6789	94	0
6790	91	0
6791	91	0
6792	88	0
6793	86	0
6794	87	0
6795	86	0
6796	88	0
6797	89	0
6798	92	0
6799	94	0
6800	95	0
6801	96	0
6802	97	0
6803	96	0
6804	94	0
6805	92	0
6806	91	0
6807	89	0
6808	86	0
6809	86	0
6810	86	0
6811	88	0
6812	89	0
6813	92	0
6814	93	0
6815	94	0
6816	96	0
6817	97	0
6818	96	0
6819	94	0
6820	93	0
6821	92	0
6822	89	0
6823	86	0
6824	86	0
6825	86	0
6826	87	0
6827	88	0
6828	91	0
6829	93	0
6830	94	0
6831	95	0
6832	97	0
6833	96	0
6834	96	0
6835	94	0
6836	91	0
6837	91	0
6838	88	0
6839	86	0
6840	86	0
6841	86	0
6842	88	0
6843	90	0
6844	93	0
6845	94	0
6846	94	0
6847	97	0
6848	97	0
6849	97	0
6850	94	0
6851	93	0
6852	92	0
6853	89	0
6854	86	0
6855	86	0
6856	86	0
6857	88	0
6858	89	0
6859	91	0
6860	93	0
6861	94	0
6862	97	0
6863	96	0
6864	97	0
6865	94	0
6866	93	0
6867	93	0
6868	89	0
6869	87	0
6870	86	0
6871	86	0
6872	86	0
6873	88	0
6874	90	0
6875	93	0
6876	94	0
6877	96	0
6878	97	0
6879	97	0
6880	96	0
6881	94	0
6882	93	0
6883	90	0
6884	88	0
6885	86	0
6886	86	0
6887	86	0
6888	89	0
6889	89	0
6890	91	0
6891	93	0
6892	95	0
6893	97	0
6894	97	0
6895	96	0
6896	94	0
6897	93	0
6898	92	0
6899	89	0
6900	87	0
6901	87	0
6902	87	0
6903	88	0
6904	89	0
6905	91	0
6906	93	0
6907	94	0
6908	96	0
6909	97	0
6910	97	0
6911	96	0
6912	94	0
6913	93	0
6914	90	0
6915	88	0
6916	86	0
6917	86	0
6918	86	0
6919	88	0
6920	90	0
6921	93	0
6922	94	0
6923	95	0
6924	97	0
6925	96	0
6926	97	0
6927	95	0
6928	93	0
6929	92	0
6930	88	0
6931	86	0
6932	87	0
6933	87	0
6934	88	0
6935	89	0
6936	91	0
6937	93	0
6938	94	0
6939	96	0
6940	97	0
6941	96	0
6942	94	0
6943	94	0
6944	92	0
6945	89	0
6946	87	0
6947	87	0
6948	86	0
6949	87	0
6950	88	0
6951	91	0
6952	93	0
6953	94	0
6954	96	0
6955	97	0
6956	97	0
6957	97	0
6958	94	0
6959	93	0
6960	90	0
6961	88	0
6962	86	0
6963	87	0
6964	86	0
6965	88	0
6966	90	0
6967	93	0
6968	94	0
6969	94	0
6970	96	0
6971	97	0
6972	97	0
6973	95	0
6974	93	0
6975	91	0
6976	88	0
6977	86	0
6978	87	0
6979	86	0
6980	87	0
6981	89	0
6982	91	0
6983	93	0
6984	94	0
6985	96	0
6986	97	0
6987	96	0
6988	96	0
6989	94	0
6990	92	0
6991	89	0
6992	87	0
6993	86	0
6994	87	0
6995	87	0
6996	88	0
6997	90	0
6998	93	0
6999	94	0
7000	95	0
7001	97	0
7002	96	0
7003	96	0
7004	94	0
7005	91	0
7006	91	0
7007	88	0
7008	86	0
7009	86	0
7010	87	0
7011	87	0
7012	89	0
7013	92	0
7014	93	0
7015	95	0
7016	96	0
7017	97	0
7018	96	0
7019	95	0
7020	93	0
7021	91	0
7022	88	0
7023	86	0
7024	86	0
7025	86	0
7026	87	0
7027	88	0
7028	91	0
7029	93	0
7030	94	0
7031	96	0
7032	97	0
7033	97	0
7034	94	0
7035	93	0
7036	92	0
7037	89	0
7038	86	0
7039	86	0
7040	86	0
7041	86	0
7042	89	0
7043	91	0
7044	93	0
7045	94	0
7046	96	0
7047	97	0
7048	97	0
7049	97	0
7050	94	0
7051	93	0
7052	90	0
7053	88	0
7054	86	0
7055	86	0
7056	86	0
7057	89	0
7058	89	0
7059	92	0
7060	93	0
7061	94	0
7062	96	0
7063	97	0
7064	96	0
7065	94	0
7066	93	0
7067	91	0
7068	88	0
7069	86	0
7070	87	0
7071	86	0
7072	88	0
7073	89	0
7074	91	0
7075	93	0
7076	94	0
7077	97	0
7078	97	0
7079	97	0
7080	96	0
7081	93	0
7082	92	0
7083	89	0
7084	87	0
7085	86	0
7086	86	0
7087	86	0
7088	89	0
7089	91	0
7090	93	0
7091	94	0
7092	96	0
7093	97	0
7094	97	0
7095	96	0
7096	94	0
7097	93	0
7098	90	0
7099	88	0
7100	86	0
7101	86	0
7102	87	0
7103	88	0
7104	89	0
7105	93	0
7106	93	0
7107	95	0
7108	97	0
7109	97	0
7110	95	0
7111	94	0
7112	93	0
7113	92	0
7114	88	0
7115	87	0
7116	86	0
7117	86	0
7118	89	0
7119	89	0
7120	92	0
7121	93	0
7122	94	0
7123	96	0
7124	97	0
7125	96	0
7126	94	0
7127	93	0
7128	91	0
7129	89	0
7130	86	0
7131	87	0
7132	86	0
7133	87	0
7134	89	0
7135	91	0
7136	93	0
7137	94	0
7138	96	0
7139	97	0
7140	97	0
7141	96	0
7142	94	0
7143	93	0
7144	90	0
7145	88	0
7146	86	0
7147	86	0
7148	86	0
7149	88	0
7150	89	0
7151	93	0
7152	94	0
7153	95	0
7154	96	0
7155	97	0
7156	96	0
7157	94	0
7158	93	0
7159	92	0
7160	88	0
7161	86	0
7162	86	0
7163	86	0
7164	88	0
7165	89	0
7166	91	0
7167	93	0
7168	94	0
7169	97	0
7170	97	0
7171	97	0
7172	97	0
7173	93	0
7174	93	0
7175	90	0
7176	87	0
7177	86	0
7178	86	0
7179	86	0
7180	88	0
7181	91	0
7182	93	0
7183	94	0
7184	95	0
7185	97	0
7186	97	0
7187	97	0
7188	95	0
7189	93	0
7190	92	0
7191	89	0
7192	86	0
7193	87	0
7194	86	0
7195	86	0
7196	89	0
7197	91	0
7198	93	0
7199	95	0
7200	96	0
7201	97	0
7202	97	0
7203	97	0
7204	94	0
7205	94	0
7206	90	0
7207	88	0
7208	86	0
7209	87	0
7210	86	0
7211	88	0
7212	89	0
7213	92	0
7214	94	0
7215	95	0
7216	97	0
7217	96	0
7218	97	0
7219	94	0
7220	93	0
7221	92	0
7222	90	0
7223	86	0
7224	87	0
7225	87	0
7226	87	0
7227	89	0
7228	90	0
7229	93	0
7230	94	0
7231	95	0
7232	97	0
7233	97	0
7234	96	0
7235	94	0
7236	93	0
7237	91	0
7238	88	0
7239	86	0
7240	86	0
7241	86	0
7242	88	0
7243	90	0
7244	92	0
7245	94	0
7246	95	0
7247	96	0
7248	96	0
7249	96	0
7250	94	0
7251	92	0
7252	92	0
7253	88	0
7254	86	0
7255	86	0
7256	86	0
7257	87	0
7258	89	0
7259	92	0
7260	93	0
7261	95	0
7262	96	0
7263	96	0
7264	97	0
7265	94	0
7266	93	0
7267	93	0
7268	89	0
7269	86	0
7270	87	0
7271	86	0
7272	87	0
7273	88	0
7274	91	0
7275	93	0
7276	95	0
7277	96	0
7278	97	0
7279	97	0
7280	94	0
7281	93	0
7282	92	0
7283	89	0
7284	86	0
7285	86	0
7286	86	0
7287	86	0
7288	89	0
7289	90	0
7290	93	0
7291	94	0
7292	95	0
7293	97	0
7294	97	0
7295	96	0
7296	94	0
7297	92	0
7298	91	0
7299	88	0
7300	86	0
7301	86	0
7302	86	0
7303	88	0
7304	89	0
7305	92	0
7306	94	0
7307	95	0
7308	96	0
7309	97	0
7310	96	0
7311	94	0
7312	92	0
7313	91	0
7314	89	0
7315	86	0
7316	86	0
7317	86	0
7318	87	0
7319	88	0
7320	91	0
7321	93	0
7322	94	0
7323	96	0
7324	97	0
7325	97	0
7326	95	0
7327	93	0
7328	92	0
7329	89	0
7330	86	0
7331	87	0
7332	86	0
7333	86	0
7334	89	0
7335	90	0
7336	93	0
7337	94	0
7338	96	0
7339	97	0
7340	96	0
7341	96	0
7342	94	0
7343	93	0
7344	90	0
7345	89	0
7346	86	0
7347	86	0
7348	86	0
7349	89	0
7350	90	0
7351	93	0
7352	93	0
7353	95	0
7354	96	0
7355	97	0
7356	97	0
7357	94	0
7358	92	0
7359	91	0
7360	88	0
7361	86	0
7362	86	0
7363	86	0
7364	87	0
7365	88	0
7366	91	0
7367	93	0
7368	94	0
7369	96	0
7370	97	0
7371	97	0
7372	95	0
7373	93	0
7374	92	0
7375	89	0
7376	86	0
7377	86	0
7378	86	0
7379	86	0
7380	88	0
7381	91	0
7382	93	0
7383	94	0
7384	95	0
7385	97	0
7386	96	0
7387	94	0
7388	93	0
7389	91	0
7390	90	0
7391	87	0
7392	86	0
7393	86	0
7394	87	0
7395	88	0
7396	90	0
7397	92	0
7398	93	0
7399	94	0
7400	97	0
7401	96	0
7402	96	0
7403	94	0
7404	92	0
7405	91	0
7406	88	0
7407	86	0
7408	86	0
7409	86	0
7410	88	0
7411	89	0
7412	91	0
7413	93	0
7414	94	0
7415	96	0
7416	97	0
7417	95	0
7418	94	0
7419	93	0
7420	92	0
7421	88	0
7422	87	0
7423	86	0
7424	86	0
7425	87	0
7426	89	0
7427	91	0
7428	93	0
7429	94	0
7430	96	0
7431	96	0
7432	96	0
7433	96	0
7434	93	0
7435	92	0
7436	89	0
7437	87	0
7438	86	0
7439	87	0
7440	86	0
7441	88	0
7442	90	0
7443	92	0
7444	94	0
7445	94	0
7446	97	0
7447	97	0
7448	96	0
7449	94	0
7450	91	0
7451	90	0
7452	88	0
7453	86	0
7454	86	0
7455	86	0
7456	88	0
7457	89	0
7458	92	0
7459	94	0
7460	96	0
7461	97	0
7462	96	0
7463	96	0
7464	94	0
7465	93	0
7466	90	0
7467	88	0
7468	86	0
7469	86	0
7470	86	0
7471	88	0
7472	89	0
7473	91	0
7474	93	0
7475	94	0
7476	97	0
7477	97	0
7478	96	0
7479	96	0
7480	93	0
7481	92	0
7482	89	0
7483	87	0
7484	86	0
7485	86	0
7486	87	0
7487	89	0
7488	91	0
7489	93	0
7490	94	0
7491	96	0
7492	96	0
7493	96	0
7494	96	0
7495	93	0
7496	92	0
7497	89	0
7498	87	0
7499	86	0
7500	87	0
7501	86	0
7502	88	0
7503	91	0
7504	92	0
7505	94	0
7506	95	0
7507	97	0
7508	97	0
7509	96	0
7510	94	0
7511	93	0
7512	91	0
7513	88	0
7514	86	0
7515	87	0
7516	86	0
7517	88	0
7518	89	0
7519	92	0
7520	94	0
7521	95	0
7522	97	0
7523	96	0
7524	96	0
7525	94	0
7526	92	0
7527	91	0
7528	89	0
7529	86	0
7530	87	0
7531	86	0
7532	88	0
7533	89	0
7534	92	0
7535	93	0
7536	94	0
7537	97	0
7538	97	0
7539	97	0
7540	94	0
7541	93	0
7542	92	0
7543	89	0
7544	87	0
7545	86	0
7546	86	0
7547	87	0
7548	88	0
7549	90	0
7550	93	0
7551	94	0
7552	96	0
7553	97	0
7554	97	0
7555	96	0
7556	94	0
7557	93	0
7558	89	0
7559	88	0
7560	86	0
7561	86	0
7562	86	0
7563	88	0
7564	89	0
7565	93	0
7566	94	0
7567	95	0
7568	96	0
7569	97	0
7570	96	0
7571	94	0
7572	92	0
7573	91	0
7574	88	0
7575	86	0
7576	86	0
7577	86	0
7578	87	0
7579	88	0
7580	91	0
7581	93	0
7582	94	0
7583	96	0
7584	97	0
7585	96	0
7586	94	0
7587	94	0
7588	92	0
7589	89	0
7590	87	0
7591	86	0
7592	86	0
7593	86	0
7594	88	0
7595	90	0
7596	92	0
7597	94	0
7598	95	0
7599	97	0
7600	96	0
7601	96	0
7602	94	0
7603	92	0
7604	91	0
7605	89	0
7606	86	0
7607	86	0
7608	87	0
7609	88	0
7610	89	0
7611	92	0
7612	93	0
7613	94	0
7614	96	0
7615	97	0
7616	96	0
7617	94	0
7618	93	0
7619	91	0
7620	89	0
7621	86	0
7622	86	0
7623	86	0
7624	87	0
7625	88	0
7626	90	0
7627	93	0
7628	94	0
7629	96	0
7630	97	0
7631	96	0
7632	97	0
7633	94	0
7634	93	0
7635	90	0
7636	88	0
7637	86	0
7638	86	0
7639	86	0
7640	88	0
7641	89	0
7642	92	0
7643	93	0
7644	94	0
7645	97	0
7646	102	0
7647	125	0
7648	143	0
7649	158	0
7650	170	0
7651	178	0
7652	173	0
7653	160	0
7654	147	0
7655	136	0
7656	125	0
7657	117	0
7658	110	0
7659	105	0
7660	100	0
7661	96	0
7662	91	0
7663	90	0
7664	89	0
7665	89	0
7666	89	0
7667	91	0
7668	92	0
7669	94	0
7670	96	0
7671	96	0
7672	98	0
7673	99	0
7674	98	0
7675	97	0
7676	94	0
7677	92	0
7678	90	0
7679	88	0
7680	86	0
7681	87	0
7682	86	0
7683	88	0
7684	88	0
7685	91	0
7686	93	0
7687	94	0
7688	97	0
7689	97	0
7690	98	0
7691	98	0
7692	97	0
7693	95	0
7694	92	0
7695	90	0
7696	88	0
7697	86	0
7698	86	0
7699	87	0
7700	89	0
7701	90	0
7702	93	0
7703	94	0
7704	95	0
7705	97	0
7706	97	0
7707	96	0
7708	96	0
7709	94	0
7710	93	0
7711	90	0
7712	88	0
7713	86	0
7714	86	0
7715	87	0
7716	88	0
7717	90	0
7718	93	0
7719	94	0
7720	95	0
7721	97	0
7722	97	0
7723	96	0
7724	94	0
7725	92	0
7726	91	0
7727	88	0
7728	86	0
7729	87	0
7730	86	0
7731	89	0
7732	90	0
7733	92	0
7734	94	0
7735	95	0
7736	97	0
7737	97	0
7738	96	0
7739	95	0
7740	93	0
7741	92	0
7742	88	0
7743	86	0
7744	86	0
7745	86	0
7746	87	0
7747	88	0
7748	91	0
7749	93	0
7750	94	0
7751	96	0
7752	96	0
7753	96	0
7754	94	0
7755	93	0
7756	91	0
7757	89	0
7758	86	0
7759	86	0
7760	86	0
7761	87	0
7762	89	0
7763	92	0
7764	93	0
7765	94	0
7766	96	0
7767	96	0
7768	97	0
7769	94	0
7770	93	0
7771	92	0
7772	89	0
7773	86	0
7774	86	0
7775	86	0
7776	86	0
7777	88	0
7778	91	0
7779	92	0
7780	94	0
7781	95	0
7782	96	0
7783	97	0
7784	96	0
7785	94	0
7786	92	0
7787	91	0
7788	87	0
7789	86	0
7790	87	0
7791	86	0
7792	88	0
7793	90	0
7794	91	0
7795	94	0
7796	94	0
7797	97	0
7798	97	0
7799	96	0
7800	95	0
7801	93	0
7802	91	0
7803	89	0
7804	86	0
7805	88	0
7806	86	0
7807	88	0
7808	89	0
7809	91	0
7810	93	0
7811	94	0
7812	97	0
7813	96	0
7814	97	0
7815	96	0
7816	94	0
7817	93	0
7818	90	0
7819	88	0
7820	86	0
7821	86	0
7822	87	0
7823	88	0
7824	90	0
7825	92	0
7826	93	0
7827	96	0
7828	98	0
7829	96	0
7830	97	0
7831	94	0
7832	93	0
7833	90	0
7834	88	0
7835	86	0
7836	87	0
7837	86	0
7838	87	0
7839	88	0
7840	91	0
7841	94	0
7842	95	0
7843	97	0
7844	97	0
7845	97	0
7846	94	0
7847	93	0
7848	93	0
7849	89	0
7850	86	0
7851	86	0
7852	86	0
7853	86	0
7854	89	0
7855	91	0
7856	93	0
7857	94	0
7858	96	0
7859	97	0
7860	96	0
7861	96	0
7862	94	0
7863	92	0
7864	90	0
7865	88	0
7866	86	0
7867	86	0
7868	86	0
7869	88	0
7870	90	0
7871	93	0
7872	93	0
7873	95	0
7874	97	0
7875	97	0
7876	96	0
7877	94	0
7878	93	0
7879	91	0
7880	88	0
7881	86	0
7882	86	0
7883	86	0
7884	88	0
7885	89	0
7886	92	0
7887	94	0
7888	94	0
7889	96	0
7890	97	0
7891	96	0
7892	94	0
7893	93	0
7894	93	0
7895	89	0
7896	87	0
7897	87	0
7898	86	0
7899	87	0
7900	88	0
7901	91	0
7902	93	0
7903	94	0
7904	96	0
7905	97	0
7906	97	0
7907	94	0
7908	93	0
7909	92	0
7910	90	0
7911	88	0
7912	87	0
7913	86	0
7914	87	0
7915	88	0
7916	89	0
7917	92	0
7918	93	0
7919	94	0
7920	97	0
7921	97	0
7922	97	0
7923	94	0
7924	93	0
7925	91	0
7926	88	0
7927	86	0
7928	87	0
7929	86	0
7930	87	0
7931	89	0
7932	91	0
7933	93	0
7934	95	0
7935	96	0
7936	97	0
7937	96	0
7938	94	0
7939	93	0
7940	92	0
7941	89	0
7942	88	0
7943	87	0
7944	86	0
7945	87	0
7946	89	0
7947	90	0
7948	93	0
7949	94	0
7950	96	0
7951	97	0
7952	97	0
7953	97	0
7954	94	0
7955	93	0
7956	90	0
7957	89	0
7958	86	0
7959	86	0
7960	86	0
7961	88	0
7962	89	0
7963	93	0
7964	94	0
7965	94	0
7966	97	0
7967	96	0
7968	97	0
7969	94	0
7970	93	0
7971	92	0
7972	88	0
7973	86	0
7974	87	0
7975	86	0
7976	87	0
7977	89	0
7978	91	0
7979	93	0
7980	94	0
7981	95	0
7982	97	0
7983	97	0
7984	95	0
7985	94	0
7986	91	0
7987	90	0
7988	86	0
7989	87	0
7990	86	0
7991	88	0
7992	88	0
7993	90	0
7994	92	0
7995	94	0
7996	96	0
7997	97	0
7998	97	0
7999	96	0
