Oscilloscope data. 
Time step = 10,00 nS
Voltage step = 3,125 mV
Zero level = 80

N 	Smpl.	Trig

0	92	0
1	139	0
2	163	0
3	153	0
4	143	0
5	133	0
6	122	0
7	93	0
8	65	0
9	62	0
10	60	0
11	65	0
12	69	0
13	72	0
14	76	0
15	78	0
16	81	0
17	82	0
18	84	0
19	85	0
20	86	0
21	87	0
22	88	0
23	89	0
24	89	0
25	89	0
26	90	0
27	91	0
28	91	0
29	91	0
30	91	0
31	91	0
32	91	0
33	91	0
34	91	0
35	91	0
36	92	0
37	92	0
38	93	0
39	92	0
40	92	0
41	93	0
42	91	0
43	93	0
44	92	0
45	92	0
46	93	0
47	92	0
48	93	0
49	93	0
50	92	0
51	93	0
52	92	0
53	92	0
54	93	0
55	92	0
56	93	0
57	93	0
58	92	0
59	93	0
60	93	0
61	92	0
62	92	0
63	93	0
64	92	0
65	93	0
66	92	0
67	93	0
68	93	0
69	93	0
70	93	0
71	93	0
72	93	0
73	93	0
74	92	0
75	92	0
76	92	0
77	93	0
78	92	0
79	93	0
80	92	0
81	92	0
82	93	0
83	93	0
84	93	0
85	92	0
86	93	0
87	93	0
88	92	0
89	92	0
90	93	0
91	93	0
92	93	0
93	93	0
94	92	0
95	93	0
96	93	0
97	92	0
98	93	0
99	93	0
100	93	0
101	93	0
102	92	0
103	92	0
104	92	0
105	93	0
106	93	0
107	93	0
108	93	0
109	92	0
110	93	0
111	92	0
112	92	0
113	92	0
114	93	0
115	93	0
116	93	0
117	93	0
118	93	0
119	93	0
120	93	0
121	93	0
122	92	0
123	92	0
124	93	0
125	92	0
126	92	0
127	93	0
128	92	0
129	93	0
130	93	0
131	92	0
132	93	0
133	92	0
134	93	0
135	92	0
136	92	0
137	93	0
138	92	0
139	93	0
140	93	0
141	92	0
142	93	0
143	93	0
144	93	0
145	92	0
146	93	0
147	93	0
148	92	0
149	92	0
150	93	0
151	93	0
152	93	0
153	93	0
154	92	0
155	93	0
156	93	0
157	93	0
158	92	0
159	93	0
160	93	0
161	93	0
162	92	0
163	93	0
164	93	0
165	92	0
166	92	0
167	93	0
168	93	0
169	92	0
170	93	0
171	92	0
172	93	0
173	93	0
174	93	0
175	93	0
176	93	0
177	93	0
178	93	0
179	92	0
180	93	0
181	92	0
182	92	0
183	92	0
184	93	0
185	93	0
186	93	0
187	92	0
188	92	0
189	93	0
190	93	0
191	93	0
192	93	0
193	93	0
194	93	0
195	92	0
196	92	0
197	92	0
198	92	0
199	92	0
200	93	0
201	93	0
202	92	0
203	92	0
204	93	0
205	93	0
206	92	0
207	93	0
208	92	0
209	92	0
210	92	0
211	92	0
212	93	0
213	93	0
214	93	0
215	92	0
216	92	0
217	93	0
218	93	0
219	93	0
220	93	0
221	92	0
222	92	0
223	92	0
224	93	0
225	92	0
226	93	0
227	93	0
228	93	0
229	93	0
230	92	0
231	93	0
232	92	0
233	93	0
234	92	0
235	93	0
236	93	0
237	93	0
238	93	0
239	93	0
240	93	0
241	92	0
242	92	0
243	92	0
244	93	0
245	93	0
246	93	0
247	92	0
248	92	0
249	93	0
250	92	0
251	92	0
252	93	0
253	92	0
254	93	0
255	93	0
256	92	0
257	93	0
258	93	0
259	92	0
260	92	0
261	93	0
262	93	0
263	92	0
264	93	0
265	92	0
266	92	0
267	92	0
268	93	0
269	92	0
270	93	0
271	93	0
272	92	0
273	93	0
274	92	0
275	93	0
276	93	0
277	93	0
278	93	0
279	93	0
280	93	0
281	93	0
282	92	0
283	93	0
284	92	0
285	92	0
286	92	0
287	92	0
288	93	0
289	93	0
290	93	0
291	92	0
292	93	0
293	93	0
294	91	0
295	93	0
296	92	0
297	92	0
298	92	0
299	92	0
300	93	0
301	92	0
302	93	0
303	93	0
304	92	0
305	93	0
306	93	0
307	93	0
308	93	0
309	92	0
310	93	0
311	93	0
312	92	0
313	93	0
314	93	0
315	93	0
316	92	0
317	92	0
318	93	0
319	92	0
320	92	0
321	93	0
322	92	0
323	92	0
324	93	0
325	92	0
326	93	0
327	93	0
328	92	0
329	93	0
330	92	0
331	92	0
332	92	0
333	92	0
334	93	0
335	93	0
336	93	0
337	92	0
338	92	0
339	93	0
340	93	0
341	93	0
342	92	0
343	93	0
344	93	0
345	92	0
346	93	0
347	92	0
348	92	0
349	92	0
350	92	0
351	93	0
352	93	0
353	92	0
354	92	0
355	92	0
356	92	0
357	93	0
358	93	0
359	93	0
360	93	0
361	92	0
362	93	0
363	92	0
364	92	0
365	92	0
366	93	0
367	93	0
368	93	0
369	93	0
370	92	0
371	93	0
372	93	0
373	93	0
374	92	0
375	93	0
376	93	0
377	92	0
378	92	0
379	93	0
380	93	0
381	93	0
382	92	0
383	92	0
384	93	0
385	93	0
386	92	0
387	93	0
388	92	0
389	93	0
390	92	0
391	92	0
392	93	0
393	93	0
394	93	0
395	93	0
396	92	0
397	93	0
398	92	0
399	93	0
400	93	0
401	92	0
402	93	0
403	93	0
404	93	0
405	93	0
406	93	0
407	93	0
408	92	0
409	93	0
410	92	0
411	93	0
412	93	0
413	93	0
414	93	0
415	93	0
416	93	0
417	93	0
418	93	0
419	92	0
420	92	0
421	92	0
422	92	0
423	92	0
424	92	0
425	93	0
426	93	0
427	92	0
428	93	0
429	93	0
430	93	0
431	92	0
432	92	0
433	92	0
434	92	0
435	92	0
436	93	0
437	93	0
438	93	0
439	93	0
440	92	0
441	93	0
442	93	0
443	92	0
444	93	0
445	93	0
446	92	0
447	92	0
448	92	0
449	92	0
450	92	0
451	93	0
452	93	0
453	92	0
454	92	0
455	92	0
456	93	0
457	92	0
458	93	0
459	93	0
460	92	0
461	92	0
462	93	0
463	93	0
464	92	0
465	93	0
466	92	0
467	92	0
468	92	0
469	92	0
470	92	0
471	93	0
472	93	0
473	92	0
474	93	0
475	92	0
476	93	0
477	92	0
478	92	0
479	93	0
480	92	0
481	93	0
482	93	0
483	92	0
484	93	0
485	93	0
486	93	0
487	93	0
488	93	0
489	93	0
490	93	0
491	92	0
492	92	0
493	93	0
494	93	0
495	92	0
496	93	0
497	93	0
498	93	0
499	93	0
500	93	0
501	93	0
502	93	0
503	93	0
504	92	0
505	92	0
506	92	0
507	92	0
508	92	0
509	92	0
510	93	0
511	93	0
512	92	0
513	92	0
514	92	0
515	92	0
516	92	0
517	93	0
518	93	0
519	93	0
520	93	0
521	92	0
522	93	0
523	93	0
524	92	0
525	92	0
526	92	0
527	93	0
528	92	0
529	93	0
530	92	0
531	92	0
532	92	0
533	93	0
534	93	0
535	93	0
536	92	0
537	92	0
538	93	0
539	92	0
540	92	0
541	93	0
542	93	0
543	92	0
544	93	0
545	92	0
546	93	0
547	92	0
548	93	0
549	93	0
550	92	0
551	92	0
552	93	0
553	92	0
554	92	0
555	93	0
556	92	0
557	93	0
558	93	0
559	92	0
560	93	0
561	93	0
562	93	0
563	93	0
564	92	0
565	93	0
566	93	0
567	92	0
568	93	0
569	93	0
570	92	0
571	93	0
572	92	0
573	93	0
574	92	0
575	93	0
576	93	0
577	93	0
578	93	0
579	93	0
580	93	0
581	93	0
582	92	0
583	92	0
584	92	0
585	92	0
586	92	0
587	92	0
588	92	0
589	93	0
590	93	0
591	92	0
592	93	0
593	92	0
594	92	0
595	93	0
596	92	0
597	93	0
598	93	0
599	93	0
600	93	0
601	93	0
602	93	0
603	92	0
604	93	0
605	92	0
606	92	0
607	93	0
608	92	0
609	92	0
610	93	0
611	93	0
612	93	0
613	93	0
614	93	0
615	93	0
616	92	0
617	93	0
618	93	0
619	93	0
620	93	0
621	93	0
622	93	0
623	92	0
624	92	0
625	92	0
626	92	0
627	93	0
628	92	0
629	92	0
630	92	0
631	92	0
632	93	0
633	92	0
634	93	0
635	92	0
636	92	0
637	93	0
638	92	0
639	93	0
640	93	0
641	92	0
642	93	0
643	93	0
644	93	0
645	92	0
646	92	0
647	93	0
648	92	0
649	92	0
650	93	0
651	92	0
652	92	0
653	92	0
654	92	0
655	92	0
656	92	0
657	93	0
658	93	0
659	93	0
660	92	0
661	93	0
662	93	0
663	92	0
664	93	0
665	93	0
666	92	0
667	93	0
668	93	0
669	92	0
670	92	0
671	93	0
672	93	0
673	92	0
674	93	0
675	92	0
676	92	0
677	92	0
678	92	0
679	93	0
680	93	0
681	93	0
682	92	0
683	92	0
684	92	0
685	93	0
686	93	0
687	93	0
688	93	0
689	92	0
690	93	0
691	93	0
692	93	0
693	93	0
694	92	0
695	93	0
696	93	0
697	92	0
698	92	0
699	93	0
700	93	0
701	92	0
702	93	0
703	92	0
704	92	0
705	91	0
706	92	0
707	93	0
708	93	0
709	91	0
710	92	0
711	93	0
712	93	0
713	92	0
714	92	0
715	92	0
716	93	0
717	92	0
718	92	0
719	93	0
720	92	0
721	93	0
722	92	0
723	92	0
724	92	0
725	93	0
726	92	0
727	93	0
728	93	0
729	92	0
730	92	0
731	93	0
732	93	0
733	93	0
734	92	0
735	92	0
736	93	0
737	92	0
738	93	0
739	93	0
740	91	0
741	92	0
742	92	0
743	92	0
744	92	0
745	93	0
746	93	0
747	93	0
748	93	0
749	93	0
750	93	0
751	92	0
752	92	0
753	92	0
754	92	0
755	92	0
756	93	0
757	92	0
758	92	0
759	92	0
760	92	0
761	93	0
762	93	0
763	92	0
764	93	0
765	92	0
766	92	0
767	92	0
768	92	0
769	93	0
770	92	0
771	92	0
772	93	0
773	91	0
774	92	0
775	93	0
776	92	0
777	93	0
778	93	0
779	93	0
780	93	0
781	93	0
782	93	0
783	93	0
784	92	0
785	93	0
786	93	0
787	92	0
788	93	0
789	93	0
790	92	0
791	93	0
792	93	0
793	93	0
794	93	0
795	93	0
796	93	0
797	92	0
798	92	0
799	92	0
800	93	0
801	92	0
802	93	0
803	92	0
804	92	0
805	93	0
806	92	0
807	92	0
808	92	0
809	92	0
810	92	0
811	93	0
812	93	0
813	92	0
814	93	0
815	92	0
816	92	0
817	93	0
818	92	0
819	92	0
820	93	0
821	91	0
822	92	0
823	93	0
824	92	0
825	92	0
826	93	0
827	93	0
828	93	0
829	93	0
830	92	0
831	93	0
832	92	0
833	92	0
834	92	0
835	92	0
836	93	0
837	93	0
838	92	0
839	93	0
840	92	0
841	92	0
842	93	0
843	92	0
844	93	0
845	93	0
846	91	0
847	93	0
848	93	0
849	92	0
850	91	0
851	93	0
852	92	0
853	92	0
854	92	0
855	93	0
856	93	0
857	92	0
858	93	0
859	93	0
860	92	0
861	92	0
862	92	0
863	92	0
864	92	0
865	93	0
866	92	0
867	93	0
868	93	0
869	92	0
870	93	0
871	92	0
872	93	0
873	93	0
874	92	0
875	92	0
876	92	0
877	92	0
878	92	0
879	93	0
880	92	0
881	93	0
882	93	0
883	92	0
884	93	0
885	92	0
886	92	0
887	92	0
888	92	0
889	92	0
890	93	0
891	92	0
892	93	0
893	92	0
894	91	0
895	92	0
896	92	0
897	92	0
898	92	0
899	93	0
900	93	0
901	92	0
902	92	0
903	92	0
904	93	0
905	92	0
906	92	0
907	93	0
908	92	0
909	92	0
910	93	0
911	92	0
912	92	0
913	93	0
914	91	0
915	93	0
916	93	0
917	93	0
918	93	0
919	93	0
920	93	0
921	92	0
922	92	0
923	92	0
924	92	0
925	93	0
926	92	0
927	92	0
928	93	0
929	92	0
930	93	0
931	92	0
932	92	0
933	93	0
934	92	0
935	92	0
936	93	0
937	92	0
938	92	0
939	93	0
940	92	0
941	93	0
942	93	0
943	92	0
944	92	0
945	92	0
946	92	0
947	92	0
948	92	0
949	92	0
950	92	0
951	92	0
952	92	0
953	92	0
954	126	0
955	162	0
956	154	0
957	144	0
958	134	0
959	123	0
960	97	0
961	65	0
962	62	0
963	60	0
964	64	0
965	69	0
966	72	0
967	76	0
968	78	0
969	81	0
970	82	0
971	84	0
972	85	0
973	86	0
974	87	0
975	89	0
976	89	0
977	88	0
978	89	0
979	90	0
980	90	0
981	91	0
982	91	0
983	91	0
984	92	0
985	92	0
986	92	0
987	91	0
988	92	0
989	93	0
990	92	0
991	91	0
992	93	0
993	93	0
994	93	0
995	92	0
996	92	0
997	93	0
998	92	0
999	93	0
1000	93	0
1001	93	0
1002	93	0
1003	92	0
1004	93	0
1005	93	0
1006	92	0
1007	92	0
1008	93	0
1009	93	0
1010	92	0
1011	93	0
1012	92	0
1013	93	0
1014	92	0
1015	92	0
1016	92	0
1017	93	0
1018	93	0
1019	93	0
1020	93	0
1021	92	0
1022	93	0
1023	92	0
1024	93	0
1025	92	0
1026	92	0
1027	93	0
1028	92	0
1029	93	0
1030	92	0
1031	92	0
1032	93	0
1033	92	0
1034	93	0
1035	93	0
1036	92	0
1037	92	0
1038	93	0
1039	93	0
1040	93	0
1041	93	0
1042	92	0
1043	93	0
1044	92	0
1045	92	0
1046	93	0
1047	92	0
1048	93	0
1049	93	0
1050	93	0
1051	92	0
1052	93	0
1053	93	0
1054	92	0
1055	92	0
1056	92	0
1057	93	0
1058	92	0
1059	93	0
1060	92	0
1061	91	0
1062	92	0
1063	92	0
1064	92	0
1065	92	0
1066	92	0
1067	93	0
1068	93	0
1069	93	0
1070	93	0
1071	92	0
1072	93	0
1073	93	0
1074	93	0
1075	92	0
1076	93	0
1077	93	0
1078	92	0
1079	92	0
1080	93	0
1081	92	0
1082	92	0
1083	92	0
1084	92	0
1085	92	0
1086	93	0
1087	92	0
1088	93	0
1089	93	0
1090	92	0
1091	93	0
1092	92	0
1093	92	0
1094	92	0
1095	92	0
1096	93	0
1097	93	0
1098	92	0
1099	93	0
1100	92	0
1101	92	0
1102	93	0
1103	92	0
1104	93	0
1105	93	0
1106	92	0
1107	92	0
1108	93	0
1109	92	0
1110	93	0
1111	93	0
1112	92	0
1113	92	0
1114	93	0
1115	92	0
1116	92	0
1117	93	0
1118	92	0
1119	92	0
1120	93	0
1121	92	0
1122	93	0
1123	92	0
1124	92	0
1125	92	0
1126	92	0
1127	93	0
1128	93	0
1129	93	0
1130	92	0
1131	92	0
1132	93	0
1133	92	0
1134	93	0
1135	93	0
1136	92	0
1137	93	0
1138	92	0
1139	93	0
1140	93	0
1141	93	0
1142	93	0
1143	93	0
1144	93	0
1145	92	0
1146	92	0
1147	93	0
1148	92	0
1149	93	0
1150	93	0
1151	92	0
1152	93	0
1153	92	0
1154	93	0
1155	93	0
1156	92	0
1157	93	0
1158	93	0
1159	93	0
1160	93	0
1161	92	0
1162	93	0
1163	92	0
1164	93	0
1165	92	0
1166	92	0
1167	93	0
1168	93	0
1169	93	0
1170	92	0
1171	92	0
1172	93	0
1173	92	0
1174	92	0
1175	93	0
1176	92	0
1177	93	0
1178	93	0
1179	92	0
1180	93	0
1181	92	0
1182	93	0
1183	93	0
1184	93	0
1185	92	0
1186	93	0
1187	93	0
1188	92	0
1189	92	0
1190	93	0
1191	93	0
1192	93	0
1193	92	0
1194	92	0
1195	93	0
1196	92	0
1197	92	0
1198	93	0
1199	92	0
1200	93	0
1201	93	0
1202	92	0
1203	93	0
1204	92	0
1205	93	0
1206	93	0
1207	92	0
1208	92	0
1209	93	0
1210	93	0
1211	92	0
1212	93	0
1213	93	0
1214	92	0
1215	93	0
1216	93	0
1217	93	0
1218	93	0
1219	93	0
1220	92	0
1221	92	0
1222	93	0
1223	93	0
1224	92	0
1225	93	0
1226	93	0
1227	93	0
1228	92	0
1229	92	0
1230	93	0
1231	93	0
1232	93	0
1233	92	0
1234	92	0
1235	92	0
1236	92	0
1237	93	0
1238	93	0
1239	93	0
1240	93	0
1241	92	0
1242	93	0
1243	92	0
1244	92	0
1245	93	0
1246	93	0
1247	93	0
1248	93	0
1249	92	0
1250	93	0
1251	92	0
1252	93	0
1253	93	0
1254	92	0
1255	93	0
1256	93	0
1257	93	0
1258	92	0
1259	93	0
1260	93	0
1261	92	0
1262	92	0
1263	92	0
1264	93	0
1265	93	0
1266	93	0
1267	93	0
1268	92	0
1269	93	0
1270	93	0
1271	93	0
1272	92	0
1273	93	0
1274	92	0
1275	93	0
1276	93	0
1277	93	0
1278	93	0
1279	93	0
1280	93	0
1281	93	0
1282	93	0
1283	93	0
1284	93	0
1285	92	0
1286	93	0
1287	93	0
1288	93	0
1289	92	0
1290	93	0
1291	93	0
1292	93	0
1293	93	0
1294	93	0
1295	92	0
1296	93	0
1297	92	0
1298	92	0
1299	92	0
1300	93	0
1301	92	0
1302	92	0
1303	92	0
1304	92	0
1305	93	0
1306	92	0
1307	93	0
1308	93	0
1309	92	0
1310	93	0
1311	93	0
1312	92	0
1313	92	0
1314	93	0
1315	93	0
1316	93	0
1317	93	0
1318	92	0
1319	93	0
1320	93	0
1321	92	0
1322	92	0
1323	93	0
1324	93	0
1325	92	0
1326	93	0
1327	92	0
1328	93	0
1329	92	0
1330	92	0
1331	93	0
1332	93	0
1333	93	0
1334	93	0
1335	92	0
1336	93	0
1337	92	0
1338	92	0
1339	93	0
1340	93	0
1341	93	0
1342	93	0
1343	92	0
1344	93	0
1345	93	0
1346	93	0
1347	93	0
1348	93	0
1349	93	0
1350	93	0
1351	93	0
1352	92	0
1353	93	0
1354	93	0
1355	92	0
1356	93	0
1357	92	0
1358	92	0
1359	93	0
1360	92	0
1361	93	0
1362	93	0
1363	92	0
1364	93	0
1365	92	0
1366	93	0
1367	93	0
1368	93	0
1369	93	0
1370	92	0
1371	92	0
1372	93	0
1373	93	0
1374	92	0
1375	93	0
1376	93	0
1377	93	0
1378	93	0
1379	93	0
1380	93	0
1381	93	0
1382	92	0
1383	93	0
1384	93	0
1385	93	0
1386	93	0
1387	93	0
1388	93	0
1389	93	0
1390	93	0
1391	93	0
1392	92	0
1393	93	0
1394	93	0
1395	92	0
1396	93	0
1397	93	0
1398	93	0
1399	92	0
1400	92	0
1401	93	0
1402	92	0
1403	92	0
1404	93	0
1405	92	0
1406	92	0
1407	93	0
1408	92	0
1409	93	0
1410	93	0
1411	92	0
1412	93	0
1413	92	0
1414	92	0
1415	93	0
1416	92	0
1417	92	0
1418	92	0
1419	92	0
1420	92	0
1421	92	0
1422	92	0
1423	92	0
1424	93	0
1425	93	0
1426	93	0
1427	92	0
1428	93	0
1429	93	0
1430	93	0
1431	92	0
1432	92	0
1433	93	0
1434	93	0
1435	92	0
1436	92	0
1437	92	0
1438	92	0
1439	93	0
1440	93	0
1441	93	0
1442	92	0
1443	92	0
1444	92	0
1445	92	0
1446	92	0
1447	93	0
1448	92	0
1449	92	0
1450	93	0
1451	92	0
1452	93	0
1453	93	0
1454	92	0
1455	93	0
1456	92	0
1457	92	0
1458	92	0
1459	92	0
1460	93	0
1461	93	0
1462	92	0
1463	93	0
1464	92	0
1465	93	0
1466	92	0
1467	92	0
1468	92	0
1469	92	0
1470	93	0
1471	92	0
1472	93	0
1473	92	0
1474	93	0
1475	93	0
1476	91	0
1477	93	0
1478	93	0
1479	93	0
1480	92	0
1481	93	0
1482	92	0
1483	92	0
1484	93	0
1485	92	0
1486	92	0
1487	93	0
1488	91	0
1489	93	0
1490	93	0
1491	92	0
1492	92	0
1493	93	0
1494	93	0
1495	92	0
1496	92	0
1497	92	0
1498	92	0
1499	93	0
1500	92	0
1501	92	0
1502	93	0
1503	92	0
1504	93	0
1505	93	0
1506	92	0
1507	93	0
1508	93	0
1509	92	0
1510	93	0
1511	93	0
1512	92	0
1513	92	0
1514	92	0
1515	93	0
1516	92	0
1517	93	0
1518	93	0
1519	92	0
1520	93	0
1521	93	0
1522	93	0
1523	92	0
1524	92	0
1525	92	0
1526	92	0
1527	92	0
1528	93	0
1529	92	0
1530	92	0
1531	92	0
1532	91	0
1533	92	0
1534	93	0
1535	92	0
1536	91	0
1537	92	0
1538	93	0
1539	93	0
1540	93	0
1541	92	0
1542	93	0
1543	92	0
1544	93	0
1545	92	0
1546	92	0
1547	92	0
1548	93	0
1549	93	0
1550	92	0
1551	93	0
1552	93	0
1553	93	0
1554	92	0
1555	92	0
1556	92	0
1557	91	0
1558	92	0
1559	93	0
1560	92	0
1561	91	0
1562	92	0
1563	93	0
1564	92	0
1565	91	0
1566	93	0
1567	92	0
1568	93	0
1569	91	0
1570	93	0
1571	93	0
1572	92	0
1573	92	0
1574	93	0
1575	93	0
1576	92	0
1577	93	0
1578	92	0
1579	92	0
1580	92	0
1581	92	0
1582	92	0
1583	93	0
1584	92	0
1585	92	0
1586	93	0
1587	92	0
1588	93	0
1589	92	0
1590	92	0
1591	93	0
1592	92	0
1593	92	0
1594	93	0
1595	92	0
1596	93	0
1597	92	0
1598	91	0
1599	92	0
1600	93	0
1601	93	0
1602	92	0
1603	93	0
1604	93	0
1605	93	0
1606	93	0
1607	92	0
1608	93	0
1609	93	0
1610	92	0
1611	92	0
1612	92	0
1613	93	0
1614	93	0
1615	93	0
1616	92	0
1617	92	0
1618	93	0
1619	92	0
1620	93	0
1621	93	0
1622	92	0
1623	92	0
1624	93	0
1625	92	0
1626	92	0
1627	92	0
1628	92	0
1629	92	0
1630	93	0
1631	93	0
1632	92	0
1633	93	0
1634	92	0
1635	93	0
1636	93	0
1637	92	0
1638	93	0
1639	92	0
1640	92	0
1641	92	0
1642	92	0
1643	93	0
1644	93	0
1645	92	0
1646	93	0
1647	92	0
1648	92	0
1649	92	0
1650	93	0
1651	92	0
1652	93	0
1653	92	0
1654	92	0
1655	93	0
1656	92	0
1657	92	0
1658	93	0
1659	92	0
1660	92	0
1661	92	0
1662	92	0
1663	92	0
1664	92	0
1665	92	0
1666	92	0
1667	93	0
1668	93	0
1669	93	0
1670	93	0
1671	92	0
1672	93	0
1673	92	0
1674	92	0
1675	92	0
1676	92	0
1677	92	0
1678	93	0
1679	93	0
1680	91	0
1681	92	0
1682	93	0
1683	93	0
1684	92	0
1685	92	0
1686	93	0
1687	92	0
1688	92	0
1689	93	0
1690	92	0
1691	92	0
1692	92	0
1693	91	0
1694	92	0
1695	93	0
1696	93	0
1697	91	0
1698	93	0
1699	92	0
1700	92	0
1701	93	0
1702	92	0
1703	92	0
1704	93	0
1705	92	0
1706	93	0
1707	93	0
1708	92	0
1709	92	0
1710	92	0
1711	92	0
1712	92	0
1713	93	0
1714	92	0
1715	92	0
1716	92	0
1717	92	0
1718	92	0
1719	93	0
1720	92	0
1721	92	0
1722	92	0
1723	92	0
1724	92	0
1725	92	0
1726	92	0
1727	92	0
1728	92	0
1729	92	0
1730	92	0
1731	92	0
1732	92	0
1733	93	0
1734	92	0
1735	92	0
1736	92	0
1737	92	0
1738	93	0
1739	91	0
1740	92	0
1741	92	0
1742	91	0
1743	92	0
1744	93	0
1745	92	0
1746	91	0
1747	92	0
1748	92	0
1749	93	0
1750	91	0
1751	92	0
1752	93	0
1753	92	0
1754	92	0
1755	92	0
1756	93	0
1757	93	0
1758	93	0
1759	93	0
1760	93	0
1761	92	0
1762	92	0
1763	92	0
1764	92	0
1765	92	0
1766	93	0
1767	93	0
1768	93	0
1769	92	0
1770	92	0
1771	93	0
1772	92	0
1773	92	0
1774	93	0
1775	92	0
1776	93	0
1777	92	0
1778	92	0
1779	91	0
1780	93	0
1781	93	0
1782	92	0
1783	91	0
1784	93	0
1785	93	0
1786	93	0
1787	92	0
1788	92	0
1789	93	0
1790	92	0
1791	92	0
1792	93	0
1793	92	0
1794	93	0
1795	93	0
1796	92	0
1797	92	0
1798	93	0
1799	92	0
1800	92	0
1801	92	0
1802	93	0
1803	92	0
1804	93	0
1805	92	0
1806	93	0
1807	93	0
1808	92	0
1809	93	0
1810	92	0
1811	92	0
1812	92	0
1813	92	0
1814	93	0
1815	92	0
1816	93	0
1817	93	0
1818	92	0
1819	92	0
1820	93	0
1821	92	0
1822	92	0
1823	93	0
1824	92	0
1825	93	0
1826	93	0
1827	92	0
1828	92	0
1829	93	0
1830	92	0
1831	92	0
1832	92	0
1833	93	0
1834	93	0
1835	92	0
1836	92	0
1837	92	0
1838	92	0
1839	93	0
1840	93	0
1841	93	0
1842	92	0
1843	92	0
1844	92	0
1845	92	0
1846	93	0
1847	92	0
1848	92	0
1849	92	0
1850	92	0
1851	93	0
1852	92	0
1853	93	0
1854	93	0
1855	91	0
1856	93	0
1857	92	0
1858	93	0
1859	92	0
1860	93	0
1861	93	0
1862	93	0
1863	93	0
1864	93	0
1865	93	0
1866	92	0
1867	93	0
1868	93	0
1869	93	0
1870	92	0
1871	93	0
1872	93	0
1873	93	0
1874	93	0
1875	92	0
1876	93	0
1877	92	0
1878	93	0
1879	93	0
1880	92	0
1881	93	0
1882	92	0
1883	93	0
1884	93	0
1885	92	0
1886	92	0
1887	92	0
1888	92	0
1889	93	0
1890	93	0
1891	93	0
1892	93	0
1893	93	0
1894	93	0
1895	93	0
1896	92	0
1897	93	0
1898	92	0
1899	92	0
1900	92	0
1901	92	0
1902	92	0
1903	92	0
1904	92	0
1905	92	0
1906	92	0
1907	92	0
1908	93	0
1909	93	0
1910	155	0
1911	163	0
1912	152	0
1913	141	0
1914	131	0
1915	118	0
1916	89	0
1917	69	0
1918	62	0
1919	61	0
1920	65	0
1921	69	0
1922	73	0
1923	77	0
1924	78	0
1925	81	0
1926	82	0
1927	84	0
1928	85	0
1929	86	0
1930	88	0
1931	89	0
1932	88	0
1933	89	0
1934	89	0
1935	90	0
1936	91	0
1937	91	0
1938	91	0
1939	91	0
1940	92	0
1941	91	0
1942	92	0
1943	91	0
1944	92	0
1945	92	0
1946	93	0
1947	92	0
1948	92	0
1949	93	0
1950	92	0
1951	92	0
1952	93	0
1953	92	0
1954	92	0
1955	93	0
1956	92	0
1957	93	0
1958	93	0
1959	92	0
1960	93	0
1961	92	0
1962	93	0
1963	93	0
1964	93	0
1965	93	0
1966	93	0
1967	93	0
1968	93	0
1969	92	0
1970	93	0
1971	93	0
1972	92	0
1973	93	0
1974	92	0
1975	93	0
1976	93	0
1977	93	0
1978	93	0
1979	93	0
1980	93	0
1981	93	0
1982	93	0
1983	92	0
1984	93	0
1985	93	0
1986	93	0
1987	93	0
1988	93	0
1989	93	0
1990	92	0
1991	92	0
1992	93	0
1993	93	0
1994	93	0
1995	93	0
1996	93	0
1997	93	0
1998	93	0
1999	93	0
2000	93	0
2001	92	0
2002	93	0
2003	92	0
2004	93	0
2005	93	0
2006	93	0
2007	93	0
2008	93	0
2009	93	0
2010	93	0
2011	93	0
2012	92	0
2013	93	0
2014	92	0
2015	92	0
2016	93	0
2017	92	0
2018	92	0
2019	93	0
2020	92	0
2021	93	0
2022	93	0
2023	92	0
2024	93	0
2025	93	0
2026	93	0
2027	92	0
2028	93	0
2029	93	0
2030	92	0
2031	93	0
2032	92	0
2033	93	0
2034	93	0
2035	92	0
2036	93	0
2037	92	0
2038	92	0
2039	92	0
2040	93	0
2041	93	0
2042	93	0
2043	92	0
2044	93	0
2045	93	0
2046	93	0
2047	92	0
2048	92	0
2049	93	0
2050	92	0
2051	92	0
2052	93	0
2053	92	0
2054	93	0
2055	93	0
2056	92	0
2057	93	0
2058	93	0
2059	93	0
2060	92	0
2061	93	0
2062	92	0
2063	92	0
2064	93	0
2065	92	0
2066	93	0
2067	93	0
2068	92	0
2069	93	0
2070	92	0
2071	92	0
2072	92	0
2073	92	0
2074	92	0
2075	93	0
2076	93	0
2077	93	0
2078	92	0
2079	92	0
2080	93	0
2081	92	0
2082	92	0
2083	93	0
2084	92	0
2085	93	0
2086	93	0
2087	92	0
2088	93	0
2089	93	0
2090	93	0
2091	93	0
2092	92	0
2093	92	0
2094	93	0
2095	92	0
2096	93	0
2097	93	0
2098	93	0
2099	93	0
2100	93	0
2101	93	0
2102	92	0
2103	93	0
2104	92	0
2105	92	0
2106	93	0
2107	92	0
2108	93	0
2109	92	0
2110	92	0
2111	93	0
2112	92	0
2113	93	0
2114	93	0
2115	91	0
2116	93	0
2117	93	0
2118	93	0
2119	92	0
2120	93	0
2121	93	0
2122	92	0
2123	92	0
2124	92	0
2125	92	0
2126	93	0
2127	93	0
2128	92	0
2129	93	0
2130	93	0
2131	93	0
2132	93	0
2133	92	0
2134	93	0
2135	93	0
2136	92	0
2137	93	0
2138	92	0
2139	92	0
2140	93	0
2141	93	0
2142	93	0
2143	93	0
2144	92	0
2145	93	0
2146	92	0
2147	93	0
2148	93	0
2149	92	0
2150	93	0
2151	92	0
2152	93	0
2153	92	0
2154	93	0
2155	93	0
2156	93	0
2157	93	0
2158	93	0
2159	92	0
2160	92	0
2161	93	0
2162	92	0
2163	93	0
2164	93	0
2165	92	0
2166	93	0
2167	92	0
2168	92	0
2169	93	0
2170	92	0
2171	93	0
2172	93	0
2173	92	0
2174	93	0
2175	92	0
2176	93	0
2177	93	0
2178	93	0
2179	93	0
2180	93	0
2181	93	0
2182	92	0
2183	93	0
2184	92	0
2185	92	0
2186	93	0
2187	93	0
2188	93	0
2189	93	0
2190	93	0
2191	93	0
2192	93	0
2193	93	0
2194	93	0
2195	93	0
2196	92	0
2197	93	0
2198	93	0
2199	92	0
2200	93	0
2201	92	0
2202	93	0
2203	93	0
2204	92	0
2205	93	0
2206	92	0
2207	93	0
2208	93	0
2209	92	0
2210	92	0
2211	93	0
2212	93	0
2213	92	0
2214	93	0
2215	93	0
2216	93	0
2217	92	0
2218	92	0
2219	93	0
2220	93	0
2221	92	0
2222	93	0
2223	93	0
2224	93	0
2225	93	0
2226	93	0
2227	93	0
2228	93	0
2229	93	0
2230	92	0
2231	93	0
2232	93	0
2233	92	0
2234	93	0
2235	92	0
2236	92	0
2237	92	0
2238	92	0
2239	93	0
2240	93	0
2241	93	0
2242	92	0
2243	93	0
2244	93	0
2245	92	0
2246	92	0
2247	93	0
2248	92	0
2249	93	0
2250	93	0
2251	92	0
2252	93	0
2253	92	0
2254	93	0
2255	93	0
2256	92	0
2257	93	0
2258	93	0
2259	93	0
2260	92	0
2261	93	0
2262	93	0
2263	92	0
2264	93	0
2265	93	0
2266	92	0
2267	93	0
2268	92	0
2269	93	0
2270	93	0
2271	93	0
2272	93	0
2273	93	0
2274	93	0
2275	92	0
2276	93	0
2277	93	0
2278	92	0
2279	92	0
2280	92	0
2281	93	0
2282	93	0
2283	92	0
2284	92	0
2285	92	0
2286	93	0
2287	92	0
2288	92	0
2289	92	0
2290	93	0
2291	93	0
2292	93	0
2293	92	0
2294	91	0
2295	93	0
2296	92	0
2297	93	0
2298	92	0
2299	93	0
2300	93	0
2301	93	0
2302	93	0
2303	93	0
2304	93	0
2305	93	0
2306	92	0
2307	93	0
2308	93	0
2309	93	0
2310	92	0
2311	93	0
2312	93	0
2313	93	0
2314	92	0
2315	93	0
2316	93	0
2317	92	0
2318	93	0
2319	93	0
2320	93	0
2321	93	0
2322	93	0
2323	93	0
2324	92	0
2325	93	0
2326	93	0
2327	93	0
2328	93	0
2329	93	0
2330	93	0
2331	93	0
2332	92	0
2333	92	0
2334	93	0
2335	93	0
2336	92	0
2337	92	0
2338	92	0
2339	93	0
2340	93	0
2341	93	0
2342	92	0
2343	93	0
2344	93	0
2345	93	0
2346	93	0
2347	93	0
2348	93	0
2349	92	0
2350	93	0
2351	93	0
2352	93	0
2353	92	0
2354	93	0
2355	93	0
2356	92	0
2357	92	0
2358	93	0
2359	93	0
2360	92	0
2361	92	0
2362	92	0
2363	92	0
2364	92	0
2365	93	0
2366	93	0
2367	93	0
2368	92	0
2369	92	0
2370	93	0
2371	92	0
2372	93	0
2373	93	0
2374	92	0
2375	93	0
2376	92	0
2377	93	0
2378	92	0
2379	93	0
2380	93	0
2381	93	0
2382	92	0
2383	93	0
2384	92	0
2385	92	0
2386	93	0
2387	92	0
2388	92	0
2389	93	0
2390	92	0
2391	93	0
2392	93	0
2393	92	0
2394	93	0
2395	92	0
2396	93	0
2397	93	0
2398	93	0
2399	93	0
2400	93	0
2401	92	0
2402	92	0
2403	92	0
2404	92	0
2405	93	0
2406	93	0
2407	93	0
2408	93	0
2409	92	0
2410	92	0
2411	93	0
2412	93	0
2413	93	0
2414	93	0
2415	93	0
2416	93	0
2417	93	0
2418	93	0
2419	93	0
2420	93	0
2421	93	0
2422	92	0
2423	93	0
2424	93	0
2425	92	0
2426	92	0
2427	93	0
2428	93	0
2429	92	0
2430	93	0
2431	93	0
2432	93	0
2433	93	0
2434	92	0
2435	92	0
2436	92	0
2437	92	0
2438	92	0
2439	93	0
2440	93	0
2441	92	0
2442	93	0
2443	92	0
2444	93	0
2445	93	0
2446	93	0
2447	93	0
2448	92	0
2449	93	0
2450	93	0
2451	93	0
2452	92	0
2453	92	0
2454	93	0
2455	92	0
2456	93	0
2457	93	0
2458	92	0
2459	93	0
2460	92	0
2461	93	0
2462	92	0
2463	92	0
2464	93	0
2465	93	0
2466	93	0
2467	93	0
2468	93	0
2469	93	0
2470	93	0
2471	92	0
2472	92	0
2473	92	0
2474	93	0
2475	92	0
2476	93	0
2477	93	0
2478	92	0
2479	93	0
2480	93	0
2481	92	0
2482	92	0
2483	93	0
2484	93	0
2485	93	0
2486	93	0
2487	93	0
2488	92	0
2489	92	0
2490	92	0
2491	92	0
2492	92	0
2493	93	0
2494	92	0
2495	93	0
2496	92	0
2497	92	0
2498	93	0
2499	93	0
2500	93	0
2501	93	0
2502	92	0
2503	93	0
2504	93	0
2505	93	0
2506	92	0
2507	93	0
2508	93	0
2509	92	0
2510	92	0
2511	93	0
2512	93	0
2513	92	0
2514	93	0
2515	92	0
2516	92	0
2517	92	0
2518	92	0
2519	93	0
2520	93	0
2521	93	0
2522	92	0
2523	92	0
2524	93	0
2525	92	0
2526	92	0
2527	93	0
2528	93	0
2529	93	0
2530	92	0
2531	93	0
2532	93	0
2533	92	0
2534	93	0
2535	92	0
2536	93	0
2537	92	0
2538	92	0
2539	93	0
2540	92	0
2541	92	0
2542	92	0
2543	92	0
2544	92	0
2545	92	0
2546	93	0
2547	92	0
2548	93	0
2549	92	0
2550	91	0
2551	93	0
2552	93	0
2553	93	0
2554	92	0
2555	93	0
2556	93	0
2557	92	0
2558	93	0
2559	92	0
2560	93	0
2561	93	0
2562	92	0
2563	92	0
2564	92	0
2565	92	0
2566	93	0
2567	93	0
2568	92	0
2569	92	0
2570	93	0
2571	93	0
2572	92	0
2573	93	0
2574	92	0
2575	92	0
2576	93	0
2577	92	0
2578	92	0
2579	93	0
2580	92	0
2581	93	0
2582	93	0
2583	92	0
2584	93	0
2585	93	0
2586	92	0
2587	92	0
2588	92	0
2589	93	0
2590	93	0
2591	93	0
2592	92	0
2593	93	0
2594	93	0
2595	92	0
2596	92	0
2597	93	0
2598	93	0
2599	93	0
2600	93	0
2601	92	0
2602	93	0
2603	92	0
2604	93	0
2605	92	0
2606	93	0
2607	93	0
2608	93	0
2609	92	0
2610	93	0
2611	93	0
2612	92	0
2613	93	0
2614	93	0
2615	93	0
2616	93	0
2617	92	0
2618	93	0
2619	93	0
2620	92	0
2621	93	0
2622	93	0
2623	92	0
2624	93	0
2625	93	0
2626	92	0
2627	92	0
2628	92	0
2629	93	0
2630	92	0
2631	92	0
2632	92	0
2633	92	0
2634	92	0
2635	92	0
2636	93	0
2637	92	0
2638	93	0
2639	92	0
2640	92	0
2641	93	0
2642	92	0
2643	92	0
2644	93	0
2645	92	0
2646	93	0
2647	93	0
2648	92	0
2649	93	0
2650	92	0
2651	93	0
2652	93	0
2653	93	0
2654	93	0
2655	92	0
2656	92	0
2657	93	0
2658	92	0
2659	93	0
2660	92	0
2661	92	0
2662	92	0
2663	92	0
2664	93	0
2665	93	0
2666	92	0
2667	92	0
2668	93	0
2669	93	0
2670	93	0
2671	93	0
2672	92	0
2673	93	0
2674	91	0
2675	92	0
2676	93	0
2677	92	0
2678	92	0
2679	93	0
2680	93	0
2681	93	0
2682	92	0
2683	92	0
2684	93	0
2685	92	0
2686	92	0
2687	93	0
2688	92	0
2689	93	0
2690	92	0
2691	92	0
2692	93	0
2693	92	0
2694	93	0
2695	93	0
2696	92	0
2697	92	0
2698	93	0
2699	92	0
2700	92	0
2701	93	0
2702	91	0
2703	93	0
2704	92	0
2705	92	0
2706	91	0
2707	92	0
2708	92	0
2709	93	0
2710	91	0
2711	92	0
2712	93	0
2713	92	0
2714	92	0
2715	92	0
2716	92	0
2717	93	0
2718	93	0
2719	92	0
2720	93	0
2721	92	0
2722	93	0
2723	92	0
2724	92	0
2725	93	0
2726	92	0
2727	92	0
2728	92	0
2729	92	0
2730	92	0
2731	93	0
2732	93	0
2733	93	0
2734	93	0
2735	92	0
2736	93	0
2737	92	0
2738	92	0
2739	93	0
2740	92	0
2741	92	0
2742	93	0
2743	92	0
2744	92	0
2745	93	0
2746	92	0
2747	92	0
2748	92	0
2749	92	0
2750	93	0
2751	93	0
2752	92	0
2753	93	0
2754	92	0
2755	92	0
2756	93	0
2757	92	0
2758	92	0
2759	93	0
2760	91	0
2761	92	0
2762	93	0
2763	92	0
2764	91	0
2765	93	0
2766	92	0
2767	92	0
2768	92	0
2769	93	0
2770	93	0
2771	92	0
2772	93	0
2773	92	0
2774	93	0
2775	92	0
2776	92	0
2777	93	0
2778	92	0
2779	93	0
2780	93	0
2781	92	0
2782	93	0
2783	93	0
2784	92	0
2785	92	0
2786	92	0
2787	92	0
2788	93	0
2789	93	0
2790	93	0
2791	93	0
2792	93	0
2793	93	0
2794	93	0
2795	92	0
2796	92	0
2797	92	0
2798	93	0
2799	93	0
2800	93	0
2801	93	0
2802	92	0
2803	93	0
2804	92	0
2805	91	0
2806	92	0
2807	92	0
2808	93	0
2809	92	0
2810	93	0
2811	93	0
2812	92	0
2813	92	0
2814	93	0
2815	93	0
2816	93	0
2817	93	0
2818	92	0
2819	92	0
2820	93	0
2821	92	0
2822	93	0
2823	92	0
2824	92	0
2825	93	0
2826	93	0
2827	93	0
2828	93	0
2829	92	0
2830	92	0
2831	92	0
2832	92	0
2833	92	0
2834	93	0
2835	93	0
2836	93	0
2837	92	0
2838	92	0
2839	93	0
2840	92	0
2841	93	0
2842	93	0
2843	92	0
2844	93	0
2845	92	0
2846	93	0
2847	92	0
2848	93	0
2849	93	0
2850	92	0
2851	93	0
2852	93	0
2853	92	0
2854	92	0
2855	92	0
2856	92	0
2857	91	0
2858	93	0
2859	92	0
2860	92	0
2861	92	0
2862	92	0
2863	93	0
2864	93	0
2865	158	0
2866	163	0
2867	150	0
2868	140	0
2869	131	0
2870	117	0
2871	86	0
2872	69	0
2873	64	0
2874	62	0
2875	65	0
2876	69	0
2877	73	0
2878	75	0
2879	78	0
2880	81	0
2881	83	0
2882	84	0
2883	85	0
2884	86	0
2885	88	0
2886	88	0
2887	89	0
2888	89	0
2889	89	0
2890	91	0
2891	90	0
2892	91	0
2893	91	0
2894	91	0
2895	92	0
2896	91	0
2897	92	0
2898	91	0
2899	92	0
2900	92	0
2901	92	0
2902	92	0
2903	93	0
2904	93	0
2905	93	0
2906	93	0
2907	92	0
2908	93	0
2909	93	0
2910	92	0
2911	93	0
2912	93	0
2913	93	0
2914	93	0
2915	93	0
2916	93	0
2917	93	0
2918	92	0
2919	93	0
2920	92	0
2921	92	0
2922	92	0
2923	93	0
2924	93	0
2925	93	0
2926	92	0
2927	92	0
2928	93	0
2929	92	0
2930	92	0
2931	92	0
2932	92	0
2933	92	0
2934	93	0
2935	93	0
2936	93	0
2937	93	0
2938	93	0
2939	93	0
2940	93	0
2941	92	0
2942	93	0
2943	92	0
2944	92	0
2945	92	0
2946	92	0
2947	93	0
2948	92	0
2949	93	0
2950	93	0
2951	92	0
2952	93	0
2953	93	0
2954	93	0
2955	92	0
2956	93	0
2957	93	0
2958	92	0
2959	92	0
2960	93	0
2961	93	0
2962	93	0
2963	93	0
2964	92	0
2965	93	0
2966	93	0
2967	92	0
2968	93	0
2969	92	0
2970	93	0
2971	93	0
2972	92	0
2973	93	0
2974	93	0
2975	93	0
2976	93	0
2977	93	0
2978	92	0
2979	92	0
2980	93	0
2981	92	0
2982	93	0
2983	93	0
2984	92	0
2985	92	0
2986	92	0
2987	92	0
2988	93	0
2989	92	0
2990	93	0
2991	93	0
2992	92	0
2993	93	0
2994	93	0
2995	93	0
2996	93	0
2997	92	0
2998	93	0
2999	93	0
3000	92	0
3001	93	0
3002	93	0
3003	92	0
3004	92	0
3005	92	0
3006	93	0
3007	92	0
3008	93	0
3009	92	0
3010	92	0
3011	93	0
3012	92	0
3013	93	0
3014	93	0
3015	92	0
3016	92	0
3017	93	0
3018	92	0
3019	92	0
3020	93	0
3021	92	0
3022	92	0
3023	93	0
3024	92	0
3025	93	0
3026	93	0
3027	92	0
3028	93	0
3029	93	0
3030	92	0
3031	93	0
3032	93	0
3033	93	0
3034	92	0
3035	93	0
3036	93	0
3037	93	0
3038	93	0
3039	93	0
3040	93	0
3041	93	0
3042	92	0
3043	92	0
3044	93	0
3045	92	0
3046	93	0
3047	93	0
3048	92	0
3049	93	0
3050	92	0
3051	93	0
3052	92	0
3053	92	0
3054	93	0
3055	93	0
3056	93	0
3057	93	0
3058	93	0
3059	93	0
3060	93	0
3061	92	0
3062	92	0
3063	93	0
3064	93	0
3065	93	0
3066	93	0
3067	93	0
3068	93	0
3069	93	0
3070	93	0
3071	92	0
3072	93	0
3073	92	0
3074	93	0
3075	93	0
3076	93	0
3077	93	0
3078	93	0
3079	93	0
3080	93	0
3081	93	0
3082	93	0
3083	93	0
3084	93	0
3085	93	0
3086	93	0
3087	92	0
3088	93	0
3089	93	0
3090	93	0
3091	93	0
3092	92	0
3093	93	0
3094	93	0
3095	93	0
3096	92	0
3097	92	0
3098	93	0
3099	92	0
3100	93	0
3101	93	0
3102	93	0
3103	93	0
3104	93	0
3105	93	0
3106	93	0
3107	93	0
3108	93	0
3109	93	0
3110	93	0
3111	92	0
3112	93	0
3113	92	0
3114	92	0
3115	92	0
3116	93	0
3117	93	0
3118	93	0
3119	93	0
3120	92	0
3121	93	0
3122	92	0
3123	93	0
3124	93	0
3125	93	0
3126	92	0
3127	93	0
3128	93	0
3129	92	0
3130	92	0
3131	92	0
3132	93	0
3133	93	0
3134	92	0
3135	93	0
3136	92	0
3137	92	0
3138	93	0
3139	93	0
3140	93	0
3141	93	0
3142	93	0
3143	93	0
3144	93	0
3145	93	0
3146	93	0
3147	92	0
3148	93	0
3149	93	0
3150	92	0
3151	92	0
3152	93	0
3153	92	0
3154	93	0
3155	93	0
3156	92	0
3157	93	0
3158	93	0
3159	93	0
3160	93	0
3161	93	0
3162	92	0
3163	92	0
3164	93	0
3165	92	0
3166	93	0
3167	93	0
3168	92	0
3169	93	0
3170	93	0
3171	93	0
3172	92	0
3173	93	0
3174	93	0
3175	92	0
3176	93	0
3177	93	0
3178	93	0
3179	93	0
3180	92	0
3181	93	0
3182	93	0
3183	92	0
3184	93	0
3185	93	0
3186	92	0
3187	93	0
3188	93	0
3189	92	0
3190	93	0
3191	93	0
3192	93	0
3193	93	0
3194	93	0
3195	93	0
3196	93	0
3197	92	0
3198	93	0
3199	92	0
3200	93	0
3201	93	0
3202	92	0
3203	93	0
3204	92	0
3205	92	0
3206	93	0
3207	93	0
3208	93	0
3209	93	0
3210	92	0
3211	93	0
3212	93	0
3213	93	0
3214	92	0
3215	93	0
3216	93	0
3217	93	0
3218	92	0
3219	92	0
3220	93	0
3221	92	0
3222	92	0
3223	93	0
3224	92	0
3225	93	0
3226	92	0
3227	92	0
3228	93	0
3229	92	0
3230	93	0
3231	93	0
3232	92	0
3233	93	0
3234	92	0
3235	93	0
3236	93	0
3237	92	0
3238	93	0
3239	93	0
3240	92	0
3241	92	0
3242	92	0
3243	93	0
3244	93	0
3245	93	0
3246	92	0
3247	92	0
3248	93	0
3249	92	0
3250	93	0
3251	93	0
3252	92	0
3253	92	0
3254	93	0
3255	92	0
3256	93	0
3257	93	0
3258	92	0
3259	93	0
3260	93	0
3261	92	0
3262	93	0
3263	93	0
3264	93	0
3265	92	0
3266	93	0
3267	93	0
3268	92	0
3269	93	0
3270	93	0
3271	93	0
3272	92	0
3273	93	0
3274	92	0
3275	93	0
3276	93	0
3277	93	0
3278	93	0
3279	92	0
3280	93	0
3281	93	0
3282	93	0
3283	92	0
3284	92	0
3285	93	0
3286	92	0
3287	93	0
3288	93	0
3289	92	0
3290	93	0
3291	93	0
3292	93	0
3293	93	0
3294	93	0
3295	93	0
3296	93	0
3297	92	0
3298	93	0
3299	93	0
3300	93	0
3301	92	0
3302	93	0
3303	92	0
3304	92	0
3305	93	0
3306	93	0
3307	93	0
3308	92	0
3309	92	0
3310	93	0
3311	92	0
3312	92	0
3313	93	0
3314	92	0
3315	93	0
3316	93	0
3317	92	0
3318	93	0
3319	92	0
3320	92	0
3321	92	0
3322	92	0
3323	93	0
3324	92	0
3325	93	0
3326	92	0
3327	93	0
3328	92	0
3329	93	0
3330	93	0
3331	92	0
3332	93	0
3333	93	0
3334	92	0
3335	92	0
3336	92	0
3337	92	0
3338	92	0
3339	93	0
3340	93	0
3341	93	0
3342	92	0
3343	92	0
3344	93	0
3345	92	0
3346	93	0
3347	93	0
3348	92	0
3349	93	0
3350	93	0
3351	93	0
3352	92	0
3353	92	0
3354	93	0
3355	93	0
3356	93	0
3357	93	0
3358	93	0
3359	93	0
3360	93	0
3361	92	0
3362	93	0
3363	92	0
3364	92	0
3365	92	0
3366	93	0
3367	92	0
3368	93	0
3369	92	0
3370	92	0
3371	93	0
3372	92	0
3373	93	0
3374	92	0
3375	92	0
3376	93	0
3377	92	0
3378	93	0
3379	93	0
3380	92	0
3381	93	0
3382	92	0
3383	93	0
3384	93	0
3385	92	0
3386	92	0
3387	92	0
3388	92	0
3389	93	0
3390	93	0
3391	92	0
3392	93	0
3393	92	0
3394	92	0
3395	92	0
3396	92	0
3397	93	0
3398	92	0
3399	93	0
3400	92	0
3401	92	0
3402	93	0
3403	92	0
3404	93	0
3405	93	0
3406	92	0
3407	93	0
3408	92	0
3409	92	0
3410	92	0
3411	92	0
3412	93	0
3413	93	0
3414	92	0
3415	93	0
3416	92	0
3417	93	0
3418	92	0
3419	93	0
3420	93	0
3421	92	0
3422	92	0
3423	93	0
3424	92	0
3425	93	0
3426	93	0
3427	93	0
3428	93	0
3429	93	0
3430	92	0
3431	92	0
3432	92	0
3433	93	0
3434	93	0
3435	92	0
3436	93	0
3437	93	0
3438	93	0
3439	92	0
3440	93	0
3441	93	0
3442	92	0
3443	92	0
3444	93	0
3445	92	0
3446	92	0
3447	93	0
3448	91	0
3449	92	0
3450	93	0
3451	93	0
3452	92	0
3453	92	0
3454	93	0
3455	93	0
3456	92	0
3457	93	0
3458	92	0
3459	92	0
3460	93	0
3461	92	0
3462	93	0
3463	93	0
3464	92	0
3465	93	0
3466	93	0
3467	93	0
3468	92	0
3469	93	0
3470	93	0
3471	92	0
3472	92	0
3473	92	0
3474	93	0
3475	92	0
3476	92	0
3477	92	0
3478	92	0
3479	93	0
3480	92	0
3481	93	0
3482	93	0
3483	92	0
3484	92	0
3485	92	0
3486	93	0
3487	93	0
3488	93	0
3489	93	0
3490	92	0
3491	93	0
3492	92	0
3493	92	0
3494	92	0
3495	93	0
3496	92	0
3497	92	0
3498	93	0
3499	92	0
3500	93	0
3501	93	0
3502	92	0
3503	92	0
3504	92	0
3505	92	0
3506	92	0
3507	93	0
3508	92	0
3509	92	0
3510	92	0
3511	92	0
3512	93	0
3513	93	0
3514	92	0
3515	93	0
3516	91	0
3517	93	0
3518	92	0
3519	92	0
3520	92	0
3521	92	0
3522	93	0
3523	93	0
3524	92	0
3525	93	0
3526	92	0
3527	93	0
3528	92	0
3529	92	0
3530	92	0
3531	92	0
3532	92	0
3533	93	0
3534	93	0
3535	93	0
3536	92	0
3537	92	0
3538	92	0
3539	92	0
3540	92	0
3541	93	0
3542	92	0
3543	92	0
3544	92	0
3545	92	0
3546	93	0
3547	93	0
3548	92	0
3549	92	0
3550	92	0
3551	93	0
3552	93	0
3553	92	0
3554	93	0
3555	92	0
3556	92	0
3557	92	0
3558	92	0
3559	93	0
3560	93	0
3561	93	0
3562	93	0
3563	92	0
3564	93	0
3565	92	0
3566	92	0
3567	93	0
3568	92	0
3569	93	0
3570	92	0
3571	91	0
3572	92	0
3573	92	0
3574	93	0
3575	92	0
3576	93	0
3577	93	0
3578	92	0
3579	92	0
3580	92	0
3581	93	0
3582	93	0
3583	92	0
3584	92	0
3585	92	0
3586	92	0
3587	93	0
3588	93	0
3589	93	0
3590	92	0
3591	92	0
3592	93	0
3593	91	0
3594	92	0
3595	93	0
3596	92	0
3597	91	0
3598	92	0
3599	92	0
3600	92	0
3601	92	0
3602	93	0
3603	93	0
3604	93	0
3605	92	0
3606	92	0
3607	93	0
3608	92	0
3609	93	0
3610	92	0
3611	92	0
3612	92	0
3613	92	0
3614	93	0
3615	93	0
3616	92	0
3617	92	0
3618	93	0
3619	92	0
3620	92	0
3621	92	0
3622	91	0
3623	92	0
3624	93	0
3625	92	0
3626	91	0
3627	93	0
3628	93	0
3629	92	0
3630	92	0
3631	93	0
3632	92	0
3633	92	0
3634	92	0
3635	92	0
3636	92	0
3637	92	0
3638	92	0
3639	92	0
3640	93	0
3641	92	0
3642	92	0
3643	93	0
3644	92	0
3645	93	0
3646	93	0
3647	92	0
3648	93	0
3649	93	0
3650	93	0
3651	92	0
3652	92	0
3653	93	0
3654	93	0
3655	93	0
3656	93	0
3657	92	0
3658	92	0
3659	93	0
3660	92	0
3661	92	0
3662	92	0
3663	91	0
3664	92	0
3665	93	0
3666	93	0
3667	91	0
3668	93	0
3669	93	0
3670	92	0
3671	92	0
3672	92	0
3673	93	0
3674	93	0
3675	93	0
3676	92	0
3677	93	0
3678	92	0
3679	92	0
3680	92	0
3681	92	0
3682	92	0
3683	92	0
3684	93	0
3685	92	0
3686	92	0
3687	92	0
3688	91	0
3689	93	0
3690	93	0
3691	92	0
3692	91	0
3693	93	0
3694	93	0
3695	92	0
3696	92	0
3697	93	0
3698	93	0
3699	92	0
3700	93	0
3701	93	0
3702	92	0
3703	92	0
3704	93	0
3705	93	0
3706	92	0
3707	93	0
3708	92	0
3709	92	0
3710	92	0
3711	93	0
3712	93	0
3713	93	0
3714	92	0
3715	92	0
3716	92	0
3717	92	0
3718	92	0
3719	93	0
3720	92	0
3721	93	0
3722	93	0
3723	93	0
3724	93	0
3725	92	0
3726	93	0
3727	92	0
3728	92	0
3729	92	0
3730	92	0
3731	92	0
3732	93	0
3733	93	0
3734	93	0
3735	93	0
3736	92	0
3737	93	0
3738	93	0
3739	93	0
3740	92	0
3741	92	0
3742	93	0
3743	91	0
3744	93	0
3745	93	0
3746	92	0
3747	91	0
3748	92	0
3749	93	0
3750	92	0
3751	92	0
3752	93	0
3753	93	0
3754	93	0
3755	93	0
3756	93	0
3757	92	0
3758	92	0
3759	92	0
3760	92	0
3761	92	0
3762	93	0
3763	93	0
3764	92	0
3765	92	0
3766	92	0
3767	92	0
3768	93	0
3769	93	0
3770	92	0
3771	92	0
3772	92	0
3773	93	0
3774	93	0
3775	92	0
3776	92	0
3777	92	0
3778	92	0
3779	91	0
3780	92	0
3781	92	0
3782	92	0
3783	92	0
3784	93	0
3785	93	0
3786	92	0
3787	93	0
3788	92	0
3789	93	0
3790	93	0
3791	93	0
3792	92	0
3793	93	0
3794	92	0
3795	93	0
3796	92	0
3797	93	0
3798	93	0
3799	92	0
3800	93	0
3801	93	0
3802	92	0
3803	92	0
3804	93	0
3805	92	0
3806	93	0
3807	93	0
3808	91	0
3809	92	0
3810	91	0
3811	92	0
3812	91	0
3813	92	0
3814	91	0
3815	92	0
3816	93	0
3817	92	0
3818	91	0
3819	93	0
3820	130	0
3821	162	0
3822	154	0
3823	145	0
3824	134	0
3825	124	0
3826	94	0
3827	65	0
3828	61	0
3829	60	0
3830	65	0
3831	69	0
3832	73	0
3833	76	0
3834	78	0
3835	81	0
3836	82	0
3837	84	0
3838	85	0
3839	86	0
3840	87	0
3841	88	0
3842	89	0
3843	89	0
3844	89	0
3845	90	0
3846	91	0
3847	91	0
3848	91	0
3849	91	0
3850	91	0
3851	91	0
3852	92	0
3853	92	0
3854	92	0
3855	91	0
3856	92	0
3857	93	0
3858	92	0
3859	91	0
3860	92	0
3861	92	0
3862	93	0
3863	92	0
3864	93	0
3865	93	0
3866	92	0
3867	93	0
3868	93	0
3869	93	0
3870	93	0
3871	93	0
3872	93	0
3873	93	0
3874	93	0
3875	92	0
3876	93	0
3877	93	0
3878	92	0
3879	93	0
3880	93	0
3881	93	0
3882	93	0
3883	92	0
3884	92	0
3885	92	0
3886	93	0
3887	92	0
3888	93	0
3889	93	0
3890	93	0
3891	92	0
3892	93	0
3893	93	0
3894	93	0
3895	93	0
3896	93	0
3897	93	0
3898	93	0
3899	93	0
3900	93	0
3901	93	0
3902	93	0
3903	92	0
3904	92	0
3905	92	0
3906	93	0
3907	93	0
3908	93	0
3909	93	0
3910	93	0
3911	93	0
3912	93	0
3913	93	0
3914	93	0
3915	93	0
3916	92	0
3917	92	0
3918	93	0
3919	93	0
3920	93	0
3921	93	0
3922	92	0
3923	92	0
3924	92	0
3925	92	0
3926	93	0
3927	93	0
3928	92	0
3929	92	0
3930	92	0
3931	93	0
3932	93	0
3933	93	0
3934	93	0
3935	92	0
3936	93	0
3937	93	0
3938	93	0
3939	93	0
3940	93	0
3941	92	0
3942	93	0
3943	93	0
3944	93	0
3945	93	0
3946	93	0
3947	92	0
3948	93	0
3949	93	0
3950	93	0
3951	93	0
3952	93	0
3953	93	0
3954	93	0
3955	93	0
3956	93	0
3957	92	0
3958	93	0
3959	92	0
3960	93	0
3961	92	0
3962	92	0
3963	93	0
3964	92	0
3965	92	0
3966	92	0
3967	92	0
3968	93	0
3969	93	0
3970	92	0
3971	92	0
3972	92	0
3973	93	0
3974	92	0
3975	93	0
3976	93	0
3977	92	0
3978	92	0
3979	92	0
3980	93	0
3981	93	0
3982	93	0
3983	93	0
3984	93	0
3985	93	0
3986	92	0
3987	92	0
3988	93	0
3989	93	0
3990	93	0
3991	93	0
3992	92	0
3993	93	0
3994	92	0
3995	92	0
3996	92	0
3997	93	0
3998	93	0
3999	93	0
4000	92	0
4001	93	0
4002	93	0
4003	92	0
4004	93	0
4005	92	0
4006	93	0
4007	93	0
4008	92	0
4009	92	0
4010	93	0
4011	93	0
4012	93	0
4013	93	0
4014	92	0
4015	93	0
4016	93	0
4017	92	0
4018	92	0
4019	92	0
4020	92	0
4021	93	0
4022	93	0
4023	92	0
4024	93	0
4025	93	0
4026	93	0
4027	92	0
4028	93	0
4029	93	0
4030	92	0
4031	93	0
4032	93	0
4033	93	0
4034	93	0
4035	92	0
4036	93	0
4037	92	0
4038	92	0
4039	93	0
4040	93	0
4041	93	0
4042	93	0
4043	92	0
4044	93	0
4045	92	0
4046	93	0
4047	92	0
4048	93	0
4049	93	0
4050	92	0
4051	93	0
4052	93	0
4053	93	0
4054	92	0
4055	93	0
4056	93	0
4057	92	0
4058	92	0
4059	93	0
4060	93	0
4061	93	0
4062	93	0
4063	93	0
4064	93	0
4065	93	0
4066	93	0
4067	93	0
4068	93	0
4069	93	0
4070	93	0
4071	93	0
4072	93	0
4073	93	0
4074	93	0
4075	92	0
4076	93	0
4077	93	0
4078	92	0
4079	93	0
4080	92	0
4081	92	0
4082	93	0
4083	92	0
4084	93	0
4085	93	0
4086	93	0
4087	93	0
4088	92	0
4089	93	0
4090	93	0
4091	93	0
4092	93	0
4093	93	0
4094	93	0
4095	93	0
4096	92	0
4097	92	0
4098	93	0
4099	93	0
4100	93	0
4101	93	0
4102	92	0
4103	92	0
4104	93	0
4105	92	0
4106	93	0
4107	93	0
4108	92	0
4109	92	0
4110	93	0
4111	93	0
4112	93	0
4113	93	0
4114	92	0
4115	92	0
4116	92	0
4117	92	0
4118	93	0
4119	93	0
4120	92	0
4121	92	0
4122	92	0
4123	93	0
4124	92	0
4125	93	0
4126	93	0
4127	92	0
4128	93	0
4129	93	0
4130	92	0
4131	93	0
4132	93	0
4133	93	0
4134	92	0
4135	92	0
4136	93	0
4137	93	0
4138	92	0
4139	92	0
4140	92	0
4141	92	0
4142	92	0
4143	93	0
4144	92	0
4145	92	0
4146	92	0
4147	93	0
4148	93	0
4149	93	0
4150	93	0
4151	92	0
4152	93	0
4153	92	0
4154	92	0
4155	93	0
4156	92	0
4157	93	0
4158	93	0
4159	92	0
4160	93	0
4161	92	0
4162	92	0
4163	92	0
4164	93	0
4165	93	0
4166	93	0
4167	92	0
4168	92	0
4169	93	0
4170	92	0
4171	92	0
4172	92	0
4173	92	0
4174	93	0
4175	93	0
4176	92	0
4177	92	0
4178	92	0
4179	93	0
4180	92	0
4181	93	0
4182	93	0
4183	93	0
4184	93	0
4185	92	0
4186	93	0
4187	93	0
4188	91	0
4189	92	0
4190	92	0
4191	93	0
4192	92	0
4193	93	0
4194	93	0
4195	92	0
4196	92	0
4197	93	0
4198	93	0
4199	93	0
4200	93	0
4201	92	0
4202	93	0
4203	92	0
4204	93	0
4205	92	0
4206	92	0
4207	93	0
4208	92	0
4209	93	0
4210	92	0
4211	92	0
4212	93	0
4213	92	0
4214	93	0
4215	93	0
4216	92	0
4217	93	0
4218	93	0
4219	93	0
4220	93	0
4221	93	0
4222	93	0
4223	92	0
4224	92	0
4225	93	0
4226	93	0
4227	92	0
4228	93	0
4229	92	0
4230	93	0
4231	93	0
4232	92	0
4233	93	0
4234	92	0
4235	93	0
4236	93	0
4237	93	0
4238	92	0
4239	92	0
4240	93	0
4241	92	0
4242	93	0
4243	92	0
4244	93	0
4245	93	0
4246	93	0
4247	93	0
4248	92	0
4249	93	0
4250	92	0
4251	92	0
4252	93	0
4253	92	0
4254	93	0
4255	93	0
4256	92	0
4257	92	0
4258	92	0
4259	93	0
4260	93	0
4261	93	0
4262	93	0
4263	92	0
4264	93	0
4265	93	0
4266	92	0
4267	92	0
4268	93	0
4269	93	0
4270	93	0
4271	92	0
4272	93	0
4273	93	0
4274	92	0
4275	93	0
4276	93	0
4277	92	0
4278	92	0
4279	92	0
4280	93	0
4281	93	0
4282	92	0
4283	92	0
4284	92	0
4285	93	0
4286	92	0
4287	93	0
4288	93	0
4289	92	0
4290	93	0
4291	93	0
4292	92	0
4293	92	0
4294	93	0
4295	93	0
4296	92	0
4297	93	0
4298	93	0
4299	93	0
4300	93	0
4301	92	0
4302	93	0
4303	92	0
4304	92	0
4305	93	0
4306	93	0
4307	93	0
4308	93	0
4309	92	0
4310	93	0
4311	93	0
4312	92	0
4313	91	0
4314	93	0
4315	93	0
4316	92	0
4317	92	0
4318	92	0
4319	93	0
4320	92	0
4321	93	0
4322	93	0
4323	92	0
4324	93	0
4325	93	0
4326	92	0
4327	92	0
4328	93	0
4329	93	0
4330	93	0
4331	93	0
4332	92	0
4333	93	0
4334	93	0
4335	92	0
4336	93	0
4337	93	0
4338	92	0
4339	92	0
4340	93	0
4341	93	0
4342	92	0
4343	93	0
4344	92	0
4345	93	0
4346	93	0
4347	93	0
4348	92	0
4349	93	0
4350	93	0
4351	92	0
4352	92	0
4353	92	0
4354	92	0
4355	93	0
4356	92	0
4357	92	0
4358	93	0
4359	92	0
4360	93	0
4361	93	0
4362	92	0
4363	93	0
4364	93	0
4365	92	0
4366	92	0
4367	92	0
4368	92	0
4369	92	0
4370	92	0
4371	92	0
4372	92	0
4373	92	0
4374	93	0
4375	92	0
4376	93	0
4377	93	0
4378	92	0
4379	92	0
4380	93	0
4381	93	0
4382	92	0
4383	93	0
4384	93	0
4385	92	0
4386	91	0
4387	92	0
4388	92	0
4389	92	0
4390	92	0
4391	93	0
4392	93	0
4393	92	0
4394	93	0
4395	93	0
4396	93	0
4397	93	0
4398	92	0
4399	93	0
4400	93	0
4401	93	0
4402	93	0
4403	93	0
4404	93	0
4405	92	0
4406	93	0
4407	92	0
4408	92	0
4409	92	0
4410	92	0
4411	93	0
4412	92	0
4413	92	0
4414	91	0
4415	92	0
4416	93	0
4417	93	0
4418	91	0
4419	93	0
4420	92	0
4421	92	0
4422	91	0
4423	93	0
4424	93	0
4425	92	0
4426	92	0
4427	92	0
4428	92	0
4429	92	0
4430	92	0
4431	92	0
4432	92	0
4433	93	0
4434	92	0
4435	93	0
4436	93	0
4437	91	0
4438	93	0
4439	93	0
4440	92	0
4441	92	0
4442	93	0
4443	92	0
4444	92	0
4445	93	0
4446	91	0
4447	93	0
4448	93	0
4449	92	0
4450	93	0
4451	93	0
4452	93	0
4453	92	0
4454	92	0
4455	93	0
4456	92	0
4457	92	0
4458	93	0
4459	92	0
4460	93	0
4461	93	0
4462	92	0
4463	93	0
4464	93	0
4465	92	0
4466	92	0
4467	93	0
4468	92	0
4469	92	0
4470	93	0
4471	92	0
4472	91	0
4473	92	0
4474	91	0
4475	93	0
4476	92	0
4477	93	0
4478	92	0
4479	93	0
4480	92	0
4481	92	0
4482	93	0
4483	92	0
4484	92	0
4485	92	0
4486	92	0
4487	92	0
4488	93	0
4489	92	0
4490	93	0
4491	93	0
4492	92	0
4493	93	0
4494	92	0
4495	92	0
4496	92	0
4497	92	0
4498	92	0
4499	93	0
4500	92	0
4501	93	0
4502	92	0
4503	91	0
4504	92	0
4505	92	0
4506	93	0
4507	92	0
4508	92	0
4509	93	0
4510	92	0
4511	92	0
4512	93	0
4513	92	0
4514	93	0
4515	92	0
4516	92	0
4517	92	0
4518	92	0
4519	92	0
4520	93	0
4521	93	0
4522	93	0
4523	92	0
4524	91	0
4525	93	0
4526	92	0
4527	92	0
4528	92	0
4529	93	0
4530	93	0
4531	93	0
4532	93	0
4533	92	0
4534	92	0
4535	92	0
4536	92	0
4537	93	0
4538	92	0
4539	92	0
4540	92	0
4541	93	0
4542	93	0
4543	93	0
4544	92	0
4545	92	0
4546	92	0
4547	92	0
4548	93	0
4549	92	0
4550	93	0
4551	92	0
4552	91	0
4553	92	0
4554	92	0
4555	92	0
4556	92	0
4557	92	0
4558	93	0
4559	92	0
4560	92	0
4561	92	0
4562	92	0
4563	92	0
4564	92	0
4565	92	0
4566	92	0
4567	92	0
4568	92	0
4569	92	0
4570	93	0
4571	92	0
4572	93	0
4573	93	0
4574	92	0
4575	93	0
4576	92	0
4577	92	0
4578	93	0
4579	92	0
4580	92	0
4581	92	0
4582	92	0
4583	92	0
4584	93	0
4585	93	0
4586	93	0
4587	92	0
4588	91	0
4589	93	0
4590	92	0
4591	92	0
4592	92	0
4593	93	0
4594	92	0
4595	92	0
4596	93	0
4597	92	0
4598	92	0
4599	92	0
4600	92	0
4601	92	0
4602	92	0
4603	92	0
4604	92	0
4605	92	0
4606	92	0
4607	92	0
4608	92	0
4609	92	0
4610	93	0
4611	92	0
4612	93	0
4613	92	0
4614	92	0
4615	93	0
4616	92	0
4617	92	0
4618	92	0
4619	93	0
4620	93	0
4621	93	0
4622	92	0
4623	92	0
4624	93	0
4625	92	0
4626	93	0
4627	93	0
4628	92	0
4629	93	0
4630	92	0
4631	92	0
4632	92	0
4633	92	0
4634	92	0
4635	93	0
4636	92	0
4637	93	0
4638	93	0
4639	92	0
4640	93	0
4641	93	0
4642	92	0
4643	92	0
4644	92	0
4645	92	0
4646	92	0
4647	93	0
4648	92	0
4649	92	0
4650	92	0
4651	92	0
4652	93	0
4653	93	0
4654	93	0
4655	93	0
4656	92	0
4657	92	0
4658	93	0
4659	92	0
4660	91	0
4661	93	0
4662	92	0
4663	93	0
4664	92	0
4665	93	0
4666	93	0
4667	92	0
4668	92	0
4669	92	0
4670	92	0
4671	92	0
4672	93	0
4673	92	0
4674	92	0
4675	92	0
4676	91	0
4677	92	0
4678	92	0
4679	91	0
4680	92	0
4681	92	0
4682	93	0
4683	92	0
4684	92	0
4685	93	0
4686	92	0
4687	93	0
4688	93	0
4689	92	0
4690	92	0
4691	92	0
4692	92	0
4693	92	0
4694	93	0
4695	92	0
4696	93	0
4697	92	0
4698	92	0
4699	93	0
4700	92	0
4701	92	0
4702	93	0
4703	92	0
4704	93	0
4705	93	0
4706	92	0
4707	93	0
4708	92	0
4709	93	0
4710	92	0
4711	92	0
4712	93	0
4713	93	0
4714	93	0
4715	93	0
4716	92	0
4717	92	0
4718	92	0
4719	93	0
4720	92	0
4721	92	0
4722	92	0
4723	93	0
4724	93	0
4725	93	0
4726	92	0
4727	92	0
4728	93	0
4729	93	0
4730	92	0
4731	93	0
4732	92	0
4733	92	0
4734	92	0
4735	93	0
4736	93	0
4737	93	0
4738	93	0
4739	92	0
4740	92	0
4741	92	0
4742	92	0
4743	93	0
4744	92	0
4745	93	0
4746	93	0
4747	92	0
4748	93	0
4749	92	0
4750	93	0
4751	93	0
4752	92	0
4753	93	0
4754	93	0
4755	93	0
4756	93	0
4757	92	0
4758	93	0
4759	93	0
4760	92	0
4761	93	0
4762	92	0
4763	92	0
4764	93	0
4765	93	0
4766	93	0
4767	93	0
4768	92	0
4769	93	0
4770	92	0
4771	92	0
4772	93	0
4773	92	0
4774	95	0
4775	162	0
4776	159	0
4777	147	0
4778	137	0
4779	130	0
4780	113	0
4781	78	0
4782	68	0
4783	64	0
4784	64	0
4785	67	0
4786	71	0
4787	73	0
4788	77	0
4789	78	0
4790	80	0
4791	82	0
4792	85	0
4793	86	0
4794	86	0
4795	87	0
4796	88	0
4797	89	0
4798	90	0
4799	89	0
4800	90	0
4801	91	0
4802	91	0
4803	91	0
4804	91	0
4805	92	0
4806	92	0
4807	91	0
4808	92	0
4809	92	0
4810	93	0
4811	91	0
4812	93	0
4813	93	0
4814	92	0
4815	92	0
4816	91	0
4817	92	0
4818	92	0
4819	93	0
4820	92	0
4821	93	0
4822	93	0
4823	93	0
4824	93	0
4825	92	0
4826	93	0
4827	93	0
4828	93	0
4829	93	0
4830	93	0
4831	92	0
4832	93	0
4833	92	0
4834	92	0
4835	93	0
4836	92	0
4837	93	0
4838	93	0
4839	92	0
4840	92	0
4841	92	0
4842	93	0
4843	93	0
4844	92	0
4845	92	0
4846	92	0
4847	92	0
4848	93	0
4849	93	0
4850	93	0
4851	93	0
4852	92	0
4853	93	0
4854	93	0
4855	92	0
4856	93	0
4857	93	0
4858	93	0
4859	93	0
4860	92	0
4861	93	0
4862	93	0
4863	93	0
4864	93	0
4865	93	0
4866	93	0
4867	92	0
4868	92	0
4869	92	0
4870	92	0
4871	92	0
4872	93	0
4873	93	0
4874	92	0
4875	92	0
4876	92	0
4877	93	0
4878	92	0
4879	93	0
4880	93	0
4881	92	0
4882	93	0
4883	92	0
4884	93	0
4885	92	0
4886	92	0
4887	93	0
4888	92	0
4889	93	0
4890	93	0
4891	92	0
4892	92	0
4893	92	0
4894	93	0
4895	92	0
4896	93	0
4897	93	0
4898	92	0
4899	93	0
4900	93	0
4901	93	0
4902	93	0
4903	92	0
4904	93	0
4905	93	0
4906	92	0
4907	92	0
4908	93	0
4909	92	0
4910	93	0
4911	93	0
4912	92	0
4913	93	0
4914	92	0
4915	93	0
4916	93	0
4917	92	0
4918	93	0
4919	93	0
4920	93	0
4921	92	0
4922	93	0
4923	93	0
4924	93	0
4925	93	0
4926	93	0
4927	93	0
4928	92	0
4929	93	0
4930	93	0
4931	93	0
4932	92	0
4933	92	0
4934	93	0
4935	92	0
4936	92	0
4937	93	0
4938	92	0
4939	92	0
4940	93	0
4941	92	0
4942	92	0
4943	92	0
4944	92	0
4945	93	0
4946	93	0
4947	93	0
4948	93	0
4949	92	0
4950	93	0
4951	92	0
4952	93	0
4953	93	0
4954	92	0
4955	93	0
4956	93	0
4957	93	0
4958	93	0
4959	92	0
4960	93	0
4961	93	0
4962	93	0
4963	92	0
4964	93	0
4965	93	0
4966	93	0
4967	93	0
4968	93	0
4969	93	0
4970	93	0
4971	93	0
4972	92	0
4973	93	0
4974	92	0
4975	93	0
4976	92	0
4977	93	0
4978	93	0
4979	92	0
4980	93	0
4981	92	0
4982	93	0
4983	93	0
4984	92	0
4985	93	0
4986	92	0
4987	92	0
4988	92	0
4989	92	0
4990	93	0
4991	93	0
4992	92	0
4993	93	0
4994	93	0
4995	92	0
4996	92	0
4997	93	0
4998	93	0
4999	93	0
5000	93	0
5001	92	0
5002	93	0
5003	92	0
5004	92	0
5005	93	0
5006	93	0
5007	93	0
5008	92	0
5009	92	0
5010	92	0
5011	92	0
5012	93	0
5013	93	0
5014	92	0
5015	93	0
5016	92	0
5017	93	0
5018	93	0
5019	93	0
5020	92	0
5021	93	0
5022	93	0
5023	92	0
5024	93	0
5025	93	0
5026	93	0
5027	93	0
5028	93	0
5029	93	0
5030	92	0
5031	92	0
5032	93	0
5033	93	0
5034	92	0
5035	93	0
5036	93	0
5037	93	0
5038	92	0
5039	93	0
5040	93	0
5041	93	0
5042	93	0
5043	93	0
5044	92	0
5045	93	0
5046	92	0
5047	92	0
5048	92	0
5049	93	0
5050	93	0
5051	93	0
5052	93	0
5053	92	0
5054	93	0
5055	93	0
5056	93	0
5057	93	0
5058	93	0
5059	92	0
5060	93	0
5061	92	0
5062	92	0
5063	93	0
5064	91	0
5065	93	0
5066	93	0
5067	92	0
5068	93	0
5069	93	0
5070	92	0
5071	92	0
5072	93	0
5073	93	0
5074	93	0
5075	93	0
5076	93	0
5077	93	0
5078	93	0
5079	93	0
5080	93	0
5081	92	0
5082	93	0
5083	93	0
5084	92	0
5085	93	0
5086	93	0
5087	93	0
5088	93	0
5089	93	0
5090	93	0
5091	93	0
5092	93	0
5093	92	0
5094	92	0
5095	93	0
5096	93	0
5097	93	0
5098	93	0
5099	93	0
5100	93	0
5101	93	0
5102	92	0
5103	93	0
5104	92	0
5105	93	0
5106	91	0
5107	92	0
5108	92	0
5109	93	0
5110	92	0
5111	93	0
5112	93	0
5113	91	0
5114	92	0
5115	93	0
5116	93	0
5117	92	0
5118	93	0
5119	93	0
5120	93	0
5121	93	0
5122	92	0
5123	92	0
5124	93	0
5125	92	0
5126	92	0
5127	93	0
5128	92	0
5129	93	0
5130	93	0
5131	92	0
5132	93	0
5133	92	0
5134	92	0
5135	93	0
5136	92	0
5137	93	0
5138	93	0
5139	93	0
5140	93	0
5141	92	0
5142	93	0
5143	93	0
5144	92	0
5145	92	0
5146	93	0
5147	92	0
5148	92	0
5149	93	0
5150	92	0
5151	93	0
5152	93	0
5153	92	0
5154	93	0
5155	92	0
5156	92	0
5157	93	0
5158	92	0
5159	93	0
5160	93	0
5161	92	0
5162	92	0
5163	93	0
5164	93	0
5165	92	0
5166	93	0
5167	92	0
5168	92	0
5169	92	0
5170	92	0
5171	92	0
5172	93	0
5173	93	0
5174	92	0
5175	92	0
5176	91	0
5177	93	0
5178	92	0
5179	93	0
5180	92	0
5181	93	0
5182	93	0
5183	92	0
5184	93	0
5185	93	0
5186	93	0
5187	92	0
5188	92	0
5189	93	0
5190	92	0
5191	93	0
5192	92	0
5193	92	0
5194	93	0
5195	92	0
5196	93	0
5197	93	0
5198	92	0
5199	93	0
5200	93	0
5201	93	0
5202	92	0
5203	92	0
5204	93	0
5205	92	0
5206	93	0
5207	93	0
5208	92	0
5209	93	0
5210	92	0
5211	93	0
5212	93	0
5213	92	0
5214	93	0
5215	93	0
5216	93	0
5217	92	0
5218	92	0
5219	93	0
5220	92	0
5221	92	0
5222	93	0
5223	92	0
5224	93	0
5225	93	0
5226	92	0
5227	93	0
5228	93	0
5229	92	0
5230	92	0
5231	93	0
5232	92	0
5233	92	0
5234	93	0
5235	92	0
5236	93	0
5237	92	0
5238	92	0
5239	93	0
5240	92	0
5241	93	0
5242	93	0
5243	92	0
5244	93	0
5245	93	0
5246	92	0
5247	93	0
5248	93	0
5249	93	0
5250	92	0
5251	92	0
5252	93	0
5253	92	0
5254	92	0
5255	93	0
5256	92	0
5257	92	0
5258	93	0
5259	92	0
5260	92	0
5261	93	0
5262	92	0
5263	93	0
5264	93	0
5265	92	0
5266	93	0
5267	92	0
5268	93	0
5269	93	0
5270	93	0
5271	93	0
5272	93	0
5273	93	0
5274	92	0
5275	93	0
5276	92	0
5277	93	0
5278	93	0
5279	93	0
5280	93	0
5281	93	0
5282	93	0
5283	92	0
5284	92	0
5285	92	0
5286	91	0
5287	92	0
5288	93	0
5289	92	0
5290	92	0
5291	93	0
5292	93	0
5293	92	0
5294	92	0
5295	92	0
5296	93	0
5297	92	0
5298	92	0
5299	92	0
5300	93	0
5301	93	0
5302	92	0
5303	92	0
5304	92	0
5305	93	0
5306	92	0
5307	92	0
5308	93	0
5309	92	0
5310	92	0
5311	93	0
5312	92	0
5313	93	0
5314	92	0
5315	92	0
5316	92	0
5317	92	0
5318	92	0
5319	93	0
5320	92	0
5321	92	0
5322	92	0
5323	92	0
5324	93	0
5325	93	0
5326	92	0
5327	93	0
5328	93	0
5329	93	0
5330	92	0
5331	92	0
5332	93	0
5333	91	0
5334	92	0
5335	93	0
5336	93	0
5337	91	0
5338	93	0
5339	93	0
5340	92	0
5341	92	0
5342	93	0
5343	93	0
5344	93	0
5345	93	0
5346	92	0
5347	93	0
5348	92	0
5349	93	0
5350	92	0
5351	92	0
5352	93	0
5353	92	0
5354	92	0
5355	93	0
5356	92	0
5357	92	0
5358	93	0
5359	92	0
5360	93	0
5361	93	0
5362	92	0
5363	92	0
5364	93	0
5365	92	0
5366	92	0
5367	93	0
5368	92	0
5369	93	0
5370	93	0
5371	92	0
5372	92	0
5373	92	0
5374	93	0
5375	92	0
5376	92	0
5377	92	0
5378	92	0
5379	92	0
5380	93	0
5381	93	0
5382	92	0
5383	92	0
5384	92	0
5385	92	0
5386	93	0
5387	92	0
5388	92	0
5389	92	0
5390	91	0
5391	93	0
5392	93	0
5393	92	0
5394	92	0
5395	93	0
5396	92	0
5397	93	0
5398	92	0
5399	92	0
5400	93	0
5401	92	0
5402	93	0
5403	93	0
5404	92	0
5405	92	0
5406	92	0
5407	92	0
5408	92	0
5409	93	0
5410	92	0
5411	92	0
5412	92	0
5413	92	0
5414	92	0
5415	92	0
5416	93	0
5417	93	0
5418	92	0
5419	92	0
5420	91	0
5421	92	0
5422	92	0
5423	93	0
5424	92	0
5425	93	0
5426	92	0
5427	92	0
5428	93	0
5429	92	0
5430	92	0
5431	93	0
5432	92	0
5433	92	0
5434	92	0
5435	91	0
5436	93	0
5437	93	0
5438	92	0
5439	91	0
5440	93	0
5441	93	0
5442	92	0
5443	93	0
5444	92	0
5445	93	0
5446	93	0
5447	92	0
5448	92	0
5449	92	0
5450	93	0
5451	93	0
5452	93	0
5453	93	0
5454	92	0
5455	93	0
5456	92	0
5457	92	0
5458	92	0
5459	92	0
5460	92	0
5461	92	0
5462	92	0
5463	92	0
5464	92	0
5465	92	0
5466	92	0
5467	92	0
5468	92	0
5469	92	0
5470	93	0
5471	92	0
5472	92	0
5473	93	0
5474	92	0
5475	93	0
5476	93	0
5477	92	0
5478	93	0
5479	93	0
5480	92	0
5481	92	0
5482	92	0
5483	91	0
5484	93	0
5485	93	0
5486	93	0
5487	92	0
5488	92	0
5489	92	0
5490	92	0
5491	93	0
5492	93	0
5493	92	0
5494	92	0
5495	92	0
5496	93	0
5497	93	0
5498	93	0
5499	93	0
5500	92	0
5501	93	0
5502	93	0
5503	93	0
5504	92	0
5505	92	0
5506	92	0
5507	92	0
5508	92	0
5509	93	0
5510	93	0
5511	93	0
5512	92	0
5513	92	0
5514	92	0
5515	93	0
5516	92	0
5517	92	0
5518	92	0
5519	92	0
5520	93	0
5521	92	0
5522	92	0
5523	92	0
5524	93	0
5525	92	0
5526	92	0
5527	93	0
5528	91	0
5529	93	0
5530	92	0
5531	92	0
5532	92	0
5533	92	0
5534	92	0
5535	93	0
5536	92	0
5537	92	0
5538	92	0
5539	92	0
5540	92	0
5541	93	0
5542	92	0
5543	93	0
5544	93	0
5545	91	0
5546	92	0
5547	92	0
5548	92	0
5549	92	0
5550	92	0
5551	93	0
5552	92	0
5553	93	0
5554	93	0
5555	91	0
5556	92	0
5557	93	0
5558	93	0
5559	92	0
5560	92	0
5561	93	0
5562	92	0
5563	92	0
5564	93	0
5565	92	0
5566	92	0
5567	93	0
5568	92	0
5569	93	0
5570	93	0
5571	91	0
5572	93	0
5573	93	0
5574	93	0
5575	92	0
5576	92	0
5577	93	0
5578	92	0
5579	92	0
5580	92	0
5581	92	0
5582	92	0
5583	93	0
5584	92	0
5585	92	0
5586	92	0
5587	92	0
5588	92	0
5589	92	0
5590	92	0
5591	93	0
5592	92	0
5593	92	0
5594	92	0
5595	93	0
5596	93	0
5597	93	0
5598	92	0
5599	92	0
5600	93	0
5601	92	0
5602	92	0
5603	93	0
5604	92	0
5605	93	0
5606	93	0
5607	93	0
5608	93	0
5609	92	0
5610	93	0
5611	92	0
5612	93	0
5613	92	0
5614	92	0
5615	93	0
5616	92	0
5617	93	0
5618	93	0
5619	92	0
5620	93	0
5621	92	0
5622	92	0
5623	93	0
5624	92	0
5625	93	0
5626	93	0
5627	92	0
5628	93	0
5629	93	0
5630	93	0
5631	92	0
5632	91	0
5633	93	0
5634	92	0
5635	92	0
5636	92	0
5637	93	0
5638	93	0
5639	93	0
5640	92	0
5641	92	0
5642	92	0
5643	92	0
5644	92	0
5645	93	0
5646	92	0
5647	92	0
5648	93	0
5649	92	0
5650	92	0
5651	92	0
5652	91	0
5653	92	0
5654	92	0
5655	91	0
5656	91	0
5657	92	0
5658	93	0
5659	92	0
5660	92	0
5661	92	0
5662	92	0
5663	93	0
5664	92	0
5665	92	0
5666	93	0
5667	92	0
5668	92	0
5669	93	0
5670	92	0
5671	92	0
5672	93	0
5673	92	0
5674	92	0
5675	93	0
5676	92	0
5677	92	0
5678	92	0
5679	92	0
5680	92	0
5681	92	0
5682	92	0
5683	92	0
5684	91	0
5685	92	0
5686	93	0
5687	92	0
5688	91	0
5689	92	0
5690	93	0
5691	92	0
5692	92	0
5693	93	0
5694	93	0
5695	93	0
5696	93	0
5697	91	0
5698	92	0
5699	92	0
5700	92	0
5701	92	0
5702	92	0
5703	93	0
5704	93	0
5705	93	0
5706	93	0
5707	92	0
5708	92	0
5709	92	0
5710	92	0
5711	92	0
5712	92	0
5713	92	0
5714	91	0
5715	92	0
5716	92	0
5717	92	0
5718	91	0
5719	92	0
5720	93	0
5721	92	0
5722	91	0
5723	93	0
5724	92	0
5725	92	0
5726	92	0
5727	93	0
5728	92	0
5729	93	0
5730	100	0
5731	162	0
5732	157	0
5733	146	0
5734	137	0
5735	129	0
5736	108	0
5737	74	0
5738	66	0
5739	64	0
5740	64	0
5741	68	0
5742	72	0
5743	74	0
5744	77	0
5745	78	0
5746	81	0
5747	83	0
5748	84	0
5749	86	0
5750	86	0
5751	88	0
5752	88	0
5753	89	0
5754	89	0
5755	89	0
5756	90	0
5757	91	0
5758	91	0
5759	91	0
5760	91	0
5761	91	0
5762	92	0
5763	92	0
5764	92	0
5765	91	0
5766	92	0
5767	92	0
5768	92	0
5769	91	0
5770	92	0
5771	93	0
5772	93	0
5773	91	0
5774	93	0
5775	93	0
5776	93	0
5777	92	0
5778	93	0
5779	92	0
5780	93	0
5781	93	0
5782	93	0
5783	92	0
5784	93	0
5785	93	0
5786	92	0
5787	93	0
5788	93	0
5789	93	0
5790	93	0
5791	93	0
5792	93	0
5793	92	0
5794	93	0
5795	93	0
5796	93	0
5797	93	0
5798	92	0
5799	93	0
5800	92	0
5801	92	0
5802	93	0
5803	93	0
5804	93	0
5805	93	0
5806	93	0
5807	92	0
5808	92	0
5809	92	0
5810	93	0
5811	93	0
5812	92	0
5813	93	0
5814	93	0
5815	92	0
5816	93	0
5817	93	0
5818	92	0
5819	93	0
5820	93	0
5821	92	0
5822	93	0
5823	92	0
5824	93	0
5825	92	0
5826	93	0
5827	93	0
5828	92	0
5829	93	0
5830	93	0
5831	92	0
5832	92	0
5833	93	0
5834	92	0
5835	93	0
5836	93	0
5837	92	0
5838	93	0
5839	92	0
5840	92	0
5841	92	0
5842	92	0
5843	93	0
5844	93	0
5845	93	0
5846	92	0
5847	92	0
5848	93	0
5849	92	0
5850	92	0
5851	93	0
5852	92	0
5853	92	0
5854	93	0
5855	92	0
5856	93	0
5857	92	0
5858	92	0
5859	93	0
5860	92	0
5861	92	0
5862	93	0
5863	92	0
5864	93	0
5865	93	0
5866	92	0
5867	93	0
5868	93	0
5869	92	0
5870	92	0
5871	93	0
5872	92	0
5873	92	0
5874	93	0
5875	93	0
5876	92	0
5877	92	0
5878	92	0
5879	93	0
5880	92	0
5881	92	0
5882	92	0
5883	92	0
5884	92	0
5885	93	0
5886	93	0
5887	93	0
5888	93	0
5889	92	0
5890	92	0
5891	93	0
5892	93	0
5893	92	0
5894	93	0
5895	93	0
5896	92	0
5897	92	0
5898	92	0
5899	93	0
5900	92	0
5901	93	0
5902	93	0
5903	92	0
5904	93	0
5905	92	0
5906	92	0
5907	93	0
5908	92	0
5909	92	0
5910	93	0
5911	92	0
5912	92	0
5913	92	0
5914	92	0
5915	93	0
5916	93	0
5917	93	0
5918	93	0
5919	92	0
5920	93	0
5921	93	0
5922	93	0
5923	93	0
5924	92	0
5925	93	0
5926	92	0
5927	93	0
5928	93	0
5929	92	0
5930	93	0
5931	92	0
5932	93	0
5933	92	0
5934	93	0
5935	93	0
5936	92	0
5937	92	0
5938	93	0
5939	93	0
5940	92	0
5941	93	0
5942	92	0
5943	93	0
5944	92	0
5945	93	0
5946	93	0
5947	92	0
5948	93	0
5949	92	0
5950	92	0
5951	92	0
5952	93	0
5953	93	0
5954	92	0
5955	93	0
5956	93	0
5957	92	0
5958	92	0
5959	92	0
5960	93	0
5961	92	0
5962	93	0
5963	92	0
5964	92	0
5965	93	0
5966	92	0
5967	92	0
5968	93	0
5969	93	0
5970	92	0
5971	93	0
5972	92	0
5973	92	0
5974	93	0
5975	92	0
5976	93	0
5977	93	0
5978	92	0
5979	93	0
5980	92	0
5981	93	0
5982	93	0
5983	92	0
5984	92	0
5985	92	0
5986	92	0
5987	92	0
5988	93	0
5989	93	0
5990	93	0
5991	93	0
5992	93	0
5993	93	0
5994	92	0
5995	92	0
5996	92	0
5997	93	0
5998	92	0
5999	92	0
6000	92	0
6001	92	0
6002	93	0
6003	93	0
6004	92	0
6005	93	0
6006	93	0
6007	93	0
6008	93	0
6009	92	0
6010	93	0
6011	93	0
6012	92	0
6013	93	0
6014	93	0
6015	92	0
6016	93	0
6017	93	0
6018	93	0
6019	93	0
6020	93	0
6021	93	0
6022	92	0
6023	92	0
6024	93	0
6025	92	0
6026	92	0
6027	93	0
6028	92	0
6029	92	0
6030	93	0
6031	92	0
6032	93	0
6033	93	0
6034	92	0
6035	93	0
6036	92	0
6037	93	0
6038	92	0
6039	92	0
6040	93	0
6041	92	0
6042	93	0
6043	93	0
6044	93	0
6045	93	0
6046	93	0
6047	93	0
6048	92	0
6049	92	0
6050	92	0
6051	92	0
6052	92	0
6053	93	0
6054	92	0
6055	93	0
6056	92	0
6057	92	0
6058	93	0
6059	93	0
6060	92	0
6061	93	0
6062	91	0
6063	92	0
6064	93	0
6065	92	0
6066	92	0
6067	93	0
6068	92	0
6069	93	0
6070	93	0
6071	92	0
6072	93	0
6073	93	0
6074	92	0
6075	93	0
6076	92	0
6077	93	0
6078	92	0
6079	92	0
6080	93	0
6081	92	0
6082	93	0
6083	93	0
6084	91	0
6085	92	0
6086	92	0
6087	92	0
6088	92	0
6089	93	0
6090	93	0
6091	92	0
6092	92	0
6093	92	0
6094	92	0
6095	92	0
6096	92	0
6097	93	0
6098	93	0
6099	93	0
6100	92	0
6101	92	0
6102	92	0
6103	92	0
6104	93	0
6105	92	0
6106	91	0
6107	92	0
6108	92	0
6109	93	0
6110	92	0
6111	93	0
6112	92	0
6113	92	0
6114	92	0
6115	93	0
6116	92	0
6117	93	0
6118	93	0
6119	92	0
6120	92	0
6121	92	0
6122	92	0
6123	93	0
6124	93	0
6125	92	0
6126	93	0
6127	92	0
6128	92	0
6129	92	0
6130	92	0
6131	93	0
6132	93	0
6133	93	0
6134	92	0
6135	92	0
6136	93	0
6137	93	0
6138	93	0
6139	92	0
6140	92	0
6141	92	0
6142	92	0
6143	92	0
6144	93	0
6145	92	0
6146	92	0
6147	93	0
6148	92	0
6149	92	0
6150	92	0
6151	92	0
6152	92	0
6153	92	0
6154	92	0
6155	93	0
6156	92	0
6157	93	0
6158	92	0
6159	92	0
6160	93	0
6161	92	0
6162	92	0
6163	93	0
6164	93	0
6165	92	0
6166	93	0
6167	93	0
6168	92	0
6169	92	0
6170	93	0
6171	93	0
6172	92	0
6173	93	0
6174	93	0
6175	92	0
6176	93	0
6177	92	0
6178	92	0
6179	93	0
6180	92	0
6181	93	0
6182	93	0
6183	92	0
6184	92	0
6185	93	0
6186	92	0
6187	92	0
6188	93	0
6189	91	0
6190	93	0
6191	93	0
6192	92	0
6193	91	0
6194	93	0
6195	92	0
6196	93	0
6197	91	0
6198	93	0
6199	93	0
6200	92	0
6201	92	0
6202	93	0
6203	93	0
6204	93	0
6205	92	0
6206	92	0
6207	93	0
6208	93	0
6209	92	0
6210	93	0
6211	92	0
6212	93	0
6213	93	0
6214	93	0
6215	93	0
6216	93	0
6217	93	0
6218	93	0
6219	93	0
6220	92	0
6221	93	0
6222	92	0
6223	93	0
6224	92	0
6225	92	0
6226	92	0
6227	92	0
6228	92	0
6229	93	0
6230	92	0
6231	92	0
6232	93	0
6233	92	0
6234	93	0
6235	93	0
6236	93	0
6237	93	0
6238	92	0
6239	93	0
6240	93	0
6241	92	0
6242	92	0
6243	92	0
6244	92	0
6245	92	0
6246	92	0
6247	93	0
6248	92	0
6249	92	0
6250	92	0
6251	92	0
6252	92	0
6253	93	0
6254	93	0
6255	92	0
6256	93	0
6257	92	0
6258	92	0
6259	92	0
6260	92	0
6261	92	0
6262	93	0
6263	92	0
6264	93	0
6265	92	0
6266	92	0
6267	93	0
6268	93	0
6269	92	0
6270	92	0
6271	92	0
6272	92	0
6273	92	0
6274	93	0
6275	92	0
6276	93	0
6277	93	0
6278	92	0
6279	93	0
6280	93	0
6281	92	0
6282	92	0
6283	93	0
6284	93	0
6285	92	0
6286	93	0
6287	92	0
6288	92	0
6289	92	0
6290	92	0
6291	93	0
6292	93	0
6293	92	0
6294	93	0
6295	92	0
6296	93	0
6297	92	0
6298	92	0
6299	93	0
6300	92	0
6301	93	0
6302	93	0
6303	92	0
6304	93	0
6305	92	0
6306	92	0
6307	92	0
6308	92	0
6309	93	0
6310	93	0
6311	92	0
6312	92	0
6313	92	0
6314	93	0
6315	92	0
6316	92	0
6317	92	0
6318	92	0
6319	93	0
6320	93	0
6321	92	0
6322	92	0
6323	92	0
6324	92	0
6325	92	0
6326	93	0
6327	93	0
6328	92	0
6329	93	0
6330	92	0
6331	93	0
6332	93	0
6333	92	0
6334	93	0
6335	92	0
6336	92	0
6337	92	0
6338	92	0
6339	92	0
6340	93	0
6341	92	0
6342	91	0
6343	92	0
6344	93	0
6345	93	0
6346	92	0
6347	93	0
6348	92	0
6349	92	0
6350	92	0
6351	92	0
6352	93	0
6353	93	0
6354	93	0
6355	92	0
6356	92	0
6357	92	0
6358	92	0
6359	92	0
6360	93	0
6361	92	0
6362	92	0
6363	92	0
6364	93	0
6365	93	0
6366	93	0
6367	93	0
6368	92	0
6369	92	0
6370	93	0
6371	92	0
6372	92	0
6373	93	0
6374	92	0
6375	93	0
6376	93	0
6377	92	0
6378	92	0
6379	92	0
6380	92	0
6381	92	0
6382	93	0
6383	92	0
6384	93	0
6385	92	0
6386	91	0
6387	92	0
6388	92	0
6389	93	0
6390	93	0
6391	92	0
6392	93	0
6393	92	0
6394	92	0
6395	92	0
6396	92	0
6397	92	0
6398	92	0
6399	92	0
6400	92	0
6401	92	0
6402	93	0
6403	93	0
6404	92	0
6405	92	0
6406	91	0
6407	92	0
6408	93	0
6409	92	0
6410	91	0
6411	93	0
6412	92	0
6413	93	0
6414	92	0
6415	93	0
6416	93	0
6417	92	0
6418	93	0
6419	92	0
6420	92	0
6421	92	0
6422	92	0
6423	93	0
6424	92	0
6425	93	0
6426	92	0
6427	92	0
6428	93	0
6429	92	0
6430	93	0
6431	93	0
6432	92	0
6433	93	0
6434	93	0
6435	93	0
6436	92	0
6437	93	0
6438	93	0
6439	92	0
6440	92	0
6441	92	0
6442	93	0
6443	92	0
6444	92	0
6445	92	0
6446	92	0
6447	92	0
6448	92	0
6449	92	0
6450	92	0
6451	93	0
6452	92	0
6453	93	0
6454	93	0
6455	91	0
6456	92	0
6457	93	0
6458	92	0
6459	92	0
6460	92	0
6461	93	0
6462	92	0
6463	92	0
6464	92	0
6465	92	0
6466	92	0
6467	93	0
6468	92	0
6469	93	0
6470	92	0
6471	92	0
6472	93	0
6473	92	0
6474	92	0
6475	93	0
6476	92	0
6477	92	0
6478	92	0
6479	92	0
6480	93	0
6481	93	0
6482	93	0
6483	92	0
6484	93	0
6485	92	0
6486	92	0
6487	92	0
6488	93	0
6489	93	0
6490	93	0
6491	93	0
6492	92	0
6493	93	0
6494	92	0
6495	92	0
6496	93	0
6497	92	0
6498	92	0
6499	93	0
6500	92	0
6501	92	0
6502	92	0
6503	92	0
6504	92	0
6505	93	0
6506	92	0
6507	91	0
6508	93	0
6509	92	0
6510	93	0
6511	92	0
6512	92	0
6513	92	0
6514	92	0
6515	93	0
6516	93	0
6517	93	0
6518	93	0
6519	92	0
6520	93	0
6521	92	0
6522	92	0
6523	93	0
6524	92	0
6525	93	0
6526	92	0
6527	92	0
6528	93	0
6529	92	0
6530	92	0
6531	92	0
6532	91	0
6533	93	0
6534	93	0
6535	92	0
6536	91	0
6537	93	0
6538	92	0
6539	92	0
6540	93	0
6541	93	0
6542	92	0
6543	92	0
6544	92	0
6545	93	0
6546	93	0
6547	93	0
6548	92	0
6549	93	0
6550	93	0
6551	93	0
6552	92	0
6553	93	0
6554	92	0
6555	92	0
6556	92	0
6557	92	0
6558	93	0
6559	93	0
6560	92	0
6561	93	0
6562	92	0
6563	93	0
6564	92	0
6565	93	0
6566	93	0
6567	91	0
6568	92	0
6569	92	0
6570	92	0
6571	91	0
6572	92	0
6573	93	0
6574	92	0
6575	91	0
6576	93	0
6577	92	0
6578	92	0
6579	93	0
6580	93	0
6581	92	0
6582	93	0
6583	92	0
6584	92	0
6585	92	0
6586	93	0
6587	92	0
6588	93	0
6589	92	0
6590	92	0
6591	92	0
6592	93	0
6593	92	0
6594	92	0
6595	92	0
6596	91	0
6597	92	0
6598	93	0
6599	92	0
6600	91	0
6601	93	0
6602	92	0
6603	92	0
6604	92	0
6605	93	0
6606	93	0
6607	93	0
6608	92	0
6609	92	0
6610	93	0
6611	92	0
6612	92	0
6613	93	0
6614	93	0
6615	93	0
6616	93	0
6617	92	0
6618	93	0
6619	92	0
6620	92	0
6621	92	0
6622	92	0
6623	93	0
6624	93	0
6625	92	0
6626	93	0
6627	91	0
6628	92	0
6629	92	0
6630	92	0
6631	92	0
6632	93	0
6633	93	0
6634	92	0
6635	92	0
6636	92	0
6637	92	0
6638	92	0
6639	92	0
6640	92	0
6641	92	0
6642	92	0
6643	92	0
6644	92	0
6645	92	0
6646	92	0
6647	92	0
6648	93	0
6649	92	0
6650	92	0
6651	92	0
6652	92	0
6653	92	0
6654	92	0
6655	92	0
6656	92	0
6657	93	0
6658	92	0
6659	92	0
6660	92	0
6661	92	0
6662	92	0
6663	93	0
6664	93	0
6665	93	0
6666	92	0
6667	92	0
6668	92	0
6669	92	0
6670	93	0
6671	92	0
6672	93	0
6673	92	0
6674	91	0
6675	92	0
6676	92	0
6677	92	0
6678	91	0
6679	92	0
6680	93	0
6681	103	0
6682	162	0
6683	156	0
6684	146	0
6685	136	0
6686	129	0
6687	105	0
6688	70	0
6689	65	0
6690	63	0
6691	64	0
6692	68	0
6693	73	0
6694	74	0
6695	78	0
6696	81	0
6697	81	0
6698	83	0
6699	84	0
6700	86	0
6701	87	0
6702	86	0
6703	88	0
6704	89	0
6705	89	0
6706	89	0
6707	90	0
6708	91	0
6709	91	0
6710	91	0
6711	90	0
6712	92	0
6713	91	0
6714	91	0
6715	91	0
6716	92	0
6717	92	0
6718	93	0
6719	91	0
6720	91	0
6721	93	0
6722	93	0
6723	93	0
6724	93	0
6725	92	0
6726	93	0
6727	93	0
6728	91	0
6729	93	0
6730	93	0
6731	92	0
6732	93	0
6733	93	0
6734	93	0
6735	92	0
6736	93	0
6737	93	0
6738	92	0
6739	92	0
6740	93	0
6741	93	0
6742	93	0
6743	93	0
6744	93	0
6745	92	0
6746	92	0
6747	93	0
6748	92	0
6749	93	0
6750	93	0
6751	92	0
6752	93	0
6753	93	0
6754	93	0
6755	93	0
6756	93	0
6757	93	0
6758	93	0
6759	92	0
6760	92	0
6761	92	0
6762	92	0
6763	92	0
6764	92	0
6765	93	0
6766	92	0
6767	93	0
6768	92	0
6769	92	0
6770	92	0
6771	93	0
6772	93	0
6773	93	0
6774	93	0
6775	92	0
6776	93	0
6777	93	0
6778	92	0
6779	93	0
6780	92	0
6781	92	0
6782	93	0
6783	92	0
6784	93	0
6785	93	0
6786	92	0
6787	93	0
6788	92	0
6789	92	0
6790	92	0
6791	92	0
6792	92	0
6793	92	0
6794	92	0
6795	92	0
6796	92	0
6797	93	0
6798	92	0
6799	92	0
6800	93	0
6801	92	0
6802	93	0
6803	93	0
6804	92	0
6805	92	0
6806	92	0
6807	92	0
6808	92	0
6809	93	0
6810	92	0
6811	93	0
6812	93	0
6813	92	0
6814	92	0
6815	93	0
6816	92	0
6817	93	0
6818	93	0
6819	91	0
6820	93	0
6821	93	0
6822	92	0
6823	92	0
6824	93	0
6825	93	0
6826	92	0
6827	93	0
6828	92	0
6829	93	0
6830	92	0
6831	92	0
6832	93	0
6833	92	0
6834	92	0
6835	93	0
6836	92	0
6837	93	0
6838	92	0
6839	92	0
6840	93	0
6841	92	0
6842	93	0
6843	93	0
6844	92	0
6845	92	0
6846	92	0
6847	93	0
6848	92	0
6849	93	0
6850	93	0
6851	91	0
6852	93	0
6853	93	0
6854	92	0
6855	92	0
6856	92	0
6857	93	0
6858	92	0
6859	93	0
6860	93	0
6861	91	0
6862	92	0
6863	92	0
6864	92	0
6865	92	0
6866	93	0
6867	93	0
6868	92	0
6869	93	0
6870	93	0
6871	93	0
6872	93	0
6873	92	0
6874	92	0
6875	93	0
6876	92	0
6877	93	0
6878	93	0
6879	92	0
6880	93	0
6881	93	0
6882	93	0
6883	92	0
6884	92	0
6885	93	0
6886	92	0
6887	92	0
6888	93	0
6889	92	0
6890	93	0
6891	93	0
6892	92	0
6893	93	0
6894	92	0
6895	93	0
6896	93	0
6897	92	0
6898	93	0
6899	93	0
6900	93	0
6901	93	0
6902	93	0
6903	93	0
6904	92	0
6905	93	0
6906	93	0
6907	92	0
6908	93	0
6909	93	0
6910	92	0
6911	92	0
6912	92	0
6913	92	0
6914	92	0
6915	93	0
6916	92	0
6917	93	0
6918	93	0
6919	92	0
6920	93	0
6921	93	0
6922	93	0
6923	93	0
6924	92	0
6925	92	0
6926	92	0
6927	92	0
6928	92	0
6929	93	0
6930	93	0
6931	93	0
6932	92	0
6933	92	0
6934	92	0
6935	92	0
6936	93	0
6937	93	0
6938	92	0
6939	93	0
6940	92	0
6941	93	0
6942	93	0
6943	93	0
6944	93	0
6945	93	0
6946	92	0
6947	93	0
6948	92	0
6949	92	0
6950	92	0
6951	92	0
6952	93	0
6953	93	0
6954	92	0
6955	92	0
6956	92	0
6957	93	0
6958	92	0
6959	93	0
6960	92	0
6961	92	0
6962	93	0
6963	92	0
6964	93	0
6965	93	0
6966	92	0
6967	93	0
6968	93	0
6969	93	0
6970	93	0
6971	93	0
6972	93	0
6973	92	0
6974	93	0
6975	93	0
6976	92	0
6977	93	0
6978	92	0
6979	92	0
6980	92	0
6981	92	0
6982	93	0
6983	93	0
6984	93	0
6985	93	0
6986	92	0
6987	92	0
6988	92	0
6989	92	0
6990	93	0
6991	93	0
6992	93	0
6993	93	0
6994	92	0
6995	93	0
6996	93	0
6997	92	0
6998	92	0
6999	93	0
7000	92	0
7001	92	0
7002	93	0
7003	92	0
7004	93	0
7005	92	0
7006	91	0
7007	93	0
7008	92	0
7009	93	0
7010	91	0
7011	93	0
7012	92	0
7013	92	0
7014	92	0
7015	92	0
7016	93	0
7017	93	0
7018	93	0
7019	92	0
7020	92	0
7021	93	0
7022	92	0
7023	92	0
7024	93	0
7025	92	0
7026	93	0
7027	93	0
7028	92	0
7029	93	0
7030	92	0
7031	93	0
7032	93	0
7033	92	0
7034	93	0
7035	92	0
7036	93	0
7037	92	0
7038	92	0
7039	92	0
7040	93	0
7041	93	0
7042	92	0
7043	93	0
7044	92	0
7045	93	0
7046	93	0
7047	93	0
7048	93	0
7049	93	0
7050	93	0
7051	93	0
7052	92	0
7053	92	0
7054	93	0
7055	92	0
7056	92	0
7057	93	0
7058	92	0
7059	93	0
7060	93	0
7061	92	0
7062	93	0
7063	93	0
7064	93	0
7065	93	0
7066	93	0
7067	93	0
7068	92	0
7069	93	0
7070	92	0
7071	92	0
7072	92	0
7073	91	0
7074	93	0
7075	93	0
7076	93	0
7077	92	0
7078	93	0
7079	93	0
7080	93	0
7081	92	0
7082	93	0
7083	93	0
7084	93	0
7085	93	0
7086	93	0
7087	93	0
7088	93	0
7089	93	0
7090	92	0
7091	92	0
7092	92	0
7093	92	0
7094	93	0
7095	93	0
7096	93	0
7097	92	0
7098	92	0
7099	92	0
7100	92	0
7101	92	0
7102	93	0
7103	93	0
7104	92	0
7105	93	0
7106	93	0
7107	92	0
7108	92	0
7109	93	0
7110	93	0
7111	93	0
7112	93	0
7113	92	0
7114	92	0
7115	93	0
7116	93	0
7117	93	0
7118	93	0
7119	92	0
7120	93	0
7121	93	0
7122	92	0
7123	93	0
7124	92	0
7125	93	0
7126	93	0
7127	92	0
7128	92	0
7129	92	0
7130	92	0
7131	93	0
7132	93	0
7133	92	0
7134	93	0
7135	92	0
7136	93	0
7137	92	0
7138	92	0
7139	93	0
7140	92	0
7141	92	0
7142	93	0
7143	93	0
7144	93	0
7145	93	0
7146	93	0
7147	93	0
7148	93	0
7149	93	0
7150	93	0
7151	92	0
7152	92	0
7153	93	0
7154	92	0
7155	92	0
7156	93	0
7157	92	0
7158	92	0
7159	93	0
7160	91	0
7161	93	0
7162	92	0
7163	91	0
7164	93	0
7165	92	0
7166	93	0
7167	92	0
7168	93	0
7169	93	0
7170	92	0
7171	92	0
7172	92	0
7173	92	0
7174	93	0
7175	93	0
7176	92	0
7177	92	0
7178	92	0
7179	92	0
7180	92	0
7181	93	0
7182	92	0
7183	93	0
7184	92	0
7185	91	0
7186	92	0
7187	92	0
7188	92	0
7189	92	0
7190	93	0
7191	93	0
7192	92	0
7193	93	0
7194	92	0
7195	92	0
7196	93	0
7197	92	0
7198	93	0
7199	93	0
7200	92	0
7201	93	0
7202	93	0
7203	92	0
7204	92	0
7205	93	0
7206	93	0
7207	93	0
7208	93	0
7209	91	0
7210	93	0
7211	93	0
7212	92	0
7213	92	0
7214	92	0
7215	93	0
7216	92	0
7217	93	0
7218	92	0
7219	92	0
7220	93	0
7221	93	0
7222	93	0
7223	93	0
7224	91	0
7225	93	0
7226	93	0
7227	92	0
7228	92	0
7229	93	0
7230	92	0
7231	92	0
7232	93	0
7233	92	0
7234	93	0
7235	93	0
7236	92	0
7237	93	0
7238	93	0
7239	92	0
7240	93	0
7241	93	0
7242	92	0
7243	93	0
7244	93	0
7245	93	0
7246	93	0
7247	92	0
7248	92	0
7249	93	0
7250	93	0
7251	92	0
7252	92	0
7253	92	0
7254	93	0
7255	92	0
7256	93	0
7257	92	0
7258	92	0
7259	93	0
7260	93	0
7261	92	0
7262	93	0
7263	93	0
7264	92	0
7265	92	0
7266	93	0
7267	93	0
7268	93	0
7269	92	0
7270	92	0
7271	93	0
7272	92	0
7273	93	0
7274	93	0
7275	92	0
7276	92	0
7277	92	0
7278	92	0
7279	92	0
7280	93	0
7281	92	0
7282	92	0
7283	93	0
7284	92	0
7285	92	0
7286	93	0
7287	92	0
7288	92	0
7289	92	0
7290	92	0
7291	93	0
7292	93	0
7293	92	0
7294	92	0
7295	92	0
7296	93	0
7297	92	0
7298	92	0
7299	92	0
7300	91	0
7301	93	0
7302	92	0
7303	92	0
7304	91	0
7305	92	0
7306	93	0
7307	93	0
7308	92	0
7309	92	0
7310	93	0
7311	92	0
7312	93	0
7313	92	0
7314	92	0
7315	93	0
7316	92	0
7317	92	0
7318	92	0
7319	92	0
7320	93	0
7321	93	0
7322	92	0
7323	92	0
7324	92	0
7325	92	0
7326	92	0
7327	93	0
7328	92	0
7329	92	0
7330	92	0
7331	92	0
7332	93	0
7333	92	0
7334	93	0
7335	92	0
7336	92	0
7337	92	0
7338	92	0
7339	92	0
7340	93	0
7341	93	0
7342	92	0
7343	92	0
7344	92	0
7345	93	0
7346	93	0
7347	92	0
7348	92	0
7349	91	0
7350	92	0
7351	92	0
7352	93	0
7353	91	0
7354	92	0
7355	93	0
7356	92	0
7357	91	0
7358	93	0
7359	92	0
7360	92	0
7361	91	0
7362	92	0
7363	93	0
7364	93	0
7365	92	0
7366	93	0
7367	92	0
7368	92	0
7369	92	0
7370	93	0
7371	93	0
7372	93	0
7373	92	0
7374	92	0
7375	92	0
7376	93	0
7377	93	0
7378	93	0
7379	92	0
7380	91	0
7381	93	0
7382	92	0
7383	92	0
7384	92	0
7385	93	0
7386	92	0
7387	92	0
7388	93	0
7389	92	0
7390	93	0
7391	92	0
7392	92	0
7393	92	0
7394	92	0
7395	93	0
7396	93	0
7397	92	0
7398	92	0
7399	92	0
7400	92	0
7401	92	0
7402	92	0
7403	92	0
7404	93	0
7405	93	0
7406	92	0
7407	93	0
7408	93	0
7409	92	0
7410	93	0
7411	92	0
7412	93	0
7413	92	0
7414	92	0
7415	93	0
7416	93	0
7417	92	0
7418	92	0
7419	92	0
7420	93	0
7421	92	0
7422	92	0
7423	93	0
7424	92	0
7425	93	0
7426	93	0
7427	92	0
7428	92	0
7429	92	0
7430	93	0
7431	92	0
7432	92	0
7433	92	0
7434	92	0
7435	92	0
7436	93	0
7437	92	0
7438	92	0
7439	92	0
7440	92	0
7441	92	0
7442	92	0
7443	93	0
7444	92	0
7445	93	0
7446	92	0
7447	92	0
7448	93	0
7449	92	0
7450	92	0
7451	93	0
7452	92	0
7453	92	0
7454	93	0
7455	92	0
7456	93	0
7457	93	0
7458	92	0
7459	93	0
7460	93	0
7461	93	0
7462	92	0
7463	92	0
7464	92	0
7465	92	0
7466	92	0
7467	93	0
7468	93	0
7469	92	0
7470	92	0
7471	92	0
7472	92	0
7473	92	0
7474	92	0
7475	93	0
7476	92	0
7477	92	0
7478	92	0
7479	92	0
7480	92	0
7481	92	0
7482	92	0
7483	92	0
7484	93	0
7485	93	0
7486	92	0
7487	93	0
7488	92	0
7489	93	0
7490	92	0
7491	92	0
7492	92	0
7493	92	0
7494	92	0
7495	92	0
7496	92	0
7497	92	0
7498	93	0
7499	92	0
7500	92	0
7501	93	0
7502	92	0
7503	92	0
7504	93	0
7505	92	0
7506	92	0
7507	93	0
7508	92	0
7509	92	0
7510	93	0
7511	91	0
7512	93	0
7513	93	0
7514	92	0
7515	91	0
7516	93	0
7517	93	0
7518	92	0
7519	93	0
7520	93	0
7521	92	0
7522	92	0
7523	92	0
7524	92	0
7525	92	0
7526	93	0
7527	93	0
7528	92	0
7529	92	0
7530	92	0
7531	92	0
7532	92	0
7533	92	0
7534	93	0
7535	92	0
7536	92	0
7537	92	0
7538	92	0
7539	92	0
7540	93	0
7541	92	0
7542	92	0
7543	92	0
7544	91	0
7545	93	0
7546	92	0
7547	92	0
7548	91	0
7549	93	0
7550	93	0
7551	93	0
7552	91	0
7553	93	0
7554	93	0
7555	92	0
7556	92	0
7557	93	0
7558	93	0
7559	92	0
7560	92	0
7561	92	0
7562	92	0
7563	92	0
7564	93	0
7565	92	0
7566	91	0
7567	92	0
7568	92	0
7569	92	0
7570	92	0
7571	92	0
7572	93	0
7573	91	0
7574	92	0
7575	93	0
7576	92	0
7577	92	0
7578	92	0
7579	92	0
7580	92	0
7581	93	0
7582	93	0
7583	92	0
7584	92	0
7585	92	0
7586	92	0
7587	93	0
7588	93	0
7589	93	0
7590	92	0
7591	93	0
7592	93	0
7593	92	0
7594	93	0
7595	93	0
7596	92	0
7597	93	0
7598	92	0
7599	92	0
7600	92	0
7601	92	0
7602	93	0
7603	92	0
7604	92	0
7605	93	0
7606	92	0
7607	92	0
7608	93	0
7609	93	0
7610	93	0
7611	92	0
7612	93	0
7613	93	0
7614	92	0
7615	92	0
7616	92	0
7617	92	0
7618	92	0
7619	93	0
7620	92	0
7621	93	0
7622	93	0
7623	91	0
7624	93	0
7625	92	0
7626	93	0
7627	91	0
7628	93	0
7629	93	0
7630	92	0
7631	92	0
7632	92	0
7633	92	0
7634	92	0
7635	92	0
7636	92	0
7637	104	0
7638	162	0
7639	156	0
7640	145	0
7641	136	0
7642	129	0
7643	107	0
7644	72	0
7645	59	0
7646	60	0
7647	63	0
7648	68	0
7649	71	0
7650	75	0
7651	77	0
7652	80	0
7653	82	0
7654	83	0
7655	85	0
7656	86	0
7657	86	0
7658	87	0
7659	88	0
7660	89	0
7661	89	0
7662	89	0
7663	90	0
7664	91	0
7665	91	0
7666	91	0
7667	91	0
7668	91	0
7669	91	0
7670	92	0
7671	91	0
7672	92	0
7673	92	0
7674	92	0
7675	92	0
7676	93	0
7677	93	0
7678	92	0
7679	92	0
7680	92	0
7681	92	0
7682	93	0
7683	93	0
7684	93	0
7685	92	0
7686	92	0
7687	92	0
7688	92	0
7689	92	0
7690	93	0
7691	92	0
7692	92	0
7693	92	0
7694	93	0
7695	92	0
7696	93	0
7697	93	0
7698	92	0
7699	93	0
7700	93	0
7701	92	0
7702	93	0
7703	93	0
7704	92	0
7705	93	0
7706	92	0
7707	93	0
7708	93	0
7709	93	0
7710	92	0
7711	93	0
7712	93	0
7713	93	0
7714	92	0
7715	93	0
7716	93	0
7717	93	0
7718	92	0
7719	92	0
7720	93	0
7721	92	0
7722	93	0
7723	93	0
7724	92	0
7725	92	0
7726	92	0
7727	93	0
7728	93	0
7729	93	0
7730	93	0
7731	92	0
7732	93	0
7733	93	0
7734	93	0
7735	93	0
7736	93	0
7737	93	0
7738	93	0
7739	92	0
7740	93	0
7741	92	0
7742	93	0
7743	93	0
7744	93	0
7745	92	0
7746	92	0
7747	93	0
7748	92	0
7749	93	0
7750	93	0
7751	92	0
7752	92	0
7753	92	0
7754	92	0
7755	92	0
7756	93	0
7757	92	0
7758	93	0
7759	92	0
7760	92	0
7761	93	0
7762	92	0
7763	93	0
7764	93	0
7765	93	0
7766	93	0
7767	92	0
7768	92	0
7769	93	0
7770	92	0
7771	93	0
7772	93	0
7773	93	0
7774	93	0
7775	93	0
7776	92	0
7777	92	0
7778	93	0
7779	93	0
7780	92	0
7781	93	0
7782	92	0
7783	92	0
7784	92	0
7785	93	0
7786	92	0
7787	93	0
7788	92	0
7789	92	0
7790	93	0
7791	92	0
7792	92	0
7793	92	0
7794	92	0
7795	93	0
7796	93	0
7797	93	0
7798	93	0
7799	92	0
7800	93	0
7801	92	0
7802	92	0
7803	93	0
7804	93	0
7805	93	0
7806	93	0
7807	92	0
7808	93	0
7809	93	0
7810	92	0
7811	93	0
7812	93	0
7813	92	0
7814	93	0
7815	92	0
7816	93	0
7817	93	0
7818	92	0
7819	93	0
7820	92	0
7821	93	0
7822	92	0
7823	92	0
7824	93	0
7825	93	0
7826	93	0
7827	93	0
7828	92	0
7829	92	0
7830	93	0
7831	93	0
7832	92	0
7833	93	0
7834	92	0
7835	92	0
7836	92	0
7837	92	0
7838	93	0
7839	93	0
7840	93	0
7841	92	0
7842	93	0
7843	93	0
7844	93	0
7845	92	0
7846	93	0
7847	93	0
7848	93	0
7849	92	0
7850	93	0
7851	93	0
7852	92	0
7853	93	0
7854	92	0
7855	93	0
7856	93	0
7857	93	0
7858	93	0
7859	93	0
7860	93	0
7861	93	0
7862	93	0
7863	93	0
7864	93	0
7865	92	0
7866	93	0
7867	93	0
7868	93	0
7869	93	0
7870	93	0
7871	92	0
7872	93	0
7873	93	0
7874	92	0
7875	92	0
7876	92	0
7877	93	0
7878	92	0
7879	92	0
7880	92	0
7881	91	0
7882	92	0
7883	93	0
7884	92	0
7885	92	0
7886	93	0
7887	93	0
7888	93	0
7889	93	0
7890	92	0
7891	93	0
7892	92	0
7893	92	0
7894	93	0
7895	92	0
7896	93	0
7897	93	0
7898	92	0
7899	93	0
7900	92	0
7901	93	0
7902	93	0
7903	92	0
7904	93	0
7905	93	0
7906	92	0
7907	93	0
7908	92	0
7909	93	0
7910	92	0
7911	93	0
7912	93	0
7913	92	0
7914	92	0
7915	92	0
7916	92	0
7917	93	0
7918	92	0
7919	93	0
7920	93	0
7921	92	0
7922	92	0
7923	93	0
7924	93	0
7925	93	0
7926	92	0
7927	93	0
7928	93	0
7929	93	0
7930	92	0
7931	92	0
7932	93	0
7933	93	0
7934	93	0
7935	93	0
7936	93	0
7937	92	0
7938	92	0
7939	93	0
7940	92	0
7941	93	0
7942	93	0
7943	93	0
7944	93	0
7945	93	0
7946	93	0
7947	93	0
7948	93	0
7949	93	0
7950	93	0
7951	92	0
7952	93	0
7953	92	0
7954	93	0
7955	93	0
7956	93	0
7957	93	0
7958	93	0
7959	93	0
7960	92	0
7961	92	0
7962	92	0
7963	92	0
7964	93	0
7965	93	0
7966	92	0
7967	93	0
7968	91	0
7969	92	0
7970	92	0
7971	92	0
7972	92	0
7973	93	0
7974	93	0
7975	93	0
7976	93	0
7977	92	0
7978	93	0
7979	93	0
7980	92	0
7981	92	0
7982	93	0
7983	93	0
7984	93	0
7985	93	0
7986	92	0
7987	93	0
7988	92	0
7989	92	0
7990	92	0
7991	92	0
7992	93	0
7993	93	0
7994	93	0
7995	93	0
7996	92	0
7997	92	0
7998	92	0
7999	93	0
